2.199734933279553672e+02 6.148073454113587299e-01 1.439855018878917292e+01
2.199881561404098420e+02 6.544306633950679464e-01 1.405592192979507615e+01
2.200000022408210327e+02 6.549729420859803364e-01 1.402213819143334206e+01
2.199995518357926301e+02 6.115155793082585056e-01 1.379942298858301619e+01
2.201259789586904674e+02 5.004179131233683631e-01 1.371494291508408736e+01
2.202190346542973316e+02 4.788903454225628131e-01 1.346444825384020660e+01
2.203337983036984724e+02 4.553628449463883454e-01 1.355155008795222571e+01
2.203780668436915278e+02 4.841641177327372647e-01 1.338672201494627600e+01
2.204833473384648244e+02 4.842470281110999308e-01 1.334866839209886535e+01
2.205312202390956031e+02 5.104299015159153852e-01 1.351721062597335710e+01
2.205255812129564390e+02 5.316829686397095411e-01 1.347726238893930706e+01
2.204111738541001557e+02 5.375427156510145243e-01 1.351996795625917258e+01
2.202832431402866007e+02 5.297424176218166192e-01 1.359531780444354787e+01
2.201217068333837403e+02 5.396221975731908538e-01 1.347875253492879821e+01
2.200779055045768757e+02 5.456231163098159698e-01 1.336636415582669457e+01
2.200029410776108421e+02 5.476488185271083386e-01 1.332509383438091710e+01
2.199885045880810708e+02 5.587644112802930829e-01 1.311845316123827843e+01
2.200256428355349385e+02 5.545303799312067961e-01 1.322229953054799267e+01
2.200631900328280324e+02 5.662879679114427578e-01 1.299453351708065796e+01
2.201409778943004767e+02 5.785374161092624590e-01 1.277207712906008830e+01
2.202059874738104099e+02 5.706004279968179826e-01 1.277463726709466307e+01
2.202153888384704032e+02 5.728681388860878965e-01 1.259614354699562000e+01
2.201743739706228382e+02 5.714228093173339129e-01 1.260272707920182000e+01
2.202112298746260706e+02 5.664123334789866737e-01 1.253633043147009118e+01
2.201111615295844501e+02 5.649266691315698585e-01 1.234895073554950606e+01
2.200369959553180195e+02 5.589470381947945210e-01 1.228677579465115954e+01
2.200124914568698102e+02 5.428837125922938434e-01 1.226130438192553740e+01
2.199301300796611827e+02 5.686598769789250607e-01 1.218033119334924308e+01
2.199520408277593049e+02 5.680077980572081353e-01 1.219415705914647141e+01
2.200028928999585389e+02 5.760411414742361291e-01 1.212512632628595100e+01
2.201350307552687298e+02 5.862435996549135719e-01 1.211721398720491116e+01
2.202152510279766489e+02 5.890872015506481985e-01 1.210618802729320009e+01
2.202281021366228515e+02 5.668885079493126700e-01 1.209855242961020849e+01
2.202416792712849940e+02 5.871914669534917808e-01 1.205789049107593058e+01
2.202667540586870984e+02 5.892261324549314949e-01 1.198292606410988981e+01
2.202385365197808369e+02 5.890681545718351453e-01 1.181714228093173347e+01
2.202051404434584754e+02 5.609178402966846777e-01 1.182708256305110162e+01
2.201439637883320586e+02 5.487020044144174102e-01 1.178890121340459096e+01
2.201140477070798624e+02 5.633267229112747243e-01 1.177413868441396971e+01
2.201764052748927156e+02 5.787122001501350255e-01 1.175058093285379712e+01
2.201882536161249391e+02 5.676089319126528254e-01 1.173510582277346437e+01
2.203117116511489826e+02 5.806729185573593632e-01 1.176996067359080378e+01
2.203666633054351109e+02 6.088366777587308487e-01 1.172558905583005640e+01
2.204532665568664243e+02 6.159669702979171380e-01 1.165435447547981518e+01
2.204873225549841322e+02 5.916103660381163420e-01 1.161025623788556160e+01
2.204850145093162155e+02 6.039315205091145833e-01 1.158545258982891291e+01
2.204667103626768778e+02 5.970858122416052849e-01 1.159109273637860937e+01
2.204737084467749071e+02 5.788970678856732999e-01 1.159031965312090406e+01
2.204316773665871096e+02 5.615822437341041473e-01 1.158524867511456158e+01
2.203601055426708228e+02 5.721645210805239579e-01 1.141927106091672073e+01
2.203707516834168132e+02 5.725835546144106836e-01 1.140464634241986275e+01
2.203856016044278761e+02 5.755795323406496244e-01 1.135632975922377952e+01
2.204568821216093681e+02 5.689847960292651052e-01 1.127052984213415776e+01
2.204754383606153283e+02 5.500162459525169689e-01 1.131634230782158568e+01
2.204724681523310039e+02 5.681209595195679807e-01 1.122895588943788958e+01
2.204295452253705889e+02 5.739347696996179859e-01 1.131086013915498611e+01
2.204363718866592592e+02 5.525707819345008209e-01 1.131562972673187417e+01
2.204512106035651584e+02 5.809115659977815982e-01 1.118975832745117849e+01
2.204765789385230619e+02 5.869662644392905637e-01 1.105441609805832925e+01
2.205289424445116708e+02 5.557224967227992751e-01 1.123061297659462454e+01
2.205105957222726545e+02 4.236429027595711161e-01 1.117126931307631033e+01
2.204676447850492309e+02 4.409610881426954676e-01 1.103455346038788676e+01
2.204270287833462305e+02 4.884765778181125451e-01 1.104232910938567969e+01
2.204176968841383371e+02 5.095167669434080837e-01 1.100025769441923451e+01
2.204201449811210693e+02 4.919565728883062983e-01 1.111478045555891647e+01
2.204162313871802610e+02 4.876161025399706195e-01 1.108708950959631601e+01
2.204210603565146300e+02 4.972561146404042565e-01 1.092730664515478445e+01
2.204191007585179136e+02 4.965334498560272647e-01 1.096091896070720395e+01
2.204206009882020680e+02 4.967810605805967339e-01 1.089948573157204770e+01
2.204298275688212243e+02 4.979686957301155403e-01 1.089016167523780787e+01
2.204440186884474429e+02 4.981793329075773213e-01 1.096432949032525528e+01
2.204470068233000575e+02 5.061958701668290983e-01 1.080298253280001752e+01
2.204795681937862071e+02 5.083985972460309810e-01 1.079302656493339185e+01
2.204468342800802247e+02 5.192665792746462561e-01 1.061939542648426382e+01
2.204039191959934101e+02 5.099559678666263363e-01 1.059767066653221690e+01
2.204149586008313406e+02 4.961401857640639346e-01 1.062472073767828462e+01
2.203944147535657123e+02 5.036301300796611757e-01 1.061988280505977400e+01
2.203748389409879849e+02 5.018565202290119487e-01 1.050406372895028717e+01
2.204173092220989645e+02 5.078081409028267768e-01 1.044653176924025040e+01
2.204751380905964027e+02 5.170761767111469176e-01 1.038969222323059149e+01
2.204857506190268168e+02 5.244552003854212607e-01 1.046048648224709510e+01
2.204983742843377854e+02 5.379662308269750337e-01 1.026673053006621572e+01
2.205011585044760523e+02 5.309513405711853151e-01 1.036040805351080607e+01
2.205235319821182429e+02 5.234423492767750208e-01 1.033752254826168304e+01
2.205206357209281407e+02 4.956214356940382704e-01 1.051424938097318851e+01
2.205008145384468889e+02 5.232955754988627417e-01 1.043437195388390393e+01
2.204981804533180991e+02 5.326397992224350952e-01 1.022603385880586657e+01
2.205087862592854151e+02 5.291530816891308886e-01 1.028404983585985910e+01
2.205312067941693783e+02 5.294499904765106457e-01 1.024650599979832677e+01
2.205329187814415093e+02 5.373186335473317810e-01 1.032311070776332507e+01
2.206121049152409341e+02 5.552788141575073499e-01 1.030918960707203169e+01
2.206622119144454643e+02 5.538234008940875475e-01 1.024753453665423031e+01
2.207628124544833099e+02 5.281783245381107550e-01 1.037047494201875608e+01
2.208511265727762520e+02 5.615531130606253862e-01 1.034735639138180296e+01
2.208705869830706092e+02 5.661098226390148813e-01 1.035645748602287952e+01
2.209341187411067438e+02 5.554670431246008233e-01 1.027881079627575467e+01
2.208954679394530274e+02 5.630219712502660956e-01 1.032848083537808215e+01
2.208789508475905450e+02 5.584630208508397642e-01 1.025568664358621085e+01
2.208515131144051225e+02 5.146135143916731325e-01 1.029291228306051309e+01
2.207643350923778485e+02 5.227958724076501307e-01 1.039927397398406761e+01
2.207165843164935666e+02 5.083403358990734588e-01 1.046377264629760262e+01
2.207010554267083364e+02 4.994879723930848447e-01 1.040582725510627071e+01
2.206719550043135882e+02 4.817720412759234905e-01 1.037162784444220343e+01
2.206392177293760426e+02 4.965110416456589570e-01 1.041124668078383841e+01
2.206396087526469785e+02 5.019909694912215725e-01 1.050962880799524868e+01
2.206394899891320165e+02 5.055897280763671509e-01 1.047209953727045573e+01
2.205977479748579810e+02 4.865181002319249881e-01 1.039361478045555920e+01
2.205639933671697293e+02 4.980034284561863367e-01 1.040863164263386054e+01
2.204625256293905977e+02 4.957334767458796976e-01 1.049025915095290884e+01
2.203396266792152574e+02 4.702710273044043432e-01 1.048547611844979954e+01
2.202427122897829861e+02 4.919083952360144840e-01 1.048556575129127388e+01
2.201923151042541917e+02 4.934803311933492198e-01 1.040293771637928089e+01
2.202083414563095971e+02 4.912977715034788639e-01 1.039092579521136628e+01
2.201840554379124626e+02 4.968874995798460703e-01 1.024330946858929181e+01
2.201955239599789422e+02 4.911218670520878793e-01 1.024624718496857234e+01
2.201968505260327333e+02 4.624147087492857522e-01 1.032431738989165559e+01
2.201677209729645028e+02 4.930657793015360557e-01 1.017750551802180325e+01
2.201493361567678448e+02 4.934624046250546403e-01 1.016052905784679439e+01
2.201069510268562510e+02 4.773609850649278008e-01 1.010033164151345098e+01
2.200621413285827828e+02 4.736613895331249213e-01 1.006788567331070183e+01
2.196870727034385311e+02 4.054844094876362548e-01 9.923742619295710554e+00
2.196736132118808200e+02 4.272114102607195152e-01 9.913341848453272931e+00
2.196675024929133997e+02 4.775996325053499802e-01 9.827279755302342323e+00
2.196881124443996214e+02 4.804028996224216641e-01 9.977759851209482278e+00
2.197045645524520125e+02 4.891387404344951784e-01 9.963106002039147313e+00
2.197257940909549347e+02 4.935733252663775938e-01 1.000471692828252301e+01
2.197535601044222631e+02 4.930512139647966752e-01 1.004500240888261509e+01
2.197583913145776648e+02 5.067740019943307583e-01 9.927827636045847726e+00
2.197680806247409180e+02 5.176419840229460334e-01 9.828013624191903830e+00
2.197579857259700020e+02 5.157899454360077574e-01 9.649877315048232873e+00
2.198219566849293471e+02 5.222625570008850859e-01 9.709651216205617885e+00
2.198512968751750520e+02 5.247117743941379642e-01 9.682889090562781575e+00
2.197838190312930635e+02 5.271307407033937187e-01 9.735435223465877641e+00
2.197721062597335617e+02 5.307698340672022397e-01 9.665868934377556343e+00
2.197237482213483020e+02 5.337008279833731494e-01 9.680390575106718742e+00
2.197178526212004215e+02 5.267654868743907315e-01 9.697461149765274513e+00
2.197360817003350064e+02 5.209034990420490230e-01 9.805538189192519738e+00
2.197683741722967170e+02 5.252977490952684958e-01 9.777352021780780333e+00
2.197763268461564223e+02 5.228821440175680513e-01 9.802415605077699823e+00
2.198355002072759419e+02 5.367169730989435061e-01 9.722064244339126304e+00
2.198566714844318994e+02 5.346755851343932830e-01 9.760787872676548460e+00
2.199095604629536354e+02 5.134202771895622908e-01 9.872912955306825111e+00
2.199079997311014836e+02 5.520341052961804662e-01 9.763270702385353772e+00
2.199537236843579535e+02 5.371886659271957187e-01 9.727175557124130734e+00
2.199670229572115261e+02 5.455077140264192881e-01 9.708643967149564347e+00
2.199255599251565911e+02 5.199466684593234689e-01 9.685738294511109459e+00
2.198936898479603030e+02 5.314073476521797845e-01 9.680174335876666092e+00
2.198741073129194490e+02 5.275172823322464843e-01 9.715331697533976296e+00
2.198984459906109521e+02 5.331260573874267994e-01 9.613350811737420898e+00
2.199490459704435636e+02 5.238490582949593133e-01 9.575042855702330158e+00
2.199915868374172305e+02 5.236204945492027862e-01 9.649254366799995708e+00
2.200626365500319253e+02 5.702889538726989560e-01 9.503961771593111507e+00
2.202012055617178135e+02 5.297200094114483671e-01 9.646065678464589510e+00
2.202612270735997697e+02 5.576171109094372191e-01 9.695026497708759905e+00
2.203141037276057830e+02 5.535208900541158661e-01 9.643782281828061187e+00
2.203513159221538729e+02 5.789060311698206451e-01 9.662638790852968285e+00
2.202771805989714551e+02 5.446774898322745972e-01 9.667941693836620942e+00
2.202273144880284121e+02 5.564350778125105590e-01 9.612221437934859836e+00
2.202110831008481568e+02 5.117228552541651654e-01 9.641828285883947913e+00
2.201951452612237006e+02 5.282287430114394056e-01 9.531818538312437639e+00
2.201799076781732936e+02 5.275744232686856439e-01 9.538344929582198262e+00
2.201921190324134727e+02 5.067247039315204704e-01 9.677955923050205911e+00
2.201973278209135856e+02 5.326913381062821085e-01 9.635615609559343042e+00
2.202075515668940966e+02 5.326599666117665111e-01 9.648575398025837302e+00
2.202315720479983838e+02 5.379651104164565600e-01 9.592178414170952294e+00
2.202370844677489856e+02 5.114080198984908288e-01 9.688462012481373620e+00
2.202285368559039966e+02 5.281391101699662860e-01 9.692645625357130257e+00
2.202208866928842781e+02 5.270881651036939397e-01 9.652393757072591285e+00
2.201856878760377754e+02 5.228675786808286707e-01 9.655648549628583766e+00
2.202079896474068050e+02 4.965749050452085700e-01 9.756503422854134300e+00
2.201683864968124453e+02 5.188307395829832025e-01 9.712249448197820101e+00
2.201551600506425643e+02 5.138695618074462512e-01 9.629705444074708964e+00
2.201834380917167948e+02 5.187164577101049945e-01 9.535006106237325696e+00
2.201892519018968528e+02 5.030844901571935868e-01 9.691735852016178043e+00
2.202161025399706489e+02 5.009310611408019920e-01 9.736793161014196230e+00
2.202182514873449577e+02 5.330409061880272414e-01 9.585846974331394321e+00
2.202575566087414529e+02 5.415717118752311210e-01 9.607947071807110717e+00
2.202814359181203940e+02 5.259912832061667265e-01 9.603175243409184603e+00
2.202725331361410781e+02 5.458908944237168548e-01 9.515729443268012844e+00
2.202309289323608255e+02 5.160946970970163861e-01 9.504873785755100002e+00
2.197142314544048816e+02 3.962477451738317114e-01 9.282163064546850251e+00
2.196025903891185749e+02 4.076647283564698299e-01 9.305360043920092750e+00
2.195333859926277000e+02 4.548194458449575928e-01 9.258475345366543152e+00
2.195731717701365824e+02 4.614646006296707070e-01 9.456725264136780496e+00
2.195634174761632664e+02 4.692066373119110900e-01 9.467903599878995990e+00
2.195506481574849147e+02 4.756254691719045691e-01 9.400525472533136195e+00
2.195490145989490429e+02 4.798953536575801260e-01 9.448550748994431814e+00
2.195809675865237125e+02 4.936315866133351160e-01 9.403422854133754782e+00
2.196538144376099524e+02 5.003114741241190266e-01 9.410897112702093281e+00
2.197325893807491184e+02 5.180935094618668302e-01 9.270666532217404665e+00
2.198147065084646954e+02 5.212328997344627401e-01 9.341790191926321540e+00
2.198428288124768812e+02 5.171669299631385108e-01 9.416598881830303469e+00
2.197928136869348918e+02 5.100131088030654958e-01 9.505388054183052660e+00
2.198007338688895516e+02 5.116108142023236827e-01 9.501324325232765489e+00
2.197618914770371816e+02 5.154190895544127349e-01 9.547681310432142965e+00
2.197227409722922573e+02 5.064367584282881696e-01 9.605123637300707173e+00
2.196746551936629714e+02 5.031214637043012194e-01 9.645377746406282427e+00
2.196900149014599037e+02 5.130863948550749010e-01 9.647941245672415178e+00
2.196903947206256476e+02 5.251532161383930530e-01 9.490268114237055741e+00
2.196782225807535838e+02 5.163221404322543284e-01 9.487110797396166362e+00
2.197123872586915923e+02 5.046687506302308668e-01 9.593924013758641678e+00
2.196834134426854064e+02 4.830403459827680712e-01 9.665949603934882006e+00
2.196617267766909833e+02 5.139132578176643928e-01 9.526173910120668609e+00
2.196583005613256603e+02 5.097363674050171545e-01 9.581256652437453170e+00
2.195805911285895036e+02 5.119211679159243467e-01 9.443688167344514994e+00
2.195246255027842324e+02 5.079067370284472416e-01 9.492161608013175211e+00
2.195017960180610146e+02 4.733174235039718791e-01 9.656376816465552793e+00
2.194783962443839300e+02 5.050989882693018851e-01 9.517169170784175236e+00
2.195035830728378983e+02 5.093117318185382825e-01 9.500952348940652215e+00
2.195408994655641948e+02 4.892855142124074019e-01 9.592483165831961145e+00
2.195315518806090438e+02 5.078182245974924847e-01 9.616579834851489039e+00
2.194964919946668545e+02 5.084613402350621758e-01 9.605947139031741244e+00
2.195028503243588318e+02 5.093173338711304288e-01 9.490102293480331852e+00
2.194974745946914823e+02 4.828622007103402503e-01 9.499567521539892923e+00
2.195134684548418420e+02 4.996661176655126657e-01 9.476782853237425641e+00
2.195585459312291903e+02 5.066541180688604040e-01 9.541661344716704463e+00
2.195456275979518921e+02 5.371662577168274666e-01 9.417012313311596827e+00
2.195436243039449664e+02 5.419997086932651920e-01 9.310924002554536116e+00
2.194813776567734465e+02 5.082495826470818656e-01 9.435596562580530033e+00
2.194596641009265738e+02 5.315899745666812226e-01 9.445699304225067650e+00
2.194730059493798535e+02 5.341467513697019109e-01 9.525202514201202675e+00
2.194630163691976747e+02 5.271531489137619708e-01 9.446553057040098622e+00
2.194807323003148269e+02 5.007842873628897129e-01 9.615715998341793025e+00
2.194829193416467774e+02 5.315507601985367536e-01 9.547660022632292964e+00
2.194924226636639730e+02 5.440859130785520303e-01 9.578028749733903169e+00
2.195103548340111956e+02 5.221505159490437142e-01 9.541342027718956231e+00
2.195699685164644279e+02 5.469407190794707274e-01 9.618893482572014264e+00
2.196230804566793324e+02 5.521024503378038073e-01 9.592160487602658492e+00
2.196127872452466647e+02 5.321378553101856479e-01 9.652454259240585088e+00
2.195690856329759129e+02 5.528844968796566839e-01 9.577499915969211131e+00
2.195152487871556275e+02 5.303496801227970403e-01 9.641056323036760745e+00
2.195384894625390757e+02 5.416109262433755900e-01 9.658530245481944831e+00
2.194607116847612929e+02 5.097229224787962476e-01 9.556729745778852703e+00
2.194053320336571460e+02 5.193069140533090877e-01 9.608818751190435492e+00
2.193695674094988419e+02 5.115346262870715810e-01 9.592132477339697871e+00
2.193492319585896269e+02 5.053936562356446949e-01 9.601245896496475751e+00
2.193219174705612033e+02 4.799110394048379247e-01 9.733025220440769232e+00
2.192901482303115870e+02 5.096949122158358492e-01 9.590971732042619990e+00
2.192781643194066419e+02 5.114550771402641693e-01 9.582532800017926178e+00
2.192381600618466564e+02 4.860576115088568461e-01 9.559254030676839875e+00
2.187250277301603205e+02 3.990252428489798886e-01 9.516221303485597360e+00
2.187154874345960422e+02 4.171019461530705019e-01 9.642957659686508975e+00
2.187161316706441312e+02 4.808880373768948946e-01 9.533187679965939409e+00
2.187280998958018188e+02 4.970454774629424199e-01 9.563656123603688997e+00
2.187660437184184161e+02 5.121071560619810947e-01 9.506266456029489831e+00
2.187812252809429481e+02 5.125810897112702547e-01 9.519682251576977450e+00
2.188011596248865658e+02 5.171355584686229134e-01 9.361760389006532179e+00
2.188308056872037923e+02 5.191254075493261233e-01 9.365029746899264040e+00
2.188481429195657313e+02 5.276573336470482545e-01 9.257601425162178543e+00
2.188278489238456928e+02 5.276584540575667281e-01 9.269125967754584750e+00
2.188130012436556626e+02 5.260428220900137397e-01 9.272805395897057323e+00
2.187982992168330441e+02 5.144925100556844155e-01 9.332029175489900297e+00
2.187436713611867276e+02 5.082831949626342993e-01 9.371660336347238385e+00
2.187113990566143400e+02 5.088758921268753399e-01 9.343181741790191452e+00
2.186791838929783864e+02 5.125810897112702547e-01 9.362879679114428200e+00
2.187045701545046086e+02 5.146516083492991278e-01 9.233538368458203749e+00
2.187113127850044236e+02 5.139401476701063176e-01 9.239610993468007294e+00
2.186947542379527931e+02 5.305681601738877484e-01 9.236904081655518794e+00
2.187139423884911480e+02 5.299777038306835442e-01 9.323952136062652940e+00
2.187409117900798776e+02 5.332212922814919542e-01 9.265545135737735194e+00
2.187480263968718077e+02 5.198570356178503493e-01 9.377241101139457413e+00
2.187719897370396609e+02 5.075627709992941439e-01 9.365123861382810944e+00
2.187744367136118626e+02 5.260775548160846471e-01 9.320646925033331698e+00
2.187918288460892029e+02 5.205841820443010137e-01 9.338005445195118881e+00
2.187666072849091847e+02 4.959183444814179720e-01 9.383803345545807417e+00
2.187369657042340236e+02 5.053947766461631685e-01 9.434696872934242862e+00
2.187034486235756674e+02 5.128309412568765602e-01 9.470255341557146878e+00
2.186934848128354361e+02 5.258467502492913948e-01 9.370756165058876874e+00
2.187301748960819339e+02 5.158661333512598590e-01 9.363029814123894568e+00
2.188106248529461197e+02 5.030721656414910425e-01 9.416222423896115856e+00
2.188228720603229078e+02 5.031539556093352905e-01 9.468870514156387586e+00
2.188573829451110839e+02 5.424344279744097719e-01 9.350821821115257393e+00
2.188928461788399318e+02 5.563151938870402047e-01 9.304888351091840093e+00
2.189703404927565487e+02 5.450113721667618760e-01 9.323714609032750289e+00
2.190687158975048590e+02 5.694105520262624509e-01 9.379735134953447684e+00
2.191407403672705811e+02 5.389589145462897468e-01 9.562391180128399171e+00
2.190907958275912222e+02 5.504173529181092261e-01 9.527891499445397372e+00
2.189907734193808722e+02 5.281391101699662860e-01 9.535983104209382333e+00
2.189007798057208163e+02 5.291037836263207117e-01 9.346233740042350746e+00
2.188518357926344322e+02 4.884945043864071801e-01 9.350170862604057831e+00
2.187781307070910657e+02 5.086764590545975739e-01 9.301022934803311770e+00
2.186987563443245506e+02 4.726317322667025200e-01 9.394960393488174688e+00
2.186547611844979997e+02 4.971788063146336811e-01 9.360659025466931737e+00
2.186531186626779970e+02 4.959855691125228394e-01 9.309554860901034345e+00
2.186849405622220104e+02 5.052771335417296505e-01 9.315624124679281692e+00
2.186798359719001041e+02 4.893258489910703446e-01 9.301561852262668850e+00
2.186964819109721816e+02 5.105038486101307615e-01 9.297281884082327252e+00
2.187073342072535240e+02 5.142370564574860747e-01 9.291486000470571938e+00
2.186693780601212325e+02 4.952662655597011021e-01 9.213643238882726294e+00
2.186275576171109094e+02 5.083425767201102952e-01 9.278543018161855116e+00
2.186012022004862558e+02 5.003506884922636067e-01 9.234620685018990471e+00
2.185626029377163775e+02 4.801642521819994847e-01 9.224716256036211703e+00
2.185334117620696190e+02 5.051807782371461331e-01 9.159121822235666954e+00
2.185491344828745355e+02 5.064882973121351828e-01 9.178475793530749272e+00
2.185608136421184611e+02 4.857584619004403081e-01 9.225461329030956392e+00
2.185703550580932983e+02 5.076512834302487898e-01 9.199091347069566993e+00
2.185725409790147182e+02 5.057017691282085226e-01 9.199518223477081591e+00
2.185979238793093771e+02 4.878435458752086729e-01 9.125162179422540376e+00
2.185939565056636695e+02 4.938702340537572955e-01 9.026347573751023035e+00
2.185733207847355288e+02 4.899969748916002676e-01 9.177274713455009447e+00
2.180470325927419708e+02 3.890804790875376784e-01 8.978218099111513695e+00
2.180379527859007567e+02 4.155535388166224364e-01 8.989496151389868572e+00
2.181679360917840427e+02 4.841036155647429062e-01 8.932732793295462770e+00
2.181877337456444081e+02 4.948405095627037564e-01 9.088591980101508483e+00
2.181624886558435037e+02 5.158033903622287752e-01 9.127276394070786836e+00
2.182492577280315516e+02 5.209460746417486909e-01 9.029130673478762859e+00
2.182473261402978153e+02 5.304942130796723720e-01 8.937127043348683131e+00
2.182826403594276883e+02 5.231443200788769010e-01 8.911950298589403019e+00
2.182908899420747844e+02 5.257167826291553325e-01 8.890450741151557423e+00
2.183052334375315127e+02 5.306084949525505801e-01 8.868776399672839261e+00
2.183470337131525127e+02 5.347080770394272431e-01 8.894656762237683978e+00
2.183915812353646402e+02 5.380670677736322238e-01 8.967203343304987584e+00
2.183875892126875158e+02 5.496890860811400881e-01 8.837372413252214898e+00
2.183865483513159234e+02 5.384356828341904100e-01 8.975572809877538916e+00
2.183931800611744052e+02 5.323395292035001392e-01 9.046782741196373934e+00
2.184228137989759375e+02 5.214782696379953730e-01 9.043261290937000041e+00
2.184351764086361243e+02 5.522861976628236080e-01 8.953882782651563232e+00
2.184885897392804850e+02 5.213146897023068771e-01 9.030587207152700913e+00
2.185244955351640783e+02 5.477754249156890909e-01 8.978069084512565468e+00
2.185301009489877231e+02 5.486538267621255960e-01 9.078983339495591665e+00
2.186304830089744939e+02 5.261996795625917267e-01 9.122925840027786393e+00
2.186750137250288617e+02 5.493159893785083403e-01 9.157637278298768280e+00
2.186545427044468966e+02 5.278388401510313299e-01 9.125343685926523563e+00
2.186165282959676404e+02 5.400277861808566726e-01 9.139761128477474017e+00
2.185396860609727412e+02 5.243084266075089817e-01 9.272497283004492274e+00
2.183819770764008013e+02 4.969636874950982275e-01 9.102003294006923539e+00
2.182848766988224440e+02 5.000156857472577432e-01 9.230218592092143126e+00
2.182275665803950631e+02 4.979911039404837925e-01 9.207867522660302839e+00
2.181982969760120170e+02 4.960886468802169214e-01 9.174194704939889533e+00
2.182494560406933033e+02 5.046407403672705794e-01 9.201902457060267437e+00
2.182147894188430541e+02 4.817798841495524176e-01 9.228970454774628962e+00
2.182152095727874723e+02 5.122864217449273339e-01 9.112623665310970011e+00
2.182661243879757649e+02 5.192408098327226940e-01 9.069397107100041211e+00
2.182540037869875391e+02 4.924999719897370509e-01 9.240772859175601539e+00
2.182468331596697055e+02 5.161383931072345277e-01 9.169622309614242184e+00
2.182583106450203445e+02 5.208138662005759034e-01 9.088276024335316450e+00
2.182260674711214108e+02 5.076871365668380598e-01 9.284760176128534326e+00
2.181615531130606200e+02 4.846302085083974975e-01 9.242541987384177204e+00
2.181791312336840178e+02 5.031606780724457995e-01 9.209647854974061687e+00
2.182232854918042051e+02 5.085778629289772201e-01 9.153320336571319160e+00
2.181730115514324382e+02 4.825540878177764226e-01 9.309381197270679920e+00
2.181449710373881032e+02 5.102159031068983497e-01 9.195651686778035128e+00
2.181458494392345244e+02 5.119402148947373998e-01 9.179739616595520957e+00
2.181605357803099139e+02 4.921873774550995506e-01 9.318324314028659572e+00
2.181051471659216077e+02 5.187915252148387335e-01 9.212758114573180279e+00
2.180880945178313368e+02 4.965760254557269882e-01 9.298025836666553801e+00
2.180819076109486616e+02 5.166268920932629571e-01 9.232020212205751974e+00
2.180982185472757351e+02 5.208071437374653945e-01 9.134713679092019589e+00
2.181005534827961014e+02 4.949581526671372189e-01 9.357446808510637482e+00
2.180277648930568262e+02 4.962354206581291449e-01 9.241580675159378089e+00
2.179866906434517659e+02 5.147390003697355221e-01 9.276901616752377677e+00
2.179463177708312287e+02 5.158056311832655005e-01 9.255999238120846684e+00
2.179537897885785469e+02 5.018688447447144929e-01 9.312153092893236561e+00
2.179475457407594092e+02 5.266635295172150677e-01 9.314266187130964880e+00
2.179673545987249668e+02 5.136690083246501226e-01 9.462681366452668996e+00
2.179823120791457995e+02 5.332605066496364232e-01 9.491438943228798664e+00
2.179971149429150898e+02 5.112903767940573108e-01 9.521572384121542498e+00
2.180105060894311748e+02 5.414607912339081119e-01 9.515788825025488507e+00
2.180076411997355876e+02 5.349310387325916238e-01 9.602667697444344341e+00
2.180065812913851744e+02 5.148868945581661638e-01 9.623222748815166483e+00
2.178947273481003322e+02 4.119290107895532960e-01 9.585683394395706713e+00
2.178827434371953871e+02 4.282522716323260981e-01 9.564453855892798728e+00
2.178522716323260795e+02 4.792253481675686211e-01 9.442624897762540215e+00
2.178448858861887061e+02 4.824913448287452278e-01 9.559862413588339436e+00
2.178478560944730020e+02 4.773464197281884203e-01 9.577643328515568655e+00
2.178631575409229981e+02 4.826224328593997082e-01 9.532823546547454896e+00
2.178828711639944800e+02 4.828162638790852723e-01 9.546234860452869952e+00
2.179431738989165694e+02 5.076031057779570865e-01 9.370291194693736614e+00
2.179653210536340566e+02 5.213113284707516781e-01 9.312065700872800278e+00
2.179993591251834744e+02 5.182470057028895072e-01 9.363926142538625541e+00
2.180079201819546597e+02 5.200430237639070974e-01 9.318297424176218868e+00
2.180338083873931510e+02 5.139255823333669371e-01 9.387691170044703881e+00
2.180451984807233430e+02 5.233515960247834276e-01 9.217882872284404172e+00
2.180288427279755297e+02 5.185327103850850827e-01 9.248874547634253318e+00
2.179943296023663208e+02 5.133059953166840828e-01 9.210716726608628946e+00
2.180627497114942912e+02 5.254915801149541155e-01 9.209098853820039565e+00
2.180071986375808137e+02 5.228933481227521218e-01 9.207420478863456381e+00
2.179806594736311354e+02 5.258624359965491379e-01 9.275692693803009092e+00
2.178996986095705495e+02 5.239005971788063265e-01 9.298214065633647607e+00
2.179064804544385083e+02 5.267710889269828778e-01 9.307587420030699832e+00
2.178670913022531579e+02 5.311003551701343195e-01 9.339018296303764899e+00
2.178891981221919707e+02 4.923319104119749379e-01 9.410009747571510985e+00
2.178947419134370875e+02 5.343271374631665127e-01 9.169620068793205903e+00
2.179432982644840990e+02 5.367068894042776872e-01 9.080108231656078388e+00
2.179595957558849477e+02 5.159064681299228017e-01 9.129886950578692151e+00
2.179343148129474628e+02 5.237414988851915032e-01 9.098223028917795219e+00
2.178447760859579034e+02 5.013512150852071914e-01 9.235017310342509944e+00
2.177690105654711772e+02 5.236294578333501315e-01 9.222245750843109491e+00
2.177506750473373529e+02 5.173013792253481347e-01 9.219663204598164796e+00
2.177698475121284503e+02 4.984762416949570230e-01 9.295349175938063979e+00
2.177540799749027940e+02 5.221751649804488027e-01 9.276352615598355555e+00
2.177573874267531551e+02 5.341131390541494772e-01 9.237474370609390917e+00
2.176923531982118334e+02 5.223432265582109713e-01 9.234021265391639588e+00
2.176997927240541060e+02 5.541920159546457336e-01 9.103500162459525313e+00
2.176772579072972462e+02 5.331036491770584362e-01 9.242468040289962161e+00
2.177110371640168864e+02 5.478953088411594452e-01 9.103491199175378412e+00
2.177402294600741754e+02 5.150258254624494603e-01 9.345315003417251631e+00
2.177241302813350785e+02 5.425319036895118741e-01 9.162987238524195277e+00
2.177326633278433121e+02 5.387236283374228218e-01 9.146751369701858536e+00
2.176672011024839435e+02 4.948819647518851172e-01 9.253739370105206419e+00
2.176299978712200129e+02 5.096814672896149423e-01 9.279227588988606001e+00
2.176176240574546625e+02 4.890939240137586186e-01 9.282267262725062196e+00
2.176088837350005178e+02 5.169697377118976922e-01 9.192591845652247073e+00
2.176323428904350692e+02 5.249918770237415044e-01 9.234959048995552422e+00
2.176990521327014108e+02 5.201539444052301064e-01 9.252792623217146684e+00
2.176997860015909794e+02 5.584484555141003836e-01 9.265755772915195365e+00
2.177344402989255343e+02 5.452724278175523631e-01 9.279060647821362195e+00
2.177336425666364050e+02 5.578748053286723962e-01 9.289647406809855568e+00
2.177592764388872126e+02 5.642275329680794815e-01 9.241358833876732959e+00
2.177774719057062498e+02 5.621827837719740595e-01 9.254299575364413499e+00
2.177789620516957427e+02 5.203858693825417214e-01 9.397648258321849468e+00
2.177539152745565900e+02 5.367797160879745899e-01 9.306421072681029472e+00
2.177956147132309184e+02 5.472701197718844446e-01 9.241138113004604193e+00
2.178006285503008428e+02 5.182335607766686003e-01 9.366249873953815808e+00
2.178127749207309591e+02 5.501618993199107743e-01 9.237450841988504635e+00
2.178369601021814503e+02 5.481350766920999318e-01 9.327844442203623743e+00
2.178892866346229198e+02 5.468802169114763689e-01 9.367717611732938821e+00
2.179278500442562176e+02 5.337456444041096537e-01 9.378088131491377766e+00
2.179367942814247101e+02 5.521909627687584532e-01 9.423026676974442850e+00
2.179706698934489566e+02 5.312045533483468196e-01 9.449286858705029601e+00
2.181436142202502992e+02 3.978813037096792238e-01 9.190465306488297514e+00
2.181553449183780913e+02 4.267397174324672471e-01 9.349280136241919337e+00
2.181908540889381811e+02 4.844823143199668558e-01 9.253757296673501997e+00
2.181873852979731794e+02 4.829753621727000956e-01 9.450830784399403939e+00
2.181451626275867568e+02 4.900653199332235532e-01 9.506508464701466821e+00
2.181322118024044130e+02 4.982297513809059719e-01 9.401943912249448587e+00
2.181121262030407877e+02 4.967082338968998312e-01 9.271798146841002009e+00
2.180858391314577602e+02 4.945379987227320195e-01 9.203569627911667439e+00
2.180808252943878642e+02 4.938623911801284239e-01 9.143671361186738622e+00
2.180232373141519133e+02 4.956864195041063015e-01 9.108605873191937263e+00
2.179698979306017748e+02 4.893381735067728888e-01 9.079246635967418655e+00
2.179191522974017801e+02 4.936114192240037002e-01 9.144017568036929333e+00
2.179044020929268584e+02 4.882771447458348901e-01 9.172069286186458115e+00
2.179009938041298255e+02 4.916215701433004903e-01 9.090514604551106714e+00
2.178863041018229012e+02 5.010509450662722353e-01 9.068725981199511565e+00
2.178584126023775127e+02 4.956640112937380493e-01 9.008884855411022130e+00
2.177535208900541193e+02 5.045051706945424819e-01 8.947289166750698186e+00
2.177392860744176630e+02 5.044614746843243402e-01 9.001605548272888058e+00
2.176751840274276617e+02 5.027606915173720159e-01 9.030786640224977901e+00
2.176329557549886147e+02 5.011416983182638285e-01 8.944382821865930921e+00
2.176174604775189607e+02 4.795928428176083891e-01 9.026335249235319935e+00
2.176237000436960045e+02 4.999585448108186947e-01 8.913426999652672933e+00
2.176739033982051126e+02 4.894894289267587850e-01 8.983399997759178746e+00
2.177284629088097745e+02 5.295575498862783448e-01 8.948956337602098188e+00
2.177592663551925511e+02 5.154168487333758986e-01 8.951526559331339783e+00
2.177770808824353139e+02 5.416467793799648600e-01 8.910156521349422931e+00
2.177409454023954254e+02 5.155479367640303234e-01 9.049189382989927921e+00
2.176883264428086591e+02 5.341221023382967115e-01 8.939891096097611012e+00
2.176717959060199519e+02 5.288729790595274594e-01 8.926363259498280911e+00
2.175589246299844319e+02 4.921403202133261545e-01 9.011313905414944259e+00
2.175054944931823115e+02 5.177304964539006793e-01 8.777345299317669713e+00
2.174874614858884172e+02 5.266668907487703777e-01 8.703544978880261240e+00
2.175230210749218429e+02 5.118315350744512271e-01 8.713219723706766118e+00
2.175480913806818819e+02 5.371326454012750329e-01 8.770716950690733427e+00
2.175458113452769169e+02 5.157339249100870715e-01 8.822785788712984356e+00
2.175314801743358828e+02 5.478616965256070115e-01 8.699459962130124069e+00
2.175385297973177501e+02 5.306230602892899606e-01 8.579004627295441665e+00
2.175448668392098739e+02 5.494650039774573447e-01 8.615468387617223556e+00
2.175548429744658563e+02 5.447693634947844421e-01 8.747975978398486063e+00
2.175690408165551730e+02 5.279351954556149584e-01 8.797464510996828579e+00
2.175304919722586305e+02 5.449060535780310133e-01 8.816173125833305591e+00
2.174856296146908221e+02 5.394205236798762515e-01 8.786683920988650698e+00
2.174630645468499779e+02 5.113508789620516692e-01 8.735643619822303307e+00
2.174451458214289801e+02 5.330554715247666220e-01 8.814056670364021073e+00
2.174652515881818999e+02 5.326778931800612016e-01 8.887511904361758752e+00
2.175795603509125726e+02 4.653714721073801686e-01 8.904446909347585759e+00
2.176105755548832974e+02 4.816230266769744306e-01 8.985556788007125206e+00
2.176204318062137872e+02 5.124701690699472456e-01 8.886402697948527774e+00
2.176460208620438550e+02 5.263979922243510190e-01 8.890424971709634860e+00
2.176882849876194541e+02 5.098965861091503404e-01 8.877102170235174228e+00
2.177726283710351538e+02 5.275721824476488075e-01 8.980891398608450871e+00
2.177833708670856936e+02 5.105912406305670448e-01 8.972883824633345995e+00
2.177748479042721215e+02 5.277167154045242503e-01 8.954280528385600846e+00
2.177745767649266782e+02 5.254658106730305533e-01 8.811561516139512662e+00
2.177629760344190117e+02 4.934848128354228924e-01 8.935594321759491976e+00
2.177416198895275272e+02 4.982039819389824653e-01 8.945618634667741986e+00
2.177804589201483338e+02 5.183523242916204810e-01 8.906435638017770273e+00
2.178082215723841273e+02 5.119839109049555415e-01 8.873366721566782189e+00
2.177939777934635117e+02 5.235230188341007951e-01 8.846716636975788361e+00
2.177825384020705144e+02 5.468925414271789132e-01 8.798364200643115751e+00
2.176387202671058674e+02 3.926075313995047722e-01 8.832865001736635691e+00
2.176050586534906301e+02 4.225516229146359382e-01 8.811300460488723729e+00
2.175824151569134983e+02 4.746339058631082186e-01 8.759717880631463061e+00
2.175204262041611969e+02 4.786326510033276360e-01 8.733856565045432063e+00
2.174186436310264128e+02 4.717981468410025192e-01 8.692604170167950173e+00
2.172527993456802449e+02 4.686397095895936116e-01 8.673204262041611656e+00
2.171614052188722042e+02 4.729264002330453853e-01 8.694923419941066101e+00
2.171643474168935484e+02 4.633827434371953768e-01 8.858240059157674651e+00
2.171801216765823028e+02 4.634197169843030650e-01 8.837159535253716669e+00
2.172338744916137330e+02 4.651966880665075466e-01 8.806115200609502480e+00
2.172382116007304944e+02 4.648863343529068826e-01 8.844516150717623759e+00
2.172548777071919233e+02 4.651261022038474802e-01 8.821247465071202498e+00
2.172566490762215210e+02 4.656549359685388523e-01 8.840419929862301629e+00
2.172379359797429856e+02 4.701791536418943873e-01 8.743090988538201103e+00
2.172181495299877838e+02 4.660930164812387422e-01 8.845524520184195438e+00
2.171719886166291360e+02 4.707359976695461024e-01 8.834897426417038346e+00
2.171894289267587510e+02 4.756714060031595470e-01 8.875819300191590600e+00
2.171377320650286151e+02 4.850996605156129293e-01 8.884556261414182643e+00
2.170209135827367106e+02 4.627945279150280644e-01 9.054067650387102262e+00
2.169345400154616641e+02 4.872049118797127099e-01 9.073249078462348294e+00
2.168985277805788030e+02 4.993434394362094020e-01 9.000248731135087610e+00
2.169283127738003145e+02 5.111604091739213596e-01 9.048893594613065972e+00
2.169280113833708583e+02 5.202110853416691549e-01 9.009904428982778768e+00
2.169261548631418464e+02 5.259363830907644033e-01 8.992837215555779196e+00
2.169377354262601898e+02 5.237963990005938264e-01 9.040636169092355345e+00
2.169483625200273309e+02 4.958387953346106158e-01 9.067952897941806256e+00
2.169501137216676057e+02 5.123233952920349665e-01 9.017830212990039840e+00
2.169678430977110111e+02 5.198301457654084246e-01 8.997132869483378315e+00
2.169952640247386739e+02 4.974443436074977853e-01 9.012885841372279216e+00
2.169904227308886107e+02 5.267890154952774573e-01 8.994179467356840263e+00
2.169395011932371915e+02 5.209808073678195983e-01 9.063185551185954481e+00
2.169548855500655407e+02 4.902188161742462302e-01 9.035630174896082778e+00
2.169506896126740969e+02 5.162773240115178242e-01 8.951346173237874737e+00
2.169586781396703827e+02 4.965558580663955168e-01 8.956066462751952173e+00
2.170125250691853580e+02 5.271206570087280108e-01 8.848095862323955174e+00
2.170502111973827084e+02 5.098977065196688141e-01 8.859528531253850758e+00
2.170640337019484036e+02 5.391449026923464949e-01 8.813816902513080365e+00
2.171150381499781474e+02 5.231331159736927194e-01 8.800601660448387875e+00
2.171642969984202125e+02 5.523870346094809092e-01 8.825233885695718428e+00
2.172023931968673196e+02 5.268215074003115284e-01 9.003249190503400001e+00
2.172437632348492400e+02 5.529707684895746045e-01 9.018542794079751346e+00
2.172850391583476153e+02 5.532553527612517064e-01 9.151215085207219602e+00
2.172797575431638109e+02 5.571050833025220639e-01 9.054118068860431023e+00
2.172736378609122312e+02 5.150247050519309866e-01 9.280058933593268833e+00
2.172795390631127361e+02 5.305188621110774605e-01 9.286788119166862643e+00
2.172917593806370746e+02 5.560642219309155365e-01 9.240759414249380299e+00
2.172947026990689494e+02 5.287273256921335429e-01 9.350473373444030400e+00
2.172910557628314905e+02 5.479647742933010379e-01 9.308015416848732571e+00
2.173100657680974450e+02 5.337176341411493663e-01 9.545178313334005793e+00
2.172946321132062906e+02 5.347394485339428405e-01 9.549302544452286767e+00
2.172749879555869370e+02 5.298219667686240308e-01 9.427502716995507015e+00
2.172281940102853639e+02 5.039965043191825256e-01 9.413043819255374700e+00
2.171984403885583674e+02 5.099806168980314247e-01 9.415107615430294175e+00
2.171336022318577648e+02 5.063157540922994526e-01 9.439546009657938441e+00
2.169626522357791885e+02 4.788444085913078352e-01 9.416312056737588421e+00
2.168386395975485357e+02 5.030475166100859541e-01 9.258002532127772355e+00
2.167326823748221329e+02 4.959956528071885473e-01 9.255174615979294472e+00
2.167075370015573696e+02 4.693623743739706033e-01 9.303223421061476373e+00
2.166772960012548594e+02 4.999708693265212389e-01 9.151422361153127127e+00
2.166682296393398417e+02 4.749689086081140266e-01 9.227239420523680735e+00
2.164849954623373947e+02 4.041376760445026806e-01 9.114345736277771337e+00
2.165308146504879403e+02 4.309513405711852818e-01 9.046328974936416856e+00
2.165380334554580770e+02 4.862379976023215034e-01 9.077405801485664227e+00
2.165638824465283960e+02 5.080691965536172638e-01 9.196614119413352384e+00
2.165674666397768249e+02 5.184789306802012332e-01 9.180548552989815647e+00
2.165533931632550093e+02 5.233392715090808833e-01 9.040265313210760212e+00
2.164915386597649274e+02 5.133732199477888392e-01 9.064453855892798728e+00
2.164148319944427499e+02 5.071291721286679266e-01 8.970223970062631835e+00
2.163554972942085897e+02 4.936002151188195186e-01 8.936181416871141536e+00
2.163950377018139477e+02 4.901459894905493275e-01 9.011076378385039831e+00
2.164594837148331123e+02 5.021377432691338516e-01 8.942074776197998176e+00
2.165328818078944266e+02 5.175568328235465865e-01 8.957415437016122084e+00
2.165418663798415650e+02 5.480656112399583391e-01 8.811818090148230809e+00
2.165517540026665699e+02 5.479009108937514805e-01 8.862120040782942354e+00
2.165441072008784147e+02 5.453945525640594427e-01 8.816468914210165764e+00
2.165326129093699876e+02 5.483983731639272552e-01 8.758177316168644921e+00
2.165690889942074762e+02 5.472970096243263693e-01 8.887489496151390611e+00
2.166356335361276422e+02 5.466438102920909703e-01 8.875204194816980419e+00
2.166702340537572979e+02 5.436679999551835563e-01 8.799351282309839206e+00
2.166952416165283068e+02 5.222154997591117453e-01 8.794486459838884329e+00
2.166481205113553585e+02 5.360301614511556734e-01 8.812811894278063107e+00
2.166486235756781298e+02 5.151714788298432657e-01 8.823928607441766658e+00
2.166661837697332373e+02 5.496935677232137607e-01 8.742047886345556407e+00
2.167109609761016316e+02 5.545382228048356676e-01 8.752125978958689601e+00
2.167693041130270046e+02 5.305692805844061111e-01 8.783719314756927687e+00
2.168565728883062889e+02 5.516979821406563511e-01 8.755722496722798454e+00
2.169270355058093287e+02 5.484174201427403084e-01 8.743241123547667470e+00
2.170175657961077036e+02 5.434988179669030250e-01 8.805669277223174163e+00
2.171494594019248723e+02 5.786897919397667733e-01 8.759482594422596691e+00
2.172531365892463100e+02 5.670285592641143291e-01 8.711577201886770538e+00
2.173380188901213330e+02 5.916574232798897937e-01 8.646309927957602781e+00
2.174230031483535583e+02 5.593145328448343445e-01 8.669037455323630681e+00
2.174091044558726367e+02 5.755784119301311508e-01 8.657636157888250139e+00
2.174326935789273136e+02 5.370743840543175107e-01 8.727165473429463916e+00
2.174322162840464614e+02 5.601402753969054737e-01 8.674921851366340420e+00
2.174323036760669083e+02 5.342016514851041231e-01 8.714112690889942670e+00
2.174266276763806331e+02 5.543242243958186322e-01 8.667441990745409441e+00
2.174293939699505813e+02 5.247319417834694910e-01 8.835679472958892333e+00
2.174044794012526154e+02 5.138292270287833086e-01 8.751855960023751990e+00
2.174202267710889203e+02 5.225717903039673873e-01 8.762439357780690941e+00
2.173754204340470437e+02 4.957077073039561910e-01 8.825443402462662235e+00
2.173307418238042317e+02 4.975306152174156504e-01 8.711599610097140456e+00
2.172869696256708494e+02 5.153753935441945933e-01 8.688979642140880699e+00
2.172243028245549112e+02 4.839489989132018111e-01 8.773396972650779446e+00
2.171497529494806997e+02 4.957536441352111689e-01 8.767485686755627228e+00
2.170596472947688085e+02 4.645636561236036743e-01 8.789143222076569728e+00
2.170124163893650575e+02 4.910299933895779234e-01 8.778113900933302460e+00
2.169955295620315212e+02 5.038530917728255565e-01 8.715654375763278949e+00
2.169730911005792393e+02 4.764422484398283530e-01 8.796539051908618845e+00
2.169430002352862061e+02 4.789654129272965521e-01 8.723713488622230727e+00
2.169627586747784278e+02 5.028637692850660423e-01 8.709522368995999742e+00
2.169922478796231076e+02 4.950757957715706814e-01 8.743571644650600660e+00
2.169681904249717093e+02 5.168117598288012315e-01 8.781379897594478123e+00
2.169922848531701902e+02 4.890995260663507094e-01 8.784785945570456889e+00
2.169974387415549018e+02 5.202883936674397303e-01 8.780818571924752902e+00
2.170559499400580421e+02 4.985154560631015475e-01 8.927054552788142416e+00
2.170334599397219222e+02 5.109856251330487931e-01 9.037801530480768619e+00
2.169705959463547345e+02 5.015495277469664837e-01 8.983803345545808838e+00
2.169024055213830309e+02 4.723628337422831613e-01 8.982083515400042018e+00
2.168551410036637321e+02 4.970970163467894887e-01 8.852915868374171993e+00
2.164952438573493225e+02 3.945671293962107473e-01 8.719599341198614795e+00
2.165152140544295492e+02 4.210233829675192885e-01 8.788739874289939635e+00
2.165246131782685097e+02 4.674901683977009115e-01 8.807803659260752482e+00
2.166253380838739417e+02 4.757711225392983745e-01 9.025246210211420816e+00
2.166492498851579285e+02 5.012940741487681429e-01 8.830854985266601176e+00
2.167216552944998966e+02 5.075616505887757812e-01 8.912402944438841956e+00
2.167464253302410100e+02 5.227645009131345333e-01 8.921034587072703914e+00
2.167874289939833830e+02 5.269817261044447143e-01 9.054273805922489871e+00
2.167899566401129334e+02 5.381174862469608744e-01 9.038355013276865080e+00
2.167731516027472480e+02 5.369612225919576654e-01 9.080296460623172194e+00
2.167811860665748043e+02 5.324784601077835466e-01 9.088772366194973529e+00
2.167716166403370153e+02 5.323361679719449402e-01 9.160680313266780672e+00
2.167765778181125427e+02 5.291418775839467070e-01 9.216878984459906832e+00
2.168135379202939816e+02 5.331831983238658479e-01 9.220651406675406392e+00
2.169065207892171827e+02 5.406910692077576686e-01 9.274474807569493606e+00
2.169475255733700862e+02 5.549113195074675264e-01 9.192064132298073176e+00
2.169713712704334796e+02 5.520195399594410857e-01 9.124959385118707189e+00
2.169734440298925620e+02 5.574535309737488342e-01 9.025311194021488959e+00
2.169948371483311576e+02 5.612976594624270454e-01 9.129495927307765157e+00
2.170043595173271456e+02 5.568261010834369973e-01 9.125827703270477542e+00
2.169128600719303677e+02 5.462146930635384257e-01 9.088414955239599635e+00
2.168451514234815534e+02 5.448556351047023627e-01 8.945456175142572519e+00
2.168753095134057105e+02 5.218614500352929397e-01 9.017235275004761519e+00
2.169304964539007017e+02 5.576148700884003828e-01 8.990745409117900877e+00
2.170187780802886266e+02 5.616561908283195237e-01 8.988615508722395120e+00
2.171728132387706864e+02 5.579767626858480600e-01 9.033700827983373927e+00
2.173651216205617800e+02 5.456242367203343324e-01 9.032219645278029674e+00
2.174377264629760305e+02 5.728838246333456397e-01 9.105986353399885047e+00
2.174692985109744257e+02 5.817137799289660016e-01 8.941251274466964105e+00
2.174650812857830999e+02 5.745868486213349113e-01 8.995346935117026987e+00
2.174859926276987778e+02 5.505954981905369916e-01 9.003732087436837617e+00
2.175329154202099744e+02 5.309266915397802267e-01 9.053424534749531460e+00
2.175472555544351394e+02 5.447536777475266989e-01 9.041115704794236763e+00
2.175658778976616929e+02 5.292785676671932782e-01 9.001394911095426110e+00
2.175648347954690678e+02 5.520419481698094488e-01 8.977949200587094225e+00
2.175038956673725181e+02 5.185472757218244633e-01 9.054600965793866862e+00
2.174462046093688627e+02 5.399594411392334425e-01 9.064829193416468200e+00
2.173816252674980092e+02 5.172733689623878472e-01 9.016421856968392490e+00
2.173183164711550432e+02 5.366150157417677313e-01 9.056148252719797398e+00
2.173153720323126379e+02 5.364245459536374216e-01 9.004067090181843369e+00
2.173195914983249963e+02 5.279329546345781221e-01 8.989529763705421672e+00
2.173190817115390985e+02 4.844050059941962805e-01 9.053546659496038984e+00
2.173002543331876666e+02 5.060110024312908239e-01 9.051581459446740752e+00
2.173176744759279870e+02 4.879656706217158080e-01 8.998103144992324331e+00
2.173125385141115657e+02 5.166784309771099704e-01 8.969271621121979621e+00
2.173335697399527078e+02 5.012268495176632754e-01 8.992234434696872114e+00
2.173415638690015896e+02 5.295709948124992517e-01 8.903561785038037968e+00
2.173696794505506773e+02 5.102360704962297655e-01 9.021335977502156211e+00
2.173566065006218366e+02 5.334319294589537908e-01 8.903178604640739735e+00
2.173302701309759755e+02 4.994341926882009397e-01 8.937708536407740212e+00
2.173522100097475800e+02 5.101610029914961375e-01 9.050634712558681017e+00
2.173258288236810074e+02 4.906434517607251022e-01 9.013148017433588066e+00
2.173145911061812967e+02 5.090798068412266675e-01 9.048104825608103141e+00
2.173127110573313985e+02 5.232160263520554411e-01 8.921375191870302146e+00
2.173475188509069653e+02 5.006296707113486733e-01 9.051915341781228364e+00
2.173514156386900140e+02 5.243868553437979196e-01 9.105202066036996555e+00
2.173532777609716220e+02 5.081072905112433702e-01 9.119319238569012498e+00
2.173633726597425380e+02 5.367763548564193909e-01 9.123497249392176656e+00
2.173845999574243990e+02 5.125373937010521130e-01 9.136499613458370916e+00
2.174013758641166021e+02 5.362060659025467135e-01 9.015872855814370368e+00
2.173346531769240357e+02 4.019013366497484752e-01 9.052784780343518634e+00
2.173293289861405242e+02 4.161070216127188970e-01 9.103279441587398324e+00
2.173059280920529375e+02 4.721409924596371988e-01 9.011799043169418155e+00
2.173202962365410826e+02 4.821462583890737674e-01 9.072256394743034136e+00
2.173630858346498087e+02 4.926792376726832901e-01 9.017359640572305324e+00
2.174094159299967544e+02 5.107593022083291023e-01 9.136360682554087731e+00
2.175205864228653354e+02 5.366945648885751430e-01 9.093252887858112032e+00
2.175626477541371173e+02 5.478426495467939583e-01 9.149225236126516947e+00
2.175755246322252390e+02 5.515960247834806873e-01 9.153850290746529339e+00
2.176151255419985944e+02 5.463872362833742669e-01 9.133363584417329761e+00
2.176402036906322337e+02 5.542390731964191852e-01 9.117454875466370012e+00
2.176950892406977971e+02 5.508487109676986071e-01 9.132861640505080203e+00
2.177132735034116422e+02 5.438450248170929591e-01 9.229466796634286041e+00
2.176946186682800715e+02 5.455726978364873192e-01 9.188614388311878045e+00
2.176504195937391444e+02 5.412837663719987091e-01 9.061203544978880586e+00
2.176057768366329412e+02 5.352626802460421773e-01 8.969709701634679178e+00
2.175581986039684921e+02 5.206906210435503501e-01 9.140138706822179770e+00
2.175225348167568598e+02 5.159781744031013417e-01 9.132375382340089942e+00
2.174919834627407340e+02 5.157339249100870715e-01 9.089213807939229284e+00
2.174954735415056177e+02 5.195858962723941543e-01 9.009382317681199126e+00
2.175248282970880496e+02 5.170235174167815417e-01 9.003771301804981420e+00
2.175478572148835212e+02 5.006453564586064164e-01 9.004387527590109741e+00
2.175401465496958053e+02 5.200575891006464779e-01 9.091230546872374418e+00
2.175478123984628098e+02 5.333725477014777949e-01 9.029690878737969939e+00
2.175653031270657607e+02 5.124735303015024446e-01 9.055353881662240312e+00
2.175684862133485638e+02 5.390238983563577779e-01 9.084136107469776178e+00
2.174816342307821628e+02 5.239947116623531187e-01 9.028270198200621266e+00
2.174214872329221464e+02 5.380144084792668480e-01 8.983185999350162376e+00
2.173472264237616685e+02 5.150504744938545487e-01 9.029185573594164183e+00
2.173398978185607291e+02 5.293166616248193845e-01 9.020336571319731434e+00
2.173299698609570498e+02 5.357186873270366467e-01 9.033141743134684987e+00
2.173705343237762406e+02 5.459950926019293549e-01 8.949012358128017652e+00
2.173747851612830857e+02 5.343293782842033490e-01 8.901270545527880884e+00
2.173714205684962906e+02 5.456869797093655272e-01 8.930905403739929582e+00
2.174344895969883282e+02 5.383426887611620915e-01 9.046001815065039864e+00
2.174312516105901238e+02 5.172341545942433783e-01 9.110832128892026205e+00
2.174663932865001641e+02 5.476824308426607724e-01 9.044879163725589422e+00
2.175035304135435297e+02 5.505977390115738279e-01 9.062477451738317313e+00
2.175224485451469434e+02 5.553863735672750490e-01 9.009406966712603548e+00
2.174839400356290469e+02 5.467155165652695104e-01 9.002379751941111508e+00
2.174508083761890305e+02 4.931991081532273169e-01 9.138025612584451451e+00
2.174256674845663326e+02 5.208956561684201514e-01 9.040879298174850476e+00
2.174273873147121208e+02 4.934041432780971181e-01 9.134315933357981976e+00
2.174216295250579947e+02 5.218188744355931608e-01 9.023109587352806216e+00
2.174234020144981230e+02 5.235767985389846446e-01 9.111518940539813372e+00
2.174353769621189088e+02 5.177125698856060998e-01 9.155238479378844829e+00
2.174124668078383991e+02 5.094473014912663800e-01 9.133775895488106755e+00
2.173540351584820769e+02 4.741196374351562270e-01 9.210016470034620539e+00
2.173520486706329109e+02 4.990958287116399328e-01 9.203216698598366108e+00
2.173483333893538543e+02 5.110382844274141689e-01 9.163792813686935546e+00
2.173776522917997056e+02 5.094529035438584152e-01 9.147216340067000573e+00
2.173901930467323211e+02 4.964270108567779283e-01 9.157961076938590850e+00
2.173774203668224061e+02 5.093218155132039904e-01 9.193264091963294860e+00
2.173539175153776455e+02 5.134964651048143924e-01 9.146057835590960750e+00
2.174324022721925189e+02 4.983798863903734500e-01 9.186267128275799720e+00
2.173995518357926358e+02 5.139894457329164945e-01 9.183925470292315651e+00
2.174517965782662827e+02 5.266949010117306651e-01 9.090662498739538577e+00
2.174586635743336274e+02 5.176733555174616308e-01 9.062216396087526604e+00
2.174791715684626752e+02 5.370676615912070018e-01 9.047326140297805352e+00
2.175249504218345464e+02 5.065633648168689218e-01 9.026805821653054451e+00
2.174185080613536911e+02 3.983182638118606400e-01 9.078680828655619095e+00
2.174095279710485897e+02 4.190424971709634239e-01 8.978572148835333167e+00
2.173799256047415724e+02 4.760814762528990385e-01 8.882391628292605645e+00
2.173629827568821327e+02 4.660101061028760761e-01 9.117047046037667357e+00
2.173509954847456243e+02 4.673377925671965971e-01 9.049770876048985002e+00
2.172924641188531609e+02 4.720524800286824973e-01 9.039679338509630568e+00
2.172035046441015993e+02 4.665904787514145169e-01 8.922177405801486216e+00
2.172040424411504489e+02 4.815950164140140877e-01 8.931551880609054805e+00
2.171952561818650338e+02 4.874805328672425775e-01 8.927163232608426924e+00
2.171807972841249068e+02 4.865001736636303531e-01 8.922247991664145061e+00
2.171937257010968949e+02 4.908877012537393725e-01 8.920471020581940635e+00
2.172014755806527546e+02 4.876418719818941816e-01 8.907789093924014523e+00
2.171799524945940334e+02 4.835008347058362133e-01 8.928011383370867193e+00
2.171328986140521806e+02 4.878244988963956197e-01 8.891489361702127781e+00
2.171434002218412900e+02 4.969558446214693004e-01 8.923189136499614094e+00
2.171174884877819125e+02 4.865393880317748221e-01 9.040079325064704463e+00
2.170857494986162806e+02 4.919666565829720062e-01 8.988819423436746447e+00
2.170860553706878306e+02 4.638051382026374680e-01 9.082770327047830605e+00
2.169734944483658694e+02 4.525181226401353562e-01 9.064727236059292537e+00
2.169239230053891845e+02 4.899678442181215066e-01 9.072968975832745642e+00
2.168404109665781618e+02 4.831019685612808479e-01 9.201325445643282919e+00
2.167908249582647215e+02 5.045085319260976808e-01 9.079932327204687681e+00
2.167926232171467689e+02 5.091649580406261144e-01 9.025047897549661968e+00
2.167981950186548374e+02 5.087459245067392777e-01 9.109110057925223103e+00
2.168337265974252830e+02 5.084400524352122863e-01 9.064159187926456696e+00
2.168385454830649905e+02 4.919083952360144840e-01 9.189379628695954594e+00
2.168329602366306972e+02 5.101733275071986817e-01 9.235832969199915254e+00
2.168510615889661892e+02 5.185371920271587554e-01 9.156085509730765182e+00
2.168698486325389752e+02 4.962163736793160917e-01 9.103081128925637699e+00
2.168223577918949445e+02 5.150975317356278893e-01 9.118613379942411612e+00
2.169232586019517441e+02 5.092747582714306498e-01 9.137127043348682420e+00
2.170403504644101531e+02 5.321591431100355374e-01 9.171513562569325373e+00
2.171057185752859766e+02 5.453094013646599958e-01 9.155190301726552349e+00
2.171116433061073678e+02 5.501103604360637611e-01 9.068258770013333248e+00
2.171442382889090652e+02 5.239902300202794461e-01 9.114503714160868242e+00
2.171686934892944691e+02 5.527097128387841174e-01 9.075244529595643428e+00
2.172400580372648449e+02 5.373175131368133073e-01 9.107780130639866911e+00
2.172649983754047582e+02 5.590433934993781495e-01 9.118631306510705414e+00
2.173004111906602702e+02 5.413263419716983771e-01 9.057297793911688544e+00
2.173442685399930667e+02 5.700491860217583584e-01 9.146231499221315175e+00
2.174281951306958831e+02 5.498504251957917477e-01 9.225079269044178076e+00
2.174465956326397986e+02 5.789273189696705346e-01 9.153401006128644823e+00
2.174866211779996092e+02 5.863791693276416694e-01 9.124577325131928873e+00
2.174895869046418682e+02 5.661927330173776030e-01 9.090532531119402293e+00
2.174934019024570659e+02 5.769307474258568158e-01 9.170082798337311658e+00
2.174841506728065212e+02 5.653333781497540400e-01 9.264871769016167491e+00
2.174716312056737593e+02 5.341982902535489242e-01 9.316161921728120632e+00
2.174852845282511566e+02 5.653008862447200800e-01 9.235029634858211267e+00
2.174946601234692309e+02 5.609167198861663151e-01 9.225170022296168781e+00
2.175902591509529032e+02 5.351080635945010266e-01 9.295445531242647164e+00
2.175870749442595695e+02 5.702105251364100180e-01 9.120938231768120019e+00
2.175939453015584775e+02 5.344066866099739244e-01 9.243136925369455525e+00
2.176233191041197585e+02 5.643989557773968491e-01 9.185164644325681138e+00
2.176655574602534386e+02 5.687203791469194192e-01 9.233844240529730740e+00
2.177698082977603065e+02 5.514907061947497136e-01 9.256569527074720583e+00
2.178141171725320078e+02 5.693332437004918756e-01 9.152506918534951907e+00
2.178330028122304043e+02 5.455424467524900844e-01 9.242964382149619240e+00
2.177886972986902379e+02 5.582938388625592330e-01 9.316584316493562667e+00
2.177334722642376050e+02 5.653120903499041505e-01 9.213390026105564345e+00
2.177131166459390670e+02 5.309065241504486998e-01 9.309236664313804255e+00
2.176335921481630749e+02 3.978622567308661706e-01 9.144192352077801900e+00
2.176319283385432470e+02 4.171983014576540749e-01 9.068458203085610236e+00
2.176487501820667205e+02 4.670532082955194952e-01 9.119429038799816922e+00
2.176721185842492616e+02 4.746630365365869797e-01 9.257308998016872792e+00
2.176824386855343789e+02 4.841405891118505944e-01 9.241524654633456848e+00
2.176963071269313161e+02 4.819333803905750946e-01 9.325926299396098074e+00
2.177174324672560033e+02 5.028861774954342945e-01 9.224908966645378072e+00
2.177802449217393246e+02 5.145451693500499024e-01 9.078462348604528387e+00
2.177514582142897268e+02 5.140006498381006761e-01 9.144411952539410748e+00
2.177593100512027604e+02 5.245224250165260171e-01 9.161894838268741736e+00
2.176566356312953019e+02 5.023864744042216834e-01 9.309624326353175050e+00
2.175346374911767668e+02 5.012895925066944702e-01 9.090420490067561587e+00
2.174642488207679207e+02 4.951475020447492215e-01 9.191855735941649286e+00
2.173976437766797858e+02 4.918691808678700150e-01 9.083453777464063350e+00
2.173161271890020600e+02 4.905515780982152019e-01 9.203826201920383809e+00
2.172649076221527480e+02 4.907554928125665294e-01 9.093754831770359814e+00
2.172598579319462715e+02 5.003394843870794251e-01 9.119561247240989488e+00
2.172807916820723051e+02 5.065611239958320855e-01 9.123683237538234181e+00
2.173287811053970131e+02 5.084512565403963569e-01 9.157003125945346156e+00
2.173948012951945543e+02 5.247554704043561058e-01 9.207970600427996644e+00
2.173892149283497588e+02 5.084277279195097421e-01 9.158266949010117841e+00
2.173911487569045278e+02 5.231465608999137373e-01 9.193854548306498842e+00
2.173497226983967039e+02 4.971922512408546435e-01 9.233058832756322332e+00
2.172656851870525259e+02 5.182985445867366314e-01 9.132597223622735072e+00
2.171950522671506860e+02 5.116276203600998995e-01 9.136207186313065165e+00
2.171242199141765639e+02 5.067056569527074172e-01 9.167397174324673159e+00
2.171533494672447944e+02 5.028492039483266618e-01 9.119823423302298337e+00
2.171849159131905935e+02 4.983910904955575760e-01 9.151913100960191727e+00
2.171978588954993086e+02 4.979978264035943014e-01 9.096893101632437251e+00
2.172302062675764489e+02 4.848195578860094446e-01 9.209268035808319652e+00
2.172295284192128122e+02 4.920562894244451257e-01 9.343291542020995877e+00
2.172003137149451675e+02 5.175209796869573164e-01 9.300005602052591414e+00
2.171499579846055497e+02 5.197237067661590881e-01 9.361064614074596335e+00
2.171431335641379121e+02 4.946085845853920859e-01 9.468748389409880062e+00
2.171408602511960453e+02 5.192374486011674950e-01 9.405901202200485756e+00
2.171449307026094289e+02 5.203130426988448187e-01 9.465158594108881829e+00
2.171596764254422851e+02 5.154695080277413854e-01 9.484724322991944234e+00
2.171281828061801775e+02 5.126124612057858521e-01 9.432377623161126934e+00
2.171328728446102616e+02 5.141440623844576452e-01 9.508559936360683196e+00
2.171680739022777971e+02 5.034362990599755561e-01 9.520987529830929219e+00
2.171979810202458054e+02 5.371382474538670682e-01 9.329411896518884362e+00
2.172071302925391763e+02 5.394731829742417384e-01 9.375486538267621128e+00
2.172272551062709454e+02 5.162325075907812089e-01 9.433641446225896843e+00
2.172297805115794347e+02 5.409879779951374257e-01 9.295798460555948495e+00
2.172395034340582356e+02 5.516935004985826785e-01 9.351156823860263145e+00
2.172492050687371830e+02 5.529819725947586750e-01 9.333592148163086577e+00
2.172495501551768484e+02 5.564798942332470633e-01 9.305207668089588324e+00
2.173024660235510339e+02 5.339069835187613133e-01 9.232601705264809056e+00
2.172961424265851065e+02 5.410316740053555673e-01 9.299935016189932568e+00
2.172691058003652529e+02 5.406697814079078901e-01 9.293418708614836987e+00
2.172320952797104781e+02 5.390093330196183974e-01 9.191730249963587340e+00
2.171974286578602289e+02 5.078529573235633920e-01 9.173162806852431572e+00
2.172391773945973910e+02 5.152353422293928231e-01 9.277616438663125464e+00
2.172351730474045723e+02 4.970499591050160926e-01 9.281508744804096267e+00
2.172306185786472099e+02 5.246613559208094246e-01 9.229810762663440471e+00
2.172264540127502812e+02 5.197786068815614113e-01 9.198600607262500617e+00
2.172268596013579440e+02 5.047158078720043184e-01 9.216290768937739131e+00
2.172481754114707542e+02 5.288718586490089857e-01 9.105971788063145667e+00
2.172844890367830715e+02 5.145832633076758977e-01 9.168057096120017846e+00
2.173056468690128042e+02 5.396266792152645264e-01 9.087973513495343880e+00
2.172762876317882785e+02 4.037141608685422267e-01 9.133387113038217819e+00
2.171719359573347674e+02 4.180823053566826708e-01 9.155130919969076686e+00
2.170239218849786482e+02 4.625726866323821018e-01 9.113701500229684171e+00
2.169141709522369013e+02 4.688301793777239768e-01 9.239284954007148443e+00
2.167732468376413237e+02 4.744893729062328314e-01 9.120298477362105416e+00
2.167138146616920551e+02 4.807636718093509232e-01 9.053690072042396508e+00
2.167067437509103343e+02 4.803782505910165757e-01 9.076203600999406262e+00
2.167634959048995427e+02 4.804073812644953367e-01 9.098624135883387254e+00
2.168145294836027972e+02 4.925033332212923054e-01 9.092476443368850525e+00
2.168204060367718853e+02 4.919453687831221167e-01 9.210772747134550187e+00
2.168508968886199852e+02 4.901359057958836196e-01 9.186686161809687334e+00
2.168678789508475973e+02 4.964460578355909814e-01 9.036048088019450475e+00
2.169087907409274862e+02 4.874368368570244359e-01 9.119879443828217802e+00
2.169038194794572689e+02 4.900294667966342832e-01 9.082903655899521311e+00
2.168529214704267645e+02 4.840419929862301296e-01 9.100601660448388586e+00
2.167761755907364432e+02 4.742921806549920127e-01 9.123357198077375330e+00
2.166957693298824665e+02 4.798225269738832233e-01 9.060084254870984566e+00
2.166773016033074555e+02 4.797183287956707232e-01 9.086996515523287243e+00
2.167280685243073037e+02 4.813081913213001495e-01 9.041910075851792072e+00
2.167759201371382574e+02 4.683629681915453813e-01 9.062205191982341645e+00
2.168322084411728383e+02 4.859567745621996004e-01 9.074857987966790773e+00
2.168945043864071920e+02 4.981961390653535382e-01 9.017961301020694265e+00
2.169494963754719663e+02 4.792959340302286875e-01 9.055357242893796510e+00
2.170579498728334045e+02 5.112489216048760055e-01 9.088649121037947864e+00
2.170839310723449103e+02 5.204228429296494651e-01 9.104283329411895664e+00
2.171313311597369307e+02 5.063359214816308684e-01 9.083262187265413345e+00
2.171592181775402537e+02 5.253873819367416154e-01 9.161965424131402358e+00
2.172221662016962966e+02 5.338666487400983707e-01 9.124939217729375329e+00
2.171909000257694515e+02 5.057914019696816421e-01 9.200625189069274512e+00
2.171650319877203117e+02 5.243991798595005749e-01 9.196252226815905928e+00
2.172154146079123507e+02 5.298667831893605351e-01 9.210286488969558150e+00
2.172216754618892480e+02 5.251767447592797788e-01 9.150011764310443496e+00
2.172578781665602321e+02 5.289177954802639636e-01 9.214326689298959039e+00
2.173310454550547206e+02 5.121598153563465816e-01 9.195636001030777607e+00
2.173751649804488295e+02 5.385398810124029101e-01 9.204342711169372748e+00
2.174112702094047336e+02 5.193976673053006810e-01 9.402548933929391950e+00
2.174535679472958805e+02 5.599329994509988362e-01 9.267064412400703333e+00
2.174736535466595058e+02 5.571241302813351171e-01 9.287325916215701582e+00
2.175297278522850775e+02 5.341960494325120878e-01 9.385668829058968043e+00
2.175106920775772323e+02 5.593638309076445214e-01 9.247178246109374555e+00
2.174497126147020367e+02 5.212877998498649523e-01 9.237048614612394459e+00
2.173188441845092029e+02 5.152723157765004558e-01 9.378903790348783076e+00
2.171578692032760785e+02 4.983149025803054188e-01 9.366255476006408287e+00
2.170332291351551248e+02 4.950085711404658695e-01 9.260797956371215278e+00
2.169722496722799292e+02 4.633648168689007418e-01 9.294471894502144949e+00
2.169654174089386345e+02 4.953615004537662569e-01 9.179312740188004582e+00
2.169638331484655964e+02 5.000436960102181416e-01 9.167378127345859440e+00
2.169719818941660208e+02 4.731874558838358169e-01 9.257173428344145805e+00
2.169548373724132659e+02 4.994453967933851213e-01 9.224879835971899311e+00
2.169310331305390207e+02 5.000336123155524337e-01 9.109810314499233286e+00
2.169215298085218535e+02 4.665467827411963753e-01 9.217951217326028512e+00
2.168924786841898822e+02 5.021310208060233427e-01 9.187759515086327156e+00
2.169436803244708756e+02 4.962051695741319657e-01 9.305261447794471508e+00
