2.070741887696493109e+02 5.551922426429135582e-01 1.007346760158031884e+01
2.070586557471848153e+02 5.548673821040915888e-01 1.001499605367008705e+01
2.070513168015414749e+02 5.578525267116857256e-01 9.984585311614935677e+00
2.070199113834035245e+02 4.954268343735940827e-01 9.757280057693446196e+00
2.070668453585689974e+02 4.336698412202252828e-01 9.976173544742003685e+00
2.069719738012813650e+02 4.341989954999558865e-01 9.802050528651918171e+00
2.069253222650035866e+02 4.355475574618009604e-01 9.717519807003814236e+00
2.069601236479494162e+02 4.589754724711393452e-01 9.758504703779657063e+00
2.069935731198556823e+02 4.821968610210891626e-01 9.856658357232724654e+00
2.069860019714904240e+02 5.078630763065031806e-01 9.763690192449169913e+00
2.068824183466942941e+02 5.016672825248473799e-01 9.708337752255324915e+00
2.066987884153168977e+02 4.873968623607202177e-01 9.780350737746003276e+00
2.065585301567703311e+02 4.875520362950716002e-01 9.824937009429886459e+00
2.065061371849215561e+02 5.077737675673080764e-01 9.729746173399615117e+00
2.064892031316109353e+02 5.260340556549735203e-01 9.865262137894925232e+00
2.064934464130819549e+02 5.338217777127808317e-01 9.846289612612180164e+00
2.064947771132959531e+02 5.394247847380295724e-01 9.872832169900945587e+00
2.065096771600713907e+02 5.475407164123786696e-01 9.850147750145405112e+00
2.065794261690234919e+02 5.580277951123560065e-01 9.864660420264598883e+00
2.065798928071857858e+02 5.604871345179393005e-01 9.855197042987645872e+00
2.065729367727617216e+02 5.609001874367164353e-01 9.751466058771848466e+00
2.066205818687630540e+02 5.640226442308229338e-01 9.719648704074376866e+00
2.066943095820462588e+02 5.533122936828579475e-01 9.906126467872855557e+00
2.068491084196930103e+02 5.311905189842470731e-01 9.843164923099593011e+00
2.069314309827645388e+02 5.597894099929781042e-01 9.884455702307180402e+00
2.069108810418757400e+02 5.664306311113691539e-01 9.728672235810794433e+00
2.068914608565378046e+02 5.279140046150291310e-01 9.824797464524893442e+00
2.068444744124880401e+02 5.361348740579323646e-01 9.690920315393812601e+00
2.067860676134137350e+02 5.555684557067726015e-01 9.778551166651222815e+00
2.067497959853488965e+02 5.281696508809748947e-01 9.873288760830080335e+00
2.067484552379017373e+02 5.274864390261329028e-01 9.839768958291703171e+00
2.067617120038759992e+02 5.373784982512233022e-01 9.802437905308176269e+00
2.067836886518734048e+02 5.598351807218155951e-01 9.798899046517572486e+00
2.067809747825611169e+02 5.664585400923675129e-01 9.804317854268232324e+00
2.068061263562369447e+02 5.499353069820456241e-01 9.719522555480264003e+00
2.068689584033383539e+02 5.759688044573991750e-01 9.699434787316819850e+00
2.068768912520973515e+02 5.755814278011407437e-01 9.787993333102619431e+00
2.068609875983651989e+02 5.765537766991266633e-01 9.754308309396730436e+00
2.068252417755023771e+02 5.707085197188114245e-01 9.682456079636603263e+00
2.068181394980178993e+02 5.433476711071716370e-01 9.694654537051404120e+00
2.067486427862540381e+02 5.690060718779059723e-01 9.711817444006211275e+00
2.065891585888772681e+02 5.397474125583716642e-01 9.744424064686318943e+00
2.065232029686224848e+02 5.586819816269595895e-01 9.680002322027219108e+00
2.064858864283090725e+02 5.530287384359137137e-01 9.696285537900953599e+00
2.065608365549600478e+02 5.577118654474535475e-01 9.587745278079504274e+00
2.065268367179484983e+02 5.322622238545875462e-01 9.725042951921755829e+00
2.065284007372436292e+02 5.614963232708433116e-01 9.661577929131283327e+00
2.065740252230206693e+02 5.756305476076979399e-01 9.542034832641004272e+00
2.065204890993101969e+02 5.593540298894023044e-01 9.711848702064930450e+00
2.064825083252490288e+02 5.856867116410592322e-01 9.531843589139610273e+00
2.065321651006007073e+02 5.926137207248743932e-01 9.502212065833937515e+00
2.065598016899446066e+02 5.936921237506544990e-01 9.515400733894564311e+00
2.066269931198779943e+02 5.686566514358054603e-01 9.619545887388378347e+00
2.066502100429910058e+02 5.954213642133183715e-01 9.497402790228283820e+00
2.066439450349364506e+02 5.739426124369118032e-01 9.487688232122344800e+00
2.065585580657513276e+02 5.772660138942070640e-01 9.471402783530129099e+00
2.064602726819079521e+02 5.703769610245498223e-01 9.415024409194781896e+00
2.064150232928355422e+02 5.630681570806759240e-01 9.360699019501678819e+00
2.063356367545650585e+02 5.288740735613757238e-01 9.439558636210898968e+00
2.063508359856168397e+02 5.514457410336817134e-01 9.341941951552241719e+00
2.062273912135829619e+02 4.446603979374146864e-01 9.269664388921697196e+00
2.062794369977081033e+02 4.713179402278935837e-01 9.242446434292769908e+00
2.062983369596402667e+02 5.239676747018483516e-01 9.212659737052744546e+00
2.063076351157497186e+02 5.323760924970611930e-01 9.327171402448621862e+00
2.063192720444668282e+02 5.402129343614258117e-01 9.301502954444728744e+00
2.063276346915332056e+02 5.453169288064222409e-01 9.199265658891969011e+00
2.064331574323290965e+02 5.681386607484741891e-01 9.207479830179432057e+00
2.065290493419620361e+02 5.915609939616128798e-01 9.125072423805690391e+00
2.065809589302599250e+02 6.029768835492186341e-01 9.028673687077807486e+00
2.066233269961340397e+02 6.070538274934721423e-01 9.053751581043773200e+00
2.065532542430023852e+02 5.895281037856857642e-01 9.109579590273831684e+00
2.064495723785931318e+02 5.834897166568613347e-01 9.014350798029402867e+00
2.063713289921843739e+02 5.726610320294629464e-01 8.989211504305240297e+00
2.063452497239801744e+02 5.653388317747097824e-01 8.957161946885859649e+00
2.063425447855418042e+02 5.817526616795177796e-01 9.063568844199787478e+00
2.063888870903101065e+02 5.884843078963437613e-01 9.041371157072861209e+00
2.064489405192633455e+02 6.026263467478780722e-01 9.032927015781970326e+00
2.065064810235674599e+02 6.019777420294740722e-01 9.093774176154790112e+00
2.065892869701898462e+02 5.722502118291658002e-01 9.141487370069738105e+00
2.066534072958541799e+02 6.088567476659718647e-01 9.002121082555882836e+00
2.066718473177794806e+02 5.929754211186142321e-01 9.086088042787816121e+00
2.067273035793826352e+02 6.155895102420378961e-01 9.061220024358958014e+00
2.068726691814519256e+02 5.926237679580338424e-01 9.240698215723027076e+00
2.069260802729274928e+02 6.313469209137623217e-01 9.096690106489507599e+00
2.069076525309538397e+02 6.233694177851656359e-01 9.139484621593290115e+00
2.068149969467574749e+02 6.150447269329480937e-01 9.034176221771460291e+00
2.067591533084980711e+02 6.060156134003297224e-01 9.043062441321367828e+00
2.067492322239327223e+02 5.890592329049119114e-01 9.143485653109227229e+00
2.067530490561740919e+02 5.955921671770288972e-01 9.107268726647159696e+00
2.067667501331258393e+02 5.828187847536585586e-01 9.077210754111829871e+00
2.067735643899264346e+02 6.093211531097860734e-01 8.997303992435549347e+00
2.068192067374512817e+02 5.823577283875641664e-01 8.950270661297722086e+00
2.068969499949205613e+02 6.070538274934721423e-01 8.896529127487108113e+00
2.070227000487849125e+02 5.978851690558615317e-01 8.808497503262559647e+00
2.070963272897365357e+02 6.163888234578334124e-01 8.879032429119561698e+00
2.071539303101580742e+02 5.898909205386656529e-01 8.869297776547302448e+00
2.071438093972888055e+02 6.036076265197836133e-01 8.786342237786751497e+00
2.071384184985191439e+02 6.045386701258917972e-01 8.793283759540685196e+00
2.071324046712936138e+02 5.695117826135979167e-01 8.833884628737989075e+00
2.070503377544880550e+02 5.874114866667634605e-01 8.673900302421717612e+00
2.069457348937058612e+02 5.433208784854131057e-01 8.744332523228644405e+00
2.068827867452434646e+02 5.591140126528155729e-01 8.740234368458832392e+00
2.067716040631010799e+02 5.244923635446192556e-01 8.766073619426437702e+00
2.066894176958568607e+02 5.461798744988942689e-01 8.704887085844676520e+00
2.066460337430743834e+02 5.279385645183077846e-01 8.764738453775471783e+00
2.065767201142258784e+02 5.583414920587785879e-01 8.617823345081154329e+00
2.065697562652871397e+02 5.298520042555614484e-01 8.671624045931483948e+00
2.065503851997557376e+02 5.491851135728073041e-01 8.668139888743638721e+00
2.065652774320165008e+02 5.672009189869263723e-01 8.605075638920302694e+00
2.065478253880185662e+02 5.438265892211050501e-01 8.594149831039029408e+00
2.065544867036032599e+02 5.371395973738765095e-01 8.563739088983878034e+00
2.065464634297458417e+02 5.636799219441619435e-01 8.540754368592795132e+00
2.065532229849436590e+02 5.304939108185257046e-01 8.645515752387055386e+00
2.065539475020903808e+02 5.561177044528220481e-01 8.542106279632360355e+00
2.064421809640654999e+02 5.269584011056421824e-01 8.539596704060979704e+00
2.063402439691483039e+02 5.385216501129197475e-01 8.489985699438136635e+00
2.062714740072496511e+02 5.062432390493530887e-01 8.415329175267284967e+00
2.062460757181817996e+02 5.360578452703765873e-01 8.384062185675102086e+00
2.061916732997011366e+02 5.112545756774347083e-01 8.524513574370178759e+00
2.061666969944260188e+02 5.385406282199987071e-01 8.438415484349201634e+00
2.060552073134926445e+02 4.264135061606284527e-01 8.300081829132286870e+00
2.060983947870489033e+02 4.543570942955159064e-01 8.394459955635884540e+00
2.061471093552020761e+02 5.205091937765204957e-01 8.261568551713667219e+00
2.062615518063250590e+02 5.455223389065707584e-01 8.319821293212870117e+00
2.063171074239005804e+02 5.614650652121250252e-01 8.353836759253780997e+00
2.063922339353114523e+02 5.707877812248470795e-01 8.441908572410968148e+00
2.064514322330868765e+02 5.707353123405699558e-01 8.469501623744514873e+00
2.065086300151043304e+02 5.885457076545403954e-01 8.379556559782711744e+00
2.065537532555826203e+02 5.879038010915760282e-01 8.501768871215681145e+00
2.065359774674051039e+02 5.860551101902388149e-01 8.483246238706630749e+00
2.064265977054352277e+02 5.876213622038717332e-01 8.427833515113830387e+00
2.063679843799015146e+02 5.697707779572634967e-01 8.540781161214553663e+00
2.063620710250075660e+02 5.619942194918555733e-01 8.503577373184381116e+00
2.063751882460768456e+02 5.642135416608522469e-01 8.410656095488903361e+00
2.064525977121333824e+02 5.633472468906604025e-01 8.407211010874455326e+00
2.065252369751576680e+02 5.579295554992413919e-01 8.450108231028311323e+00
2.065937111018577355e+02 5.580858457928327132e-01 8.456645630737389396e+00
2.066302060017705458e+02 5.779414112343695953e-01 8.497661785571949622e+00
2.066767972546493581e+02 5.772001486990507857e-01 8.474804330134219299e+00
2.067136371095673155e+02 5.519838261873317720e-01 8.566670648347955108e+00
2.067227365537320338e+02 5.761809127129874364e-01 8.458122574011825989e+00
2.068028498418677259e+02 5.783377187645475370e-01 8.472192049512765166e+00
2.069640699778626072e+02 5.865675190813702811e-01 8.426720504951610735e+00
2.070797605186158421e+02 5.920745192119842848e-01 8.416106161298280597e+00
2.070962234683272243e+02 5.670200687900563974e-01 8.490251392937242514e+00
2.070907890315471889e+02 5.824503862044790869e-01 8.491141131251472629e+00
2.070609465163451830e+02 5.550739085634800452e-01 8.645999135937948665e+00
2.070661978702098338e+02 5.840992488018674766e-01 8.523645046881506815e+00
2.071797985864659211e+02 5.680783773495176048e-01 8.612475984321850575e+00
2.072317360837448064e+02 5.991455386377514403e-01 8.628284747518613074e+00
2.073256185467458579e+02 5.940102861340368356e-01 8.652006265008054697e+00
2.074543336507514653e+02 5.701916453907202031e-01 8.730555533848569638e+00
2.075569828828637640e+02 6.099418488471916033e-01 8.679757839353673177e+00
2.076706985841215669e+02 5.866534787428455688e-01 8.774806897760472069e+00
2.077859236030717796e+02 6.168286689983689675e-01 8.794607761599252171e+00
2.079065004482182246e+02 6.422515179694765486e-01 8.816042975365300904e+00
2.080108800371524467e+02 6.122013599488260738e-01 8.818663070501434831e+00
2.080805218756174781e+02 6.331018376389448976e-01 8.815686856767760204e+00
2.081795697328217329e+02 6.173444269672203610e-01 8.807680328298925332e+00
2.081964200591893643e+02 5.814467792477747698e-01 8.832116315701927789e+00
2.081435046312163024e+02 5.754184393521097896e-01 8.780018062692501957e+00
2.081162252768291694e+02 5.590526128946190498e-01 8.841739332350192271e+00
2.080594126387495066e+02 5.877173690985064702e-01 8.697521347579565187e+00
2.080517622288782036e+02 5.517493907469448455e-01 8.773741891045570895e+00
2.080666913009938810e+02 5.933092125313557119e-01 8.646839754445622361e+00
2.081159015326495876e+02 5.712019505028640420e-01 8.720128738547549219e+00
2.081306397073352628e+02 5.911814318200339091e-01 8.667338342809362217e+00
2.081951161515971194e+02 5.697506834909445983e-01 8.749292507331690061e+00
2.081957245673828822e+02 5.934297793292689915e-01 8.707383265105177017e+00
2.082719261327418110e+02 5.724857636287926654e-01 8.657810216696491423e+00
2.082494158650277143e+02 5.894946130084877112e-01 8.654269125187408207e+00
2.082466852503268058e+02 5.757399508132119426e-01 8.639105617631331668e+00
2.082513616791829065e+02 5.947694104171946661e-01 8.537283607715828282e+00
2.083056245527585872e+02 5.672567369489232014e-01 8.605005308288186328e+00
2.082728404309593202e+02 5.691020787725407093e-01 8.485912104571601944e+00
2.081578375674978645e+02 5.313311802484792512e-01 8.457671564878891601e+00
2.080782578990788920e+02 5.482328591411401719e-01 8.493694244833211116e+00
2.080463434211275455e+02 5.265833044010230779e-01 8.463262291952501570e+00
2.079649619488953078e+02 5.250862666602662543e-01 8.259460865468664537e+00
2.079464292691531000e+02 5.546005722457464371e-01 8.350340322114295333e+00
2.077906290572681201e+02 4.125416262451591654e-01 8.183627698658916927e+00
2.077375082191948934e+02 4.439247171982955154e-01 8.235087394183098652e+00
2.078193161406568095e+02 5.136179081883833764e-01 8.217647630136786674e+00
2.078495024945047192e+02 5.443278345198371282e-01 8.121299129574699904e+00
2.078905086021061095e+02 5.488211804605874766e-01 8.153549631657268648e+00
2.079759011530874488e+02 5.552938313337478782e-01 8.162470458343612734e+00
2.081397860385880847e+02 5.493927563914356993e-01 8.184491760710630004e+00
2.081712215984254897e+02 5.628091617370103439e-01 8.186485578313158484e+00
2.082187684548136986e+02 5.554344925979800562e-01 8.172726450680922738e+00
2.081819274835364979e+02 5.706348400089755746e-01 8.271429352880039332e+00
2.081271053139816161e+02 5.587165887633976924e-01 8.287965982301241041e+00
2.080388414870351710e+02 5.200593010028254914e-01 8.484585869794555535e+00
2.079547584254422645e+02 5.390284772078516307e-01 8.390739130289171399e+00
2.079265993799740784e+02 5.196830879389664481e-01 8.353394680994766119e+00
2.079260367349171474e+02 5.555014741523763844e-01 8.399120755462625709e+00
2.079210711690178925e+02 5.397887178502492889e-01 8.394437628451084876e+00
2.079254506463161931e+02 5.277152926703201352e-01 8.549852696398289709e+00
2.079677439161212362e+02 5.565050811090805905e-01 8.432888389752267955e+00
2.079759547383309837e+02 5.517493907469448455e-01 8.487968438291568773e+00
2.079728043725558848e+02 5.449529956942024134e-01 8.482309613304323648e+00
2.080369023710353815e+02 5.813820304118584303e-01 8.421183363121519605e+00
2.080916285336956264e+02 5.669140146622622112e-01 8.501896136169035501e+00
2.081446377358448387e+02 5.885155659550620477e-01 8.489688747880313358e+00
2.082042356902281597e+02 5.906466957441036669e-01 8.486268223169142644e+00
2.082414595727246649e+02 5.625311882862658042e-01 8.608178001248090183e+00
2.081975486983809560e+02 5.888705681933623648e-01 8.566416118441249949e+00
2.081367249815521632e+02 5.457969632795954817e-01 8.659413308565042655e+00
2.080696719801645429e+02 5.571045660209272832e-01 8.663882094602515238e+00
2.080663965821545389e+02 5.346612798612142559e-01 8.663016916191562444e+00
2.079636011069818267e+02 5.255227631230819929e-01 8.699243889886789205e+00
2.079044061582841039e+02 5.422022865269952030e-01 8.800857140624424702e+00
2.078994651522881441e+02 5.557604694960419645e-01 8.654415368247841300e+00
2.079060427409298484e+02 5.372199752391521033e-01 8.818229923116339464e+00
2.079007489654140670e+02 5.207480946538672884e-01 8.833291841981582238e+00
2.078546533760377883e+02 5.429893197911515035e-01 8.773236180309879728e+00
2.078365237019812071e+02 5.433208784854131057e-01 8.814934430640041896e+00
2.078357076433768214e+02 5.440420465544130169e-01 8.750680141866931550e+00
2.078010491544137039e+02 5.156485656458306144e-01 8.836927824026060918e+00
2.077929678298757779e+02 5.409709422853437033e-01 8.743564468071568285e+00
2.077886731958797384e+02 5.361996228938487041e-01 8.887367167204937246e+00
2.076954873410444122e+02 5.003879348358784007e-01 8.884796191875361515e+00
2.076021206360121880e+02 5.192119843397126067e-01 8.944188736158540820e+00
2.075598340643625761e+02 5.294545803661434569e-01 8.850512799616865323e+00
2.075454330301673735e+02 5.079903412598560930e-01 8.913865070124105117e+00
2.075360176563377479e+02 5.283795264180832785e-01 8.843044356301680509e+00
2.075427314408067332e+02 5.293496425975893205e-01 8.973546751450429682e+00
2.075002070846390154e+02 5.375984210214910242e-01 8.991790294149495821e+00
2.074405075415648412e+02 5.437908657254270084e-01 8.872169052512422383e+00
2.073589262410286551e+02 5.090095772459194423e-01 8.821215067723933601e+00
2.072989051864933856e+02 5.325591754124110455e-01 8.802072855836716059e+00
2.073114206899323335e+02 5.099674134737861575e-01 8.897115216088076650e+00
2.073004546931184393e+02 5.353377935606166149e-01 8.878591467219784761e+00
2.072554776957005629e+02 5.338240104312607093e-01 8.776802948081479983e+00
2.072588982204117372e+02 5.331809875090565143e-01 8.831510132634640797e+00
2.072389187390945722e+02 5.554233290055806682e-01 8.750790661431686601e+00
2.070727531316667580e+02 5.448759669066466360e-01 8.777974008924175564e+00
2.068688936545024433e+02 5.072624750354165490e-01 8.743796670793473780e+00
2.067169482310729620e+02 5.351234525865485869e-01 8.686601121494492261e+00
2.066580390703406920e+02 5.360734742997357305e-01 8.699269566149308019e+00
2.066482017127183326e+02 5.309538508253801581e-01 8.591792080324280434e+00
2.064032981717384700e+02 4.228545529037062156e-01 8.524077077907362465e+00
2.063584305775261214e+02 4.455333908630461637e-01 8.580849527054407844e+00
2.063564088509425858e+02 5.012531132468304174e-01 8.494620823002358989e+00
2.063713859265056101e+02 5.072066570734196089e-01 8.718003190554707516e+00
2.064005184372310282e+02 5.168475354695239998e-01 8.612776284957394779e+00
2.064222394389624924e+02 5.193102239528271102e-01 8.603758335017175796e+00
2.064546127405614584e+02 5.185734268544680559e-01 8.649520132980713427e+00
2.065043644064485306e+02 5.303889730499715682e-01 8.646725885803148159e+00
2.065622230731360389e+02 5.398646302785651274e-01 8.703368837278361525e+00
2.066100802773929388e+02 5.377055915085250382e-01 8.706631955336700202e+00
2.065202021949855293e+02 5.306758773746356184e-01 8.862754795042025791e+00
2.064383819935719941e+02 5.331754057128568203e-01 8.758779328152682453e+00
2.063914480184065212e+02 5.327456074054806034e-01 8.955738588854938342e+00
2.063619761344721724e+02 5.398769102302044542e-01 8.855418082117152423e+00
2.063610049019334269e+02 5.375850247106117585e-01 8.864239552831142177e+00
2.063785183456895709e+02 5.386958021543500896e-01 8.877204949043782989e+00
2.064133922919859856e+02 5.335415715435564143e-01 8.913019986179472554e+00
2.064490309443617662e+02 5.353132336573379613e-01 8.845579608135579974e+00
2.065239029258659400e+02 5.548048659866550159e-01 8.664979475735373526e+00
2.065788278004708900e+02 5.684858484720949345e-01 8.798696985495144673e+00
2.066064900660772992e+02 5.597112648461823881e-01 8.758784909948881037e+00
2.066373808426056371e+02 5.786268558076914648e-01 8.784259111445026136e+00
2.066579218526204897e+02 5.854243672196738357e-01 8.783917505517605306e+00
2.067011026280212889e+02 5.930959879165276227e-01 8.723715600785469704e+00
2.067965055723071544e+02 6.057476871827446319e-01 8.744054549777899865e+00
2.068146821334518108e+02 6.087395299457784015e-01 8.713052137325583146e+00
2.067455125149452613e+02 6.040798464782772825e-01 8.744197443760612032e+00
2.066651659077284364e+02 5.680928900196368092e-01 8.755318614508874830e+00
2.066288585561679270e+02 5.814199866260163496e-01 8.819364144104115510e+00
2.066230211137022934e+02 5.878569140034987095e-01 8.775024587812259469e+00
2.066693388585673290e+02 5.849354018725809734e-01 8.637031422163525818e+00
2.067232299845161094e+02 5.709150461781999919e-01 8.754777180277503845e+00
2.067803217124057653e+02 5.776399942395863407e-01 8.660478315279943828e+00
2.069007098928406663e+02 5.736903152486857449e-01 8.695460548422639491e+00
2.069646571828228048e+02 6.079044932343048435e-01 8.776422269580661961e+00
2.070824632243357257e+02 5.678260801612915465e-01 8.822542418860219726e+00
2.071614902949309567e+02 5.902805299134039618e-01 8.815777281866195025e+00
2.072118124203896343e+02 5.846697083734757605e-01 8.820595488345768231e+00
2.072848111510891727e+02 6.134974530263941350e-01 8.750404401134668220e+00
2.073071751757428558e+02 5.926795859200306715e-01 8.652741945747173702e+00
2.073155824771788218e+02 5.881706109499212909e-01 8.793827426490535615e+00
2.072543981763155330e+02 5.732437715527105571e-01 8.779632918754723292e+00
2.071336226192243828e+02 5.647616740476618657e-01 8.862517010523918159e+00
2.069852796870621887e+02 5.603308442243479792e-01 8.836673294119353983e+00
2.068422986283293881e+02 5.314729578719513681e-01 8.738918180914945211e+00
2.067388277558165157e+02 5.459979079427843551e-01 8.773683840365094966e+00
2.066663045941531891e+02 5.501273207713148761e-01 8.734581125267785850e+00
2.066682593391822991e+02 5.212705507781582037e-01 8.699512932463614234e+00
2.066462614803593283e+02 5.512023747193751655e-01 8.686895840333836105e+00
2.066200259218615543e+02 5.532285667398626483e-01 8.723983527003055016e+00
2.065665400343168869e+02 5.265676753716639347e-01 8.685719197694941940e+00
2.065358122462375832e+02 5.581974817168265934e-01 8.686816578827800228e+00
2.065384580176362306e+02 5.280435022868619210e-01 8.695428174004682376e+00
2.065385886316673236e+02 5.553686274028236669e-01 8.658857361663553576e+00
2.065616403336127860e+02 5.559949049364288909e-01 8.667125118194533684e+00
2.066304705789104048e+02 5.610185215161498373e-01 8.616626607975939933e+00
2.066500481709012149e+02 5.397998814426486769e-01 8.607911191389744587e+00
2.066277801531421687e+02 5.538526115549879947e-01 8.530529634314204301e+00
2.064690528473300617e+02 5.167358995455301196e-01 8.581385379489578469e+00
2.063542364158616920e+02 5.463183030446465693e-01 8.657353625767356675e+00
2.058529955825664786e+02 4.263978771312693095e-01 8.364493524558229254e+00
2.058901100618574560e+02 4.491035077123677888e-01 8.558825991968911140e+00
2.059688357154578853e+02 5.198293309993983202e-01 8.496322154484024836e+00
2.060026234442138673e+02 5.222797395310621038e-01 8.667702275921582711e+00
2.060346216491082032e+02 5.416184306445076535e-01 8.421341886133589583e+00
2.060541769139141763e+02 5.491147829406911596e-01 8.492018589614064084e+00
2.060472722320151604e+02 5.426075249310927662e-01 8.630427040900054081e+00
2.060817476380629500e+02 5.544219547673563397e-01 8.580514619282427091e+00
2.061011700561193720e+02 5.538213534962697082e-01 8.636075818654139979e+00
2.060827188706016955e+02 5.546742519555822870e-01 8.628266885770774053e+00
2.061610303549240939e+02 5.458226395421140742e-01 8.718082452060743393e+00
2.062371426115438169e+02 5.477349629201277992e-01 8.760837894591128716e+00
2.063035626372424076e+02 5.616916861378323800e-01 8.794489427519817326e+00
2.062812120088996153e+02 5.681074026897559026e-01 8.839739932951463430e+00
2.062089110027250456e+02 5.704964114632232741e-01 8.824887889623330040e+00
2.061581289372595052e+02 5.746168934178342846e-01 8.830953069373912001e+00
2.061510701977853728e+02 5.694492664961613437e-01 8.834482997290596273e+00
2.061909152917772303e+02 5.558386146428375696e-01 8.746799677148906937e+00
2.061916543215940578e+02 5.701570382542821003e-01 8.746512772824242887e+00
2.062311946495134407e+02 5.478410170479219854e-01 8.817964229617233585e+00
2.062684631863795346e+02 5.708782063232820114e-01 8.769160352724865604e+00
2.063379431527547752e+02 5.752029820188017117e-01 8.804456282813983847e+00
2.063864958488181571e+02 5.626818967836574314e-01 8.767002430314065009e+00
2.064554299155250874e+02 5.825676039246725502e-01 8.888322770714324861e+00
2.064975724768327439e+02 5.983685526067545890e-01 8.818409656953969389e+00
2.065624530431394703e+02 6.124391444669329276e-01 8.786249579969835466e+00
2.066272029954151037e+02 5.998510776773923192e-01 8.783559154201585173e+00
2.066793347392017495e+02 6.153695874717700631e-01 8.796704284251855910e+00
2.066786191529289454e+02 5.962363064584731420e-01 8.766319218459223350e+00
2.066745756997618741e+02 5.971081830248646805e-01 8.741598559450036277e+00
2.066323616914628758e+02 5.983629708105550060e-01 8.853649769081091137e+00
2.066430195731265655e+02 5.885591039654196610e-01 8.865609325618546421e+00
2.066493482136577597e+02 6.067792031204473080e-01 8.791787838159168089e+00
2.066957753617282947e+02 5.889018262520806513e-01 8.789183372052393750e+00
2.067222866609583605e+02 6.182073726596923890e-01 8.694920230550509999e+00
2.067932725959482809e+02 6.177798070707961609e-01 8.715511476731165885e+00
2.068684872997391153e+02 5.959639148039282963e-01 8.749683233065667309e+00
2.069607365291721521e+02 6.145847869260936402e-01 8.719126247950084618e+00
2.069766156230010097e+02 6.328417259360392677e-01 8.757640641727945763e+00
2.069451421069494472e+02 6.034881760811101614e-01 8.863177895193961930e+00
2.069899561159182895e+02 6.271203848313572360e-01 8.765691824566378187e+00
2.070199370596660629e+02 6.097543004948819956e-01 8.687230748105816858e+00
2.070549114782940592e+02 6.413952704324440424e-01 8.678405928314107953e+00
2.070536723195377249e+02 6.097755113204408328e-01 8.735399416590661659e+00
2.069829822197463898e+02 6.143726786705054899e-01 8.709650590721491170e+00
2.069214976182475709e+02 5.980738337674109673e-01 8.871186656381276237e+00
2.068684884160983586e+02 5.927220075711483460e-01 8.764214881291939818e+00
2.068912331192528313e+02 5.917373787215230996e-01 8.703335346501162917e+00
2.068574018524865323e+02 5.411261162196950858e-01 8.774169456634467679e+00
2.068368630751901378e+02 5.552659223527494081e-01 8.705258833471575031e+00
2.067783100330553907e+02 5.255350430747213197e-01 8.804514333494461553e+00
2.067362936203418542e+02 5.637591834501974875e-01 8.614959883630712412e+00
2.067340921599206922e+02 5.469323006266124665e-01 8.725982926401783857e+00
2.067191407606202063e+02 5.154855771967996603e-01 8.786773152453367430e+00
2.067176493046756605e+02 5.405523075703668745e-01 8.784207758919990283e+00
2.067203910829689448e+02 5.290951126908834956e-01 8.881159093471643118e+00
2.067198195070380962e+02 5.681654533702327203e-01 8.922266789763879657e+00
2.067403806115192708e+02 5.789182255693152701e-01 8.798302910683446498e+00
2.067524618512138659e+02 5.556544153682478893e-01 8.926347082785852649e+00
2.066698010312926783e+02 5.676496954013814378e-01 9.012609277615100112e+00
2.060887773521968143e+02 4.382603104148502515e-01 8.806197803228288379e+00
2.060291213471330138e+02 4.601509987507940158e-01 8.828513824434647717e+00
2.059695870252263603e+02 5.087182074842956370e-01 8.826611548289793774e+00
2.059635620344084259e+02 5.145880243678895294e-01 8.980529578496241783e+00
2.059679225335996193e+02 5.142843746546263972e-01 9.073673011680467582e+00
2.060169519150584563e+02 5.290113857478880854e-01 9.061140762852922137e+00
2.060115252927931238e+02 5.518766557002977580e-01 8.909550341661745421e+00
2.060120008618293355e+02 5.475708581118570173e-01 8.901914444460569342e+00
2.060209328521080749e+02 5.458672939117116263e-01 9.002943839315715735e+00
2.060792481097247162e+02 5.429335018291545634e-01 9.054132259544592998e+00
2.061316433142919777e+02 5.517683688540236941e-01 8.963029531050974441e+00
2.062062015988497023e+02 5.562137113474567851e-01 8.865535645908710904e+00
2.062647546409844495e+02 5.570989842247275892e-01 9.008018808420475310e+00
2.062812231724920196e+02 5.620969245419299432e-01 9.025993308542716420e+00
2.062158491754012459e+02 5.652874792496725975e-01 9.051928566404955134e+00
2.061515089269666703e+02 5.594277095992381543e-01 9.074848537960122030e+00
2.061010818637394379e+02 5.623871779443138097e-01 8.980516182185363405e+00
2.060690579825825637e+02 5.711394343854274691e-01 8.981562210793184065e+00
2.060996607384269907e+02 5.579396027324008411e-01 9.085017454276716364e+00
2.061240833295190953e+02 5.620578519685320851e-01 9.109675597168466865e+00
2.062321424385081343e+02 5.286641980242674510e-01 9.225943295648766806e+00
2.062864030793653285e+02 5.744483231726036365e-01 9.187893307314720204e+00
2.063489582693752595e+02 5.629163322240443579e-01 9.232346732249050447e+00
2.064001020352345392e+02 5.866557114613254464e-01 9.285808059890440447e+00
2.064814790420298038e+02 5.967509480680844858e-01 9.249480613863619638e+00
2.065509132376762409e+02 6.000084843302235793e-01 9.227310835717689841e+00
2.066248597573704728e+02 6.076410324536795082e-01 9.163573421272671382e+00
2.067145770840473347e+02 6.122381998037440543e-01 9.077534498291411680e+00
2.068639146922923260e+02 5.785788523603742073e-01 9.176757623896339311e+00
2.069834309961608483e+02 6.053536123710465677e-01 9.226732561631402874e+00
2.069395670089051862e+02 6.019621130001150400e-01 9.251874088074046654e+00
2.068928339784029049e+02 6.006883471073457548e-01 9.312313777324288111e+00
2.069089452749537088e+02 6.035908811311845312e-01 9.260779285731031152e+00
2.069539088760606944e+02 5.867427874820405620e-01 9.209938053225775079e+00
2.069968965213129763e+02 6.144139839623831145e-01 9.095618401619168125e+00
2.070390535952907385e+02 6.176927310500810453e-01 9.080915950429183425e+00
2.070819854225810559e+02 6.117994706224484380e-01 9.076508564149909475e+00
2.071571956609349172e+02 6.062868886956347403e-01 9.174164321381963916e+00
2.071738249481730350e+02 6.107679546847457619e-01 9.274558507829585352e+00
2.072099146096817321e+02 6.102131241424965102e-01 9.138225368370640922e+00
2.072403956823690123e+02 5.773653698665616174e-01 9.254417154422624137e+00
2.072273889808644753e+02 5.975033741958026834e-01 9.217121824934777052e+00
2.072648071098687410e+02 5.999359209796275572e-01 9.236091001139802970e+00
2.072462063322128927e+02 5.814478956070147087e-01 9.392173651912491650e+00
2.071884112980020518e+02 5.958333007728554565e-01 9.381894216031142264e+00
2.070526776434549561e+02 5.961157396605598624e-01 9.358507606313681393e+00
2.069585730249651476e+02 5.572898816547570133e-01 9.427578985207123452e+00
2.068887737798472699e+02 5.616794061861930532e-01 9.278210118903421844e+00
2.068634815449072164e+02 5.597414065456607357e-01 9.351454448635752925e+00
2.068538853208807211e+02 5.670133706346167646e-01 9.347573983917728313e+00
2.068356819671142830e+02 5.387393401647075919e-01 9.433952280107929411e+00
2.067621618966497010e+02 5.717757591521921423e-01 9.295206688331477451e+00
2.067153049502717863e+02 5.632568217922254705e-01 9.431098865890648497e+00
2.066839642809697466e+02 5.577933596719689691e-01 9.433438754857558450e+00
2.066909214317530541e+02 5.585446694404472279e-01 9.322325286988052184e+00
2.067644258731882871e+02 5.604145711673433894e-01 9.321292654691108126e+00
2.067710068109077213e+02 5.376073518954105346e-01 9.328337997854356800e+00
2.067770731070175430e+02 5.600651507252427663e-01 9.368113877573348347e+00
2.067630248423421619e+02 5.740095939913080203e-01 9.391463647435889683e+00
2.067806633183331826e+02 5.496271918318227367e-01 9.438291568473568205e+00
2.063095775808272094e+02 4.432716470429318156e-01 9.293723046901600782e+00
2.062202934015354288e+02 4.621180237315647421e-01 9.224471934170528797e+00
2.061715632043529070e+02 5.105635493079130338e-01 9.225271247386324092e+00
2.061388750894482769e+02 5.078731235396625188e-01 9.421481431038582599e+00
2.061295523734355584e+02 5.171802105230254298e-01 9.427438323942890719e+00
2.061326134304714799e+02 5.205326373205592105e-01 9.397740935442062238e+00
2.061655225845055952e+02 5.154710645266804558e-01 9.500519665226191179e+00
2.061939752324539086e+02 5.260775936653311335e-01 9.526239465755121927e+00
2.062163783296809640e+02 5.295249109982596014e-01 9.307957743570050013e+00
2.061904944243437683e+02 5.546295975859847349e-01 9.369066132005015035e+00
2.062137202783306975e+02 5.521177892961243172e-01 9.364166431300926519e+00
2.062572047034447564e+02 5.635872641272471339e-01 9.362611342879693765e+00
2.062723079276018723e+02 5.629732665452812368e-01 9.436080060819250548e+00
2.062899687307777015e+02 5.719778201746209545e-01 9.398745658758006272e+00
2.063341006442509240e+02 5.832016959729573458e-01 9.310267490837482285e+00
2.062744133811283973e+02 5.777270702603014563e-01 9.357374501685145063e+00
2.061910693493523468e+02 5.661258650388660829e-01 9.435242791389297778e+00
2.061502407428700963e+02 5.618546745868633341e-01 9.361864498548174041e+00
2.061493465391189090e+02 5.651937050735178492e-01 9.304734814444348245e+00
2.061824164488835720e+02 5.604290838374625938e-01 9.266973963153446903e+00
2.062017953289296770e+02 5.601566921829177481e-01 9.261052793744815048e+00
2.062695549857161836e+02 5.669229455361817216e-01 9.270039485626316633e+00
2.063091131753833736e+02 5.753090361465957869e-01 9.132901451155376549e+00
2.063646821892697858e+02 5.814021248781773288e-01 9.168939760139053874e+00
2.063903160301372282e+02 5.790521886781078154e-01 9.139585093924884163e+00
2.064424321448944966e+02 5.770907454935367831e-01 9.116524461105486310e+00
2.065192789658941024e+02 5.931841802964826771e-01 9.177788023474802159e+00
2.065890391384385794e+02 5.694771754771598138e-01 9.290776974867403837e+00
2.066293598014666770e+02 5.968391404480396512e-01 9.213534962696856567e+00
2.066796685306144639e+02 5.961045760681604744e-01 9.244378852137101532e+00
2.066021842684888554e+02 5.709730968586766986e-01 9.384423886068841369e+00
2.065375169267969682e+02 5.875767078342742922e-01 9.266470485136235169e+00
2.064521634483890296e+02 5.802679038904002828e-01 9.294663021381628809e+00
2.064298317981533160e+02 5.678618036569695882e-01 9.365010398886319365e+00
2.064351345045430151e+02 5.456886764333215289e-01 9.357285192945949959e+00
2.064358757670783291e+02 5.686823276983240527e-01 9.359860633712486333e+00
2.064521187940194409e+02 5.754106248374302179e-01 9.315627131548422923e+00
2.064869212933245137e+02 5.806195570509807835e-01 9.285630558771289955e+00
2.064927978083635480e+02 5.840233363735516381e-01 9.518130232236211796e+00
2.064771911061891956e+02 5.849912198345779135e-01 9.414391433505736373e+00
2.065299357311985489e+02 5.645517985105534819e-01 9.401837973852634534e+00
2.065032860034227440e+02 5.836527051058922888e-01 9.472140696987727537e+00
2.064959425923424590e+02 5.584765715268110720e-01 9.508806399864250025e+00
2.064606120551168829e+02 5.823889864462824528e-01 9.461890286446617893e+00
2.064578200406577935e+02 5.713582407964553633e-01 9.447054988507082030e+00
2.064403490185527801e+02 5.660521853290301220e-01 9.523489872947154211e+00
2.062945804107978631e+02 5.683876088589804310e-01 9.526729547461455283e+00
2.061838319923998313e+02 5.437930984439068860e-01 9.440257477095098437e+00
2.060586992851951891e+02 5.172427266404620028e-01 9.385690953806170356e+00
2.060049878930840350e+02 5.479437220979962442e-01 9.310460620985990587e+00
2.059536398334838623e+02 5.434023727099285273e-01 9.390537069266741810e+00
2.058923773874737719e+02 5.121275686030661856e-01 9.413761806894411777e+00
2.058062056177429611e+02 5.408280483026316476e-01 9.421551761670698966e+00
2.057904694178968157e+02 5.446102734075414231e-01 9.428022179825379823e+00
2.057880670128124621e+02 5.426979500295276981e-01 9.548520879825044716e+00
2.058564976015021841e+02 5.285112568083959461e-01 9.509872522938390915e+00
2.059453798914675531e+02 5.726788937773019672e-01 9.567965625066284119e+00
2.059790637988141953e+02 5.716953812869166596e-01 9.539614565808818725e+00
2.060300602052538181e+02 5.687247493494416162e-01 9.669818893040504904e+00
2.060266274005909963e+02 5.874427447254816359e-01 9.674978705447498939e+00
2.060135179940364196e+02 4.580042399323933089e-01 9.664899097870097933e+00
2.058237302250915093e+02 4.684142898448149239e-01 9.660746241497529141e+00
2.056683408334068304e+02 5.304559546043678964e-01 9.653028850071837752e+00
2.056438244681385470e+02 5.299323821208369312e-01 9.762752450687621320e+00
2.056378352008162835e+02 5.284074353990816375e-01 9.729099801399691216e+00
2.056260698907865674e+02 5.475027601982207504e-01 9.920224968714032698e+00
2.056101026045777473e+02 5.529416624151985982e-01 9.872810959075387416e+00
2.055686365569694942e+02 5.728463476632926765e-01 9.821748687440623016e+00
2.055782327809959895e+02 5.760134588269967271e-01 9.777463832751523753e+00
2.056007184888068196e+02 5.803605617073152034e-01 9.609192771797193444e+00
2.056185199532468744e+02 5.775696636074701962e-01 9.638459245631407768e+00
2.056718484341387239e+02 5.578435958377662152e-01 9.853112800286680795e+00
2.057288318751820952e+02 5.796170664535165162e-01 9.732091644162725430e+00
2.058022179825379112e+02 5.765347985920477036e-01 9.734197097689248679e+00
2.058413463738977214e+02 5.895202892710063036e-01 9.694974932153266778e+00
2.059068264251162930e+02 5.974631852631649975e-01 9.782090025441826597e+00
2.059898757380530014e+02 6.104587231752829357e-01 9.630856839207430298e+00
2.059114950394577193e+02 6.089639181530059897e-01 9.667990296605486478e+00
2.058295073841582052e+02 6.055344625679165427e-01 9.768064087951247032e+00
2.057735074556051700e+02 6.070527111342322035e-01 9.760457216090308918e+00
2.057999819149803216e+02 5.920521920271856198e-01 9.869651662426361938e+00
2.058486440142492029e+02 5.965935414152532257e-01 9.796063494048130593e+00
2.058780991527949595e+02 6.060033334486905066e-01 9.691389186274586010e+00
2.058911315305620064e+02 5.970992521509451700e-01 9.791253102083237181e+00
2.059342933278557268e+02 5.947749922133942491e-01 9.725395721441577379e+00
2.060106199254495323e+02 5.972466115706169809e-01 9.767615311536792078e+00
2.060674080036259284e+02 6.009317134216521916e-01 9.795626997585314299e+00
2.061004689825167020e+02 6.097676968057612612e-01 9.740025609280964503e+00
2.061224467468733508e+02 6.189988713608084447e-01 9.664138857227699830e+00
2.061841579692978996e+02 6.184038518859215072e-01 9.724376485455513475e+00
2.062181957625236066e+02 6.202625900204181697e-01 9.595291866541485248e+00
2.062887161757104764e+02 5.898920368979055917e-01 9.659541689877636728e+00
2.062489481105061770e+02 6.063348921429519978e-01 9.621371134745675846e+00
2.061713153726016401e+02 5.986599223683785054e-01 9.598397577946993664e+00
2.060758967992864257e+02 5.978706563857423273e-01 9.624124076631364488e+00
2.060420577180054238e+02 5.925445064519981875e-01 9.504598841888924454e+00
2.060357860117954658e+02 5.835299055894991316e-01 9.591888087218913839e+00
2.060848890729641312e+02 5.887265578514103703e-01 9.545262227203664906e+00
2.061361232639218315e+02 5.891340289739877001e-01 9.407074815047183236e+00
2.061680076001736950e+02 5.974910942441633566e-01 9.339826450792559243e+00
2.061902901306028753e+02 5.928916941756189329e-01 9.336929498564920493e+00
2.061914299333868428e+02 5.982636148382004526e-01 9.369500395749350119e+00
2.061615729055147028e+02 5.998756375806708618e-01 9.313048341704167399e+00
2.062085024152432027e+02 6.117146273202130891e-01 9.228792244429088854e+00
2.061799046405937190e+02 6.047798037217184675e-01 9.239886622555591345e+00
2.061717887089193653e+02 6.061752527716408601e-01 9.221739086751160386e+00
2.062095205348700517e+02 5.810806134170751758e-01 9.373572874256645093e+00
2.062001888879833871e+02 6.093803201495028299e-01 9.195154107811276845e+00
2.060679829286345068e+02 5.907214918131795667e-01 9.172967584276749520e+00
2.058904058970560413e+02 5.473699134486681439e-01 9.187112972206003647e+00
2.057846900261116332e+02 5.744248796285649217e-01 9.258942874781332932e+00
2.057160261183407783e+02 5.484706436592470258e-01 9.261736005599658483e+00
2.056368862954623467e+02 5.718349261919088988e-01 9.192684721172534879e+00
2.056691490774965416e+02 5.870341572436643673e-01 9.099846054060812151e+00
2.056561714013322728e+02 5.907348881240587213e-01 8.974839495450277482e+00
2.056921483105577408e+02 5.491493900771292624e-01 9.185256466789986973e+00
2.056960857095970141e+02 5.827741303840611176e-01 9.240722775626306174e+00
2.056962922360563937e+02 5.695486224685158971e-01 9.078887525690216620e+00
2.057141372385067939e+02 5.862582875719074549e-01 9.107768855586652279e+00
2.057039158533059435e+02 5.665891541234403528e-01 9.077305644647225336e+00
2.057788246746650032e+02 4.423048799411455345e-01 8.894153515024520118e+00
2.058302497630527625e+02 4.675479950746230240e-01 8.945949234679922313e+00
2.058280572335055183e+02 5.209925773274136640e-01 8.985164702060464137e+00
2.057862819543877890e+02 5.214893571891860979e-01 9.079346349337830802e+00
2.056466332279862286e+02 5.234563821699567132e-01 9.080351072653774835e+00
2.054955340048606161e+02 5.296700376994515347e-01 9.001581881042991284e+00
2.053617461644687410e+02 5.285894019551915513e-01 9.028706061495764601e+00
2.053031038135947881e+02 5.415146092351934559e-01 8.896596109041505329e+00
2.052480862811729310e+02 5.493224257593196658e-01 8.826533403142997614e+00
2.052294028929333365e+02 5.511331604464990708e-01 8.646125284532061528e+00
2.052298550184254964e+02 5.386645440956318032e-01 8.591652535419287418e+00
2.052541793699045058e+02 5.373159821337867292e-01 8.524729031703486726e+00
2.052373446725662518e+02 5.343721428180703281e-01 8.549764504018334321e+00
2.052682923834158260e+02 5.360344017263379834e-01 8.400302979897718458e+00
2.053326125373840796e+02 5.403915518398157980e-01 8.478054051881679598e+00
2.053657661740917604e+02 5.403625264995775002e-01 8.452592130337173160e+00
2.054330413309681376e+02 5.450188608893588027e-01 8.415370480559161592e+00
2.054924874604948286e+02 5.457913814833957877e-01 8.472869679571408241e+00
2.055582220416200983e+02 5.461642454695351256e-01 8.480032240454850267e+00
2.055193559946816606e+02 5.417501610348203211e-01 8.590768378901257663e+00
2.053989265089548724e+02 5.431735190657412948e-01 8.534749472241168533e+00
2.053892554888593054e+02 5.214078629646705654e-01 8.677505026407477118e+00
2.053932185641610602e+02 5.584676406528915615e-01 8.573667988063887080e+00
2.053793478006048474e+02 5.307718842692703554e-01 8.660243879839557124e+00
2.053955082169621846e+02 5.635660533016882967e-01 8.590820847785533232e+00
2.054302180584503503e+02 5.663569514015331929e-01 8.627950956105870262e+00
2.054613935065848409e+02 5.689547193528688984e-01 8.578510754446737607e+00
2.055123329787032276e+02 5.617475040998293201e-01 8.576187610868426958e+00
2.055365021562478773e+02 5.474234986921850954e-01 8.511992489135034035e+00
2.055703378884511494e+02 5.742105386544968937e-01 8.490750405517493604e+00
2.056215307741169909e+02 5.417311829277413615e-01 8.629535069867342756e+00
2.056711741531577786e+02 5.738086493281191469e-01 8.612301832280421010e+00
2.057662399569531999e+02 5.834919493753412123e-01 8.428935361683647542e+00
2.058314565473911273e+02 5.633371996575009533e-01 8.503585187699060910e+00
2.059173749035744834e+02 5.535422636862852297e-01 8.583400407917666897e+00
2.059063050853512493e+02 5.729579835872864457e-01 8.544725258409254565e+00
2.058353191503613004e+02 5.729881252867647934e-01 8.556988464659973204e+00
2.057968103383796574e+02 5.482529536074590704e-01 8.653227562016546415e+00
2.057644403858584212e+02 5.652193813360364416e-01 8.675023359817096491e+00
2.058087140769551127e+02 5.899500875783824094e-01 8.639354565741838243e+00
2.058611762630767430e+02 5.788925493067966777e-01 8.683281069114917372e+00
2.058677103137081019e+02 6.081780012480896280e-01 8.586057342908718581e+00
2.058947641635287766e+02 5.773419263225229026e-01 8.705103659537224203e+00
2.059351294809264346e+02 5.997093000539202023e-01 8.648758775979075608e+00
2.059634157913479839e+02 6.034736634109909570e-01 8.664700385925389270e+00
2.060116871648829147e+02 6.030773558808130153e-01 8.690045089749700580e+00
2.060819016956380381e+02 5.839652856930749314e-01 8.670111379161369314e+00
2.061522122332878268e+02 6.175319753195299688e-01 8.692754493625031387e+00
2.061899362447238104e+02 6.188247193193781026e-01 8.714654112834894661e+00
2.062114384400442475e+02 6.167069858412157490e-01 8.714966693422075750e+00
2.062109997108629500e+02 5.835633963666971846e-01 8.776884442305997069e+00
2.061041473862123041e+02 5.819636535758661022e-01 8.839509962948037369e+00
2.060849683344701475e+02 5.812983034688630202e-01 8.831387333118248861e+00
2.059413576491260471e+02 5.458952028927100963e-01 8.825613523129288041e+00
2.058779484442975729e+02 5.680493520092791959e-01 8.796721029640453438e+00
2.058940709044407527e+02 5.412544975322879370e-01 8.883281292386765671e+00
2.058819081705216547e+02 5.713883824959337110e-01 8.749181987766935009e+00
2.059238743470693862e+02 5.515674241908349318e-01 8.836322757318013643e+00
2.059953291529400872e+02 5.645060277817159911e-01 8.935784783800288622e+00
2.059417349785491638e+02 5.477651046196061468e-01 8.949500373422166533e+00
2.058472150744220812e+02 4.466173756850259635e-01 8.881697178625293176e+00
2.058935361683648466e+02 4.645003343495923698e-01 8.751109940174307766e+00
2.059224900616118532e+02 5.205694771754771910e-01 8.737178893219121889e+00
2.059476215408213591e+02 5.292078649741172036e-01 8.842851226153170430e+00
2.059525167760884869e+02 5.347226796194107790e-01 8.960287752757686519e+00
2.059763934675122812e+02 5.500424774690796381e-01 8.798872253895813955e+00
2.058701439768511818e+02 5.491382264847298744e-01 8.932510502149549225e+00
2.056779147302485455e+02 5.491839972135673653e-01 8.947063361201381682e+00
2.055493347057109474e+02 5.490824085227329343e-01 9.055651624470147709e+00
2.055289075643385672e+02 5.668124259714278912e-01 8.975290504583213647e+00
2.054531804516566353e+02 5.676965824894587564e-01 9.001201202542173263e+00
2.054621883543636898e+02 5.668593130595053209e-01 8.959255120460744237e+00
2.054207892883098339e+02 5.615331631257611811e-01 9.032183520528171528e+00
2.053932699166861084e+02 5.654381877470642248e-01 9.048774851552130016e+00
2.054074621917034449e+02 5.715502545857246153e-01 9.100815053881078143e+00
2.054216232086620550e+02 5.833401245187096462e-01 8.919820846669175296e+00
2.054613220595934990e+02 5.781378904605987135e-01 8.854924651333099916e+00
2.055149151176251792e+02 5.699147882992154912e-01 8.887130499046071108e+00
2.055668157750491503e+02 5.759330809617211333e-01 8.892907658112749303e+00
2.056243194394983504e+02 5.842767499210176352e-01 8.925136949369759876e+00
2.056559124059886017e+02 5.875097262798779640e-01 8.836636454264436225e+00
2.057000532503357420e+02 5.995809187413272401e-01 8.828340788752457868e+00
2.056621762976838852e+02 5.960643871355226775e-01 8.890661543321995097e+00
2.055894789839791201e+02 5.877296490501456860e-01 8.901949051597007667e+00
2.055535311000938918e+02 5.587355668704766520e-01 8.879964589084909932e+00
2.055520262478384552e+02 5.862917783491056190e-01 8.808066588595943713e+00
2.056025292234940025e+02 5.898071935956703538e-01 8.663649891880607967e+00
2.056413818741215778e+02 5.980894627967701105e-01 8.591693840711165819e+00
2.057767739227412562e+02 6.096750389888464516e-01 8.634647995186259806e+00
2.058068810150831212e+02 5.824180117865208617e-01 8.813554610619478424e+00
2.058150851391374374e+02 6.080886925088946349e-01 8.714961111625877166e+00
2.058788013427569012e+02 5.795902738317579850e-01 8.720986102443822219e+00
2.058996303734556648e+02 6.078475589130679646e-01 8.589337206355656562e+00
2.059305814333829403e+02 6.127595395687950308e-01 8.529989316442073033e+00
2.059649853924393312e+02 6.027167718463130042e-01 8.449284357909236931e+00
2.060346305799821209e+02 5.962162119921542436e-01 8.462137001838643258e+00
2.061038526673729621e+02 6.115940605222998094e-01 8.478752892765880844e+00
2.062193556597738961e+02 5.965098144722579265e-01 8.450296895739860759e+00
2.062592521062908020e+02 6.327233918566058657e-01 8.436800112529011741e+00
2.061678021900735587e+02 5.942759796331420485e-01 8.437433088218055488e+00
2.060938299941167884e+02 5.881293056580435552e-01 8.439964990974235803e+00
2.060628499088492731e+02 6.132853447708058736e-01 8.443258250732052161e+00
2.060573741667773788e+02 5.910340724003620982e-01 8.428679715417702667e+00
2.060994731900746615e+02 6.068629300634427182e-01 8.310210556516244296e+00
2.061468782688394015e+02 5.978885181335813481e-01 8.322825415927542991e+00
2.061733192374373402e+02 5.856320100383022309e-01 8.429607409946090257e+00
2.062064237543384593e+02 6.079167731859441703e-01 8.253603328536708972e+00
2.062126429916641541e+02 5.807099821494157155e-01 8.248587526471668596e+00
2.061797829574365721e+02 5.752409382329596310e-01 8.349278664477113310e+00
2.061517210352222378e+02 5.706560508345343008e-01 8.234079321789433692e+00
2.061324426275077712e+02 5.942235107488649248e-01 8.143561565537543956e+00
2.061066190055695131e+02 5.654549331356633068e-01 8.129114760613505908e+00
2.060758454467613774e+02 5.836471233096925948e-01 8.087662109316129389e+00
2.060480793597456568e+02 5.515171880250376857e-01 8.059478503944655259e+00
2.059311273330512790e+02 5.545536851576690074e-01 8.139505832418848286e+00
2.057542089534243814e+02 5.158171358910611515e-01 8.057069400704868656e+00
2.056382895590269300e+02 5.370960593635188962e-01 8.010655648945208540e+00
2.055549767853096057e+02 5.135498102747472204e-01 7.899284302091276189e+00
2.054909011140148891e+02 5.101996161956933173e-01 7.804831379518603285e+00
2.054729868972916051e+02 5.298441897408818768e-01 7.820818760193755104e+00
2.053310741943514586e+02 4.178633107419434944e-01 7.730602420936647512e+00
2.053394837285059111e+02 4.435619004453156822e-01 7.806780542751535101e+00
2.053126442196593189e+02 5.042594686799833914e-01 7.764212648573460385e+00
2.053053845355219948e+02 5.152455599602129288e-01 7.714200870983479064e+00
2.053346331476083719e+02 5.088130980196903241e-01 7.694570810108409376e+00
2.053563574984175659e+02 5.294255550259051590e-01 7.678478491664703753e+00
2.053617528626241722e+02 5.291520470121202635e-01 7.727804824681363094e+00
2.053792730045357757e+02 5.347338432118101670e-01 7.688736716720494080e+00
2.054552289708618957e+02 5.554746815306178531e-01 7.719703405677133645e+00
2.054017676432205235e+02 5.456283930343648336e-01 7.733213585198862816e+00
2.052850824263844913e+02 5.101415655152164996e-01 7.788590585295986024e+00
2.051635231851068681e+02 5.331854529460162695e-01 7.767980361008251400e+00
2.050923932397749923e+02 4.977376980002656826e-01 7.724177773510804812e+00
2.049636256668850933e+02 5.057899971979382681e-01 7.772632229961072170e+00
2.049346795881527612e+02 5.324207468666587451e-01 7.827170844269002004e+00
2.049228182712284081e+02 5.157066163263073211e-01 7.787624934553439182e+00
2.049375463986809223e+02 5.211667293688440061e-01 7.889528438693457879e+00
2.049349977505361267e+02 5.392751925998778839e-01 7.948446530299664303e+00
2.049320215368024662e+02 5.223176957452200231e-01 7.930229780222356695e+00
2.049321476853965578e+02 5.330213481377453766e-01 8.026573815347482821e+00
2.049434206810014700e+02 5.178757023295068596e-01 8.010565223846773719e+00
2.049546959093248404e+02 5.405846819883250998e-01 7.979962468002352871e+00
2.050323386944625099e+02 5.297861390604050591e-01 8.067908132565426271e+00
2.051060418478424765e+02 5.497042206193784031e-01 8.157884454585948575e+00
2.051177825979688976e+02 5.342627396125563255e-01 8.154633616479248559e+00
2.051140907979624330e+02 5.473821934003074707e-01 8.200279313081832555e+00
2.050212286873066603e+02 5.342962303897544896e-01 8.328730956306815258e+00
2.049230515903095693e+02 5.275679332506483243e-01 8.289023174501462421e+00
2.048805015578793132e+02 5.331731729943769427e-01 8.174453458425107399e+00
2.048777508487121111e+02 5.129704198292193151e-01 8.295052630756366341e+00
2.048851444959582295e+02 5.427314408067258622e-01 8.261509384673949796e+00
2.050035109498095949e+02 4.933392425949100768e-01 8.357623449795649861e+00
2.050113991441990038e+02 5.373684510180638529e-01 8.339647833314169034e+00
2.050215792241079953e+02 5.274094102385771254e-01 8.400426895773351887e+00
2.050406812470625937e+02 5.558531273129567740e-01 8.352134311412875434e+00
2.050852786823388669e+02 5.568388725218220703e-01 8.385586016037617441e+00
2.051302880541746845e+02 5.360154236192590238e-01 8.342050238398515560e+00
2.051720867768364371e+02 5.628995868354452758e-01 8.366506320267836472e+00
2.052305985136792970e+02 5.689011341093518359e-01 8.342475571268932910e+00
2.052975599736092818e+02 5.758314922708868133e-01 8.285976630135671428e+00
2.053819020305458309e+02 5.601042232986406244e-01 8.229060170646674166e+00
2.053855815506006479e+02 5.821813436276540576e-01 8.198992150878183338e+00
2.053378661239672169e+02 5.579418354508807187e-01 8.284120124719654754e+00
2.053291908963136621e+02 5.706571671937742396e-01 8.123449237470820705e+00
2.053198726457379166e+02 5.514513228298814074e-01 8.214099840472265157e+00
2.053440887103706416e+02 5.782071047334748082e-01 8.121051297823434822e+00
2.053611913339264845e+02 5.560362102283066266e-01 8.147233271077698902e+00
2.054180106701616069e+02 5.594500367840369304e-01 8.190596013034610934e+00
2.054385594946911624e+02 5.852156080418053907e-01 8.101730468457827072e+00
2.054664841047189725e+02 5.661906138747824224e-01 8.131615405310967049e+00
2.054998353370121151e+02 5.858820745080484116e-01 8.039836163117946910e+00
2.055575633896685304e+02 5.673371148141987952e-01 8.156656459422016781e+00
2.055555785029399374e+02 5.632344946074266945e-01 8.084657986601456514e+00
2.055437060224231800e+02 5.785051726505382463e-01 8.108202002971747646e+00
2.055494943450822802e+02 5.571927584008823375e-01 8.076535356771668006e+00
2.055440755373316222e+02 5.489908670650580635e-01 8.065953387536294983e+00
2.055314662597165238e+02 5.671093775292513905e-01 8.071000447660054533e+00
2.054502823830697480e+02 5.459085992035893620e-01 8.147369466904972768e+00
2.053429779329269138e+02 5.634622318923739881e-01 8.145880243678895738e+00
2.052526320959979671e+02 5.205047283395607405e-01 8.129608191397558414e+00
2.047191240152316141e+02 4.200223495119835837e-01 7.853861877336679065e+00
2.047594547254928443e+02 4.346232120111323538e-01 8.048003447317332970e+00
2.047386212293571361e+02 4.960653918588386335e-01 7.974531380300055261e+00
2.047851153589820683e+02 5.226291599731627269e-01 7.951508703694813995e+00
2.047707288374569714e+02 5.292290757996760409e-01 7.939229868414736657e+00
2.047556803149026052e+02 5.345753201997389681e-01 7.851313229191901222e+00
2.047767069411868590e+02 5.319362469565256379e-01 7.839062302892822132e+00
2.047834341219667067e+02 5.297526482832068950e-01 7.860911685936887494e+00
2.048029614777917118e+02 5.253530765186114060e-01 7.897172150409312863e+00
2.048267957475643755e+02 5.471276634936015348e-01 7.924466017466556877e+00
2.048507505841349712e+02 5.535779871819631603e-01 7.878091338280293066e+00
2.048732240119941537e+02 5.560797482386642399e-01 7.924114364305975933e+00
2.049226061629728122e+02 5.301344431432657434e-01 8.056079190059044493e+00
2.048468623049022597e+02 5.611714627320213422e-01 7.991033402584817757e+00
2.047484150489690933e+02 5.215797822876210299e-01 8.094754339567455048e+00
2.046635750958115239e+02 5.372434187831907071e-01 8.015040708039684603e+00
2.046169179777375575e+02 5.193359002153457027e-01 8.031235731533463706e+00
2.045302014246976512e+02 5.184171365608767346e-01 8.052049133202867637e+00
2.045288283028325509e+02 5.452454818150661575e-01 7.918641971311799921e+00
2.045283650137479583e+02 5.385104865205203595e-01 7.985146840312625116e+00
2.045076933897020410e+02 5.385149519574801147e-01 7.979991493342591724e+00
2.044953330601974528e+02 5.639947352498244637e-01 7.913325868611215341e+00
2.045091859620058301e+02 5.470919399979236042e-01 7.923160993515069528e+00
2.045595114365422376e+02 5.733509420397445711e-01 7.911669191499147935e+00
2.046269451164306759e+02 5.721285286720125818e-01 7.846400132176934328e+00
2.046789004754573966e+02 5.611614154988618930e-01 7.814445465292949144e+00
2.048018227913669591e+02 5.564057251367261481e-01 7.876375494128508237e+00
2.048763866577209001e+02 5.611692300135414646e-01 7.918045835477673045e+00
2.049217342864064335e+02 5.579250900622816367e-01 7.934277698826371683e+00
2.048783894061973569e+02 5.560763991609444234e-01 8.025842600045324460e+00
2.047690196914606418e+02 5.497745512514945476e-01 8.040973733183443883e+00
2.046942403677733751e+02 5.619160743450599682e-01 8.003832461270707910e+00
2.047213143120603718e+02 5.424568164337011389e-01 8.016957496854658416e+00
2.047239176618078886e+02 5.425081689587382128e-01 7.989381190909710106e+00
2.047874764587745346e+02 5.834964148123009675e-01 7.942240689284848720e+00
2.048438302732066063e+02 5.617050824487116456e-01 8.079038234187608580e+00
2.048870545866177508e+02 5.863353163594632322e-01 7.981680544872618022e+00
2.049399901090571348e+02 5.736624062676872748e-01 7.939555845312797899e+00
2.049988557317790594e+02 5.993576468933397017e-01 7.848326968225067368e+00
2.050714324786859208e+02 5.643542029250845360e-01 7.962580754636518598e+00
2.051156123956064619e+02 5.851240665841305200e-01 7.941102002860112030e+00
2.052292856752131343e+02 5.941699255053479733e-01 7.936974822750062053e+00
2.053368357243887772e+02 5.726052140674660063e-01 7.931618531116839677e+00
2.054361637877622400e+02 5.655542891080177492e-01 7.999208501298883611e+00
2.055129760016254181e+02 5.752878253210370607e-01 8.054771933389076821e+00
2.054805111585687882e+02 5.450132790931591087e-01 8.154629151042289692e+00
2.054289677361016118e+02 5.646768307454265168e-01 8.167693903227283059e+00
2.054364105031542636e+02 5.347103996677714521e-01 8.222665664920308259e+00
2.054128765340171299e+02 5.649335933706123303e-01 7.991166249334370697e+00
2.053795208362870426e+02 5.323169254573444364e-01 8.038326845425551426e+00
2.053504608889122096e+02 5.233380480905233112e-01 8.155302315663972124e+00
2.053281604967351939e+02 5.406125909693235698e-01 8.170461357783089795e+00
2.053340894806585197e+02 5.188078622948549823e-01 8.304807377794944045e+00
2.053269481306006412e+02 5.449541120534423522e-01 8.289096854211297938e+00
2.053355965656324429e+02 5.326071788597283030e-01 8.298367101339742646e+00
2.053552679317993750e+02 5.682849038089060612e-01 8.363813661781106745e+00
2.053456750568505811e+02 5.516053804049928511e-01 8.360004644054438216e+00
2.053517748437376156e+02 5.479548856903956322e-01 8.453457308748125953e+00
2.053467210854584266e+02 5.711338525892277751e-01 8.357209280517633232e+00
2.053394468886509685e+02 5.429837379949518095e-01 8.470094410500921711e+00
2.050827289178348565e+02 4.494931170871061532e-01 8.275921582461549519e+00
2.048433401915002605e+02 4.438856446248977128e-01 8.201420232225048679e+00
2.047523122590757225e+02 4.720748317925715365e-01 8.208540371457374363e+00
2.047486796261089523e+02 5.077983274705867300e-01 8.350591502943281341e+00
2.047925748714233123e+02 5.267920635788914119e-01 8.544085584564770741e+00
2.047890404780696940e+02 5.379232815603129936e-01 8.556105424501183165e+00
2.048221963474958329e+02 5.489462126954605115e-01 8.672245858028130527e+00
2.048173502320352668e+02 5.566423932955929521e-01 8.610743394781467330e+00
2.047963760746353046e+02 5.529037062010406789e-01 8.681283902434667965e+00
2.048019121001061649e+02 5.536315724254802229e-01 8.564922429778212276e+00
2.048059131316221055e+02 5.505292100976926228e-01 8.511964580154035787e+00
2.048343624304926891e+02 5.458605957562719935e-01 8.574159186129460153e+00
2.048683254276493244e+02 5.574751972885866325e-01 8.649376122638761544e+00
2.049062224747675032e+02 5.698589703372186621e-01 8.638030563683271268e+00
2.049108520165355003e+02 5.692952089210500111e-01 8.619334895492029247e+00
2.049540997734906966e+02 5.718583697359475027e-01 8.597463185263164220e+00
2.049395591943905117e+02 5.843504296308534851e-01 8.728844155133744565e+00
2.048144432325744617e+02 5.827596177139419131e-01 8.636742285120382334e+00
2.046920980743919358e+02 5.737740421916811551e-01 8.622995437439787025e+00
2.046131000291369730e+02 5.718472061435481146e-01 8.656262942789938464e+00
2.046282289295566272e+02 5.655699181373768925e-01 8.562917448583284852e+00
2.046711507096137552e+02 5.454330301673757653e-01 8.708457202693997701e+00
2.047323004033405880e+02 5.798660145640226471e-01 8.651145552034062547e+00
2.047437408528314791e+02 5.563990269812865153e-01 8.738013929930595225e+00
2.047669209360895479e+02 5.764220463088139956e-01 8.804144818586042476e+00
2.047991379473949110e+02 5.936999382653340707e-01 8.718876183480340103e+00
2.048426703759562884e+02 5.965980068522129809e-01 8.692546850806401437e+00
2.049417740511225645e+02 5.932868853465569359e-01 8.712025086824839448e+00
2.049996092742660210e+02 6.008401719639773209e-01 8.758572801693293997e+00
2.051127455850783008e+02 5.847154791023132514e-01 8.774128151342589277e+00
2.051898871249172487e+02 6.147020046462871035e-01 8.719725732861931533e+00
2.053028894726207341e+02 5.933683795710724684e-01 8.801346105971516565e+00
2.053560851067630040e+02 6.144564056135007890e-01 8.746343086219773966e+00
2.053414049827578367e+02 6.079089586712645987e-01 8.767153138811456969e+00
2.053015174671148486e+02 5.743779925404876030e-01 8.861928689204471965e+00
2.052637208923282799e+02 5.933147943275554059e-01 8.846424692080212537e+00
2.053047191854149958e+02 5.782584572585119931e-01 8.953858639894884064e+00
2.053327331041819832e+02 6.110124373582921375e-01 9.033489660838899482e+00
2.053658331556461576e+02 5.924351032464842959e-01 8.979289303380671328e+00
2.053957895394906359e+02 6.221570516505929849e-01 8.930974391835395210e+00
2.054174480251046759e+02 6.266347685619841901e-01 8.816145680415374386e+00
2.054751314233915309e+02 6.012588066789540386e-01 8.808839109189980476e+00
2.054928513936070544e+02 6.185188368876350928e-01 8.843423918443258813e+00
2.056511589483449427e+02 6.324856073384991229e-01 8.762488989906996650e+00
2.056469882302245367e+02 6.030617268514538720e-01 8.712892497954271676e+00
2.057509223918220016e+02 5.746782931760309188e-01 8.703450331502876836e+00
2.057972658129495471e+02 5.715067165753671130e-01 8.720664590982719844e+00
2.058005412109595227e+02 5.658132844516834403e-01 8.669425934588046445e+00
2.057645207637236808e+02 5.877463944387447681e-01 8.645149586556355459e+00
2.056310522020744145e+02 5.470372383951666029e-01 8.739383702717999469e+00
2.054606243350685304e+02 5.599445839273294867e-01 8.577317366419244138e+00
2.053249520802796155e+02 5.641744690874544998e-01 8.396314228333420004e+00
2.052204653208583807e+02 5.181972137906090126e-01 8.540836979176551935e+00
2.051538309541857359e+02 5.457947305611156041e-01 8.431303159631557520e+00
2.051452316389604960e+02 5.463071394522471813e-01 8.260324927520375837e+00
2.051256752577952511e+02 5.240167945084056589e-01 8.390810577280525706e+00
2.050787557952999123e+02 5.491717172619280385e-01 8.336424904188469043e+00
2.050469574187095247e+02 5.220587004015544430e-01 8.336270846613356156e+00
2.050301361176821331e+02 5.509043068023117273e-01 8.199258960736528934e+00
2.050135961391831927e+02 5.261356443458079513e-01 8.209931355070336778e+00
2.049199648570111378e+02 4.229148363026628554e-01 8.133595826602617151e+00
2.049196154365690177e+02 4.431454984488188420e-01 8.188818769124628361e+00
2.048912141411457526e+02 5.040797348423533553e-01 8.037367892838444661e+00
2.049248065070347309e+02 5.287356450156234233e-01 8.148098449488651696e+00
2.049271519777978483e+02 5.399572880954799370e-01 8.064469746106418313e+00
2.047329478916997516e+02 5.323660452639017437e-01 8.068219596793369419e+00
2.045571257768464761e+02 5.284174826322410867e-01 7.994325545983395287e+00
2.044495076297572211e+02 5.248685766084782989e-01 7.997365392193746203e+00
2.043564244799719631e+02 5.382794001578532495e-01 7.979216740030074639e+00
2.043365443546271365e+02 5.336130185349124977e-01 7.959038546768195665e+00
2.043501974281315938e+02 5.362264155156072354e-01 7.968499691326670131e+00
2.043798110896894116e+02 5.267116857136159291e-01 7.980084151159506867e+00
2.044223890311006642e+02 5.207246511098285735e-01 7.999747702811774275e+00
2.044400275070916848e+02 5.325134046835735546e-01 7.837287291701319880e+00
2.044638829876899138e+02 5.088722650594070807e-01 7.997826448559840706e+00
2.044371930709814649e+02 5.151618330172176297e-01 7.945501574624707963e+00
2.044460502651911327e+02 5.447263747684949475e-01 7.887626162548603048e+00
2.045037470597888500e+02 5.435899210622381350e-01 7.897236899245229758e+00
2.045751761893970411e+02 5.539028477207851298e-01 7.877092196760548504e+00
2.046286899859227049e+02 5.806340697210999879e-01 7.882024271882595023e+00
2.046682995281149431e+02 5.613065422000538263e-01 7.931377397521012895e+00
2.046219014053846479e+02 5.694247065928828011e-01 7.953538244793021406e+00
2.045517382271545443e+02 5.689536029936289596e-01 7.886681722631616154e+00
2.045180822287888986e+02 5.444249577737118040e-01 7.772619950009433509e+00
2.045062789625450250e+02 5.568935741245789606e-01 7.831697680986950516e+00
2.045323057618649329e+02 5.471633869892795765e-01 7.751610069113800350e+00
2.045488680675486535e+02 5.650139712358878130e-01 7.727517920356699044e+00
2.046260754725827837e+02 5.497064533378582807e-01 7.813077925224025222e+00
2.046739851457239467e+02 5.421420031280386187e-01 7.827908757726601330e+00
2.046841216876225928e+02 5.846083086152791264e-01 7.758462282128539833e+00
2.047373351835127266e+02 5.629475902827626443e-01 7.774675167370158846e+00
2.047769692856082315e+02 5.560172321212276669e-01 7.799402524534785108e+00
2.048447267096762801e+02 5.883023413402339585e-01 7.800657312320475434e+00
2.049009834008544715e+02 5.765147041257288052e-01 7.756093367821391027e+00
2.049771470099992428e+02 5.731444155803561147e-01 7.831519063508561196e+00
2.050335198025383647e+02 5.996702274805223443e-01 7.805118283843267335e+00
2.051147695443802945e+02 5.663167624688953961e-01 7.792939920894784045e+00
2.050934348029458363e+02 5.647605576884219269e-01 7.903018523748868596e+00
2.050082521275016347e+02 5.772224758838495617e-01 7.901416548239557081e+00
2.049566517707132220e+02 5.413851115633606659e-01 7.862562781252756317e+00
2.049335420180872518e+02 5.342069216505594964e-01 7.877102243993708619e+00
2.049067315345808993e+02 5.597592682934997566e-01 7.885156775909861082e+00
2.049087052577171164e+02 5.334087247940038079e-01 7.861500007256335465e+00
2.048974088185681808e+02 5.366818900855019336e-01 7.809417383276268332e+00
2.049370842259555729e+02 5.678606872977296494e-01 7.830799011798800890e+00
2.049373443376584873e+02 5.483165860841355821e-01 7.878741059357937004e+00
2.049152102830082356e+02 5.394192029418298784e-01 7.913532395070603798e+00
2.049173737872152401e+02 5.729099801399690772e-01 7.835764577698045130e+00
2.049023621045157881e+02 5.477863154451649841e-01 7.773508571964423908e+00
2.049316832799527504e+02 5.756305476076979399e-01 7.788662032287342107e+00
2.049810218929210635e+02 5.621538588631667110e-01 7.843984330781708536e+00
2.050106612307414196e+02 5.840021255479928008e-01 7.876162269513680592e+00
2.049957701148398712e+02 5.632445418405861437e-01 8.001853156338297524e+00
