1.706936685858332510e+02 2.046986949259356758e-01 1.056530265114201583e+01
1.706777008547531409e+02 2.133670666120081605e-01 1.043950648254088698e+01
1.706830025269366615e+02 2.183918770917590013e-01 1.040882072210427189e+01
1.707978603638054551e+02 2.141425853070564600e-01 1.038650505693255610e+01
1.711663464656538451e+02 1.995086851975354791e-01 1.074446735479291881e+01
1.714816537056638879e+02 1.825895288150319040e-01 1.049036949565281240e+01
1.716059248404603466e+02 1.884158615752666022e-01 1.056365065865552211e+01
1.716992532382111847e+02 2.187788716279468193e-01 1.051184080910920926e+01
1.719314270155838074e+02 2.401660558373460430e-01 1.059453679966225970e+01
1.720788979374567873e+02 2.654170669179327091e-01 1.060306750530779141e+01
1.721968547898604243e+02 2.812241876173985355e-01 1.065208426385379248e+01
1.722976049168191253e+02 2.924087886000281689e-01 1.061650524048727640e+01
1.724143625450473962e+02 2.974825470053047427e-01 1.065541884128023220e+01
1.726033428373888796e+02 3.007024027312942271e-01 1.072319489228397060e+01
1.727212262679042283e+02 2.838918495585509016e-01 1.079535637149028027e+01
1.724588409131235380e+02 2.753534957996561228e-01 1.076656428392244180e+01
1.717633796095179264e+02 2.926841206811103824e-01 1.078096415176304390e+01
1.710608101493523634e+02 3.271556972326066792e-01 1.071598883987297945e+01
1.707031598945172277e+02 3.338233224628148754e-01 1.066596711923102880e+01
1.706520796749857709e+02 3.275075104473228471e-01 1.054904123250876502e+01
1.707854184129858766e+02 3.142869816873573585e-01 1.058832500198851001e+01
1.708601924877171427e+02 3.119971365463567459e-01 1.046826644803259931e+01
1.709292197700671068e+02 3.066465164373252672e-01 1.057831209197315125e+01
1.711458143405184842e+02 2.982075881521546457e-01 1.063759414827550387e+01
1.713217240071219294e+02 3.112093808699269992e-01 1.057497445530136559e+01
1.713533504855022329e+02 3.136552475235409032e-01 1.056422273753510410e+01
1.712885526098422133e+02 3.202341546387337257e-01 1.051372530424194984e+01
1.713570368761433826e+02 3.123015314582198720e-01 1.066261265670984315e+01
1.715181214398032239e+02 3.109784078463524448e-01 1.068804263364313378e+01
1.715416133848102334e+02 3.173355196740068052e-01 1.063743047864952729e+01
1.716169335348356242e+02 3.318531684604041909e-01 1.062139238492648552e+01
1.716754997277271571e+02 3.389184955855089609e-01 1.056712902061319426e+01
1.718098587240499455e+02 3.125110897643769148e-01 1.054822288437888211e+01
1.719067955016856502e+02 3.422331879172045843e-01 1.048405980212801047e+01
1.720165658135451281e+02 3.322325148832285802e-01 1.048758558238853666e+01
1.722305676735662985e+02 3.317720984587522182e-01 1.034714633594185074e+01
1.724033966801069653e+02 3.279954600799074860e-01 1.038395364631452722e+01
1.724605250276861739e+02 3.368122051652298610e-01 1.048960774356181780e+01
1.725749438628479027e+02 3.323258218662620278e-01 1.053489681165450165e+01
1.727220201420713579e+02 3.381139140596797765e-01 1.051206413401942008e+01
1.726261449225704894e+02 3.514583422561322612e-01 1.044096880181596809e+01
1.721425654219617059e+02 3.293384687865197336e-01 1.060344226286259683e+01
1.715344409840980404e+02 3.460756000709744873e-01 1.055015173856912902e+01
1.711900831502884728e+02 3.438102288927367134e-01 1.046605767289325151e+01
1.710274521381065824e+02 3.441589828621075542e-01 1.039523767277088062e+01
1.709907855530197764e+02 3.201270810516461673e-01 1.036262458776668893e+01
1.710126209166722617e+02 3.151420407613849672e-01 1.040416149144329161e+01
1.711317555785338982e+02 3.165538824882677682e-01 1.033836171293265416e+01
1.713285461242420809e+02 2.929931044609915824e-01 1.033397169586206488e+01
1.713445107960768325e+02 2.991620726999064117e-01 1.035525945459773922e+01
1.713615523222731554e+02 2.956913588555974970e-01 1.031912211895569520e+01
1.714722908852844228e+02 3.099642680143662177e-01 1.025701331995423438e+01
1.715541256982727418e+02 2.974871358733227611e-01 1.032510906209656198e+01
1.716718989959556723e+02 3.315839548700126871e-01 1.033776210084496405e+01
1.717374830976694682e+02 3.303051903156529190e-01 1.032679929514987194e+01
1.719070601264080267e+02 3.278623829073843976e-01 1.022822123238639414e+01
1.721136448460893575e+02 2.891338664578221862e-01 1.030342666071133628e+01
1.722658973684371517e+02 2.854841867608098327e-01 1.033683514950532079e+01
1.724752216423252662e+02 3.107979123709763147e-01 1.026601361976027782e+01
1.725378535722807953e+02 3.041012243099872059e-01 1.030108327877679208e+01
1.731740358788294145e+02 2.336789260825139769e-01 1.040198942724808617e+01
1.733851696963393181e+02 2.477330991990895626e-01 1.036242573681924206e+01
1.735118759904306671e+02 2.991788985493058495e-01 1.032521154681563225e+01
1.736334060413977056e+02 3.077172523082006284e-01 1.038841861489607687e+01
1.736549507767423961e+02 3.324099511132593832e-01 1.039054937927912015e+01
1.733210922729581114e+02 3.265377296728442791e-01 1.053267885877911603e+01
1.727686843409467770e+02 3.218632027851369704e-01 1.051796082942259858e+01
1.723202601582241584e+02 3.344229345505050910e-01 1.051826063546644363e+01
1.723010450382099634e+02 3.285598908461260792e-01 1.044015963142212122e+01
1.723854220840802896e+02 3.193607400926339324e-01 1.044262232392513390e+01
1.723912606538219165e+02 3.260130690961153821e-01 1.052619937713764742e+01
1.724190370719350938e+02 3.359770311859470726e-01 1.054513763544808747e+01
1.723720516522984099e+02 3.450415751442434398e-01 1.043820324402376443e+01
1.723099260274475455e+02 3.381475657584787076e-01 1.035268509963962025e+01
1.723950372922007546e+02 3.398530950385159066e-01 1.016604207074198918e+01
1.724100826608092234e+02 3.438178770061001144e-01 1.009571154987487773e+01
1.724028322493407188e+02 3.489619980543199329e-01 1.016016831967890077e+01
1.724907671975477115e+02 3.480075135065682224e-01 1.024739199334308282e+01
1.726896976853749663e+02 3.372328514002165822e-01 1.004612730131731091e+01
1.729020077827201476e+02 3.361498785479598017e-01 1.003720348264490170e+01
1.730656911753008842e+02 3.493413444771443777e-01 1.016486579090669906e+01
1.731753406469692038e+02 3.485153482338976816e-01 1.017309669050838572e+01
1.733199527040669636e+02 3.580158346539075720e-01 1.016004289061974220e+01
1.733804875213382388e+02 3.587408758007574749e-01 1.012978083566345866e+01
1.734686304982286913e+02 3.582544557908455274e-01 1.002574201995851588e+01
1.734783359540868446e+02 3.560349732927881594e-01 1.022277118680363905e+01
1.735686020472469977e+02 3.493428740998170690e-01 1.020691664780131980e+01
1.737082443602812134e+02 3.143129852727928886e-01 1.021305196434143703e+01
1.737042260415200872e+02 3.347257998396955259e-01 1.015895838814481245e+01
1.733229645311094771e+02 3.278379089446215588e-01 1.018699025324433016e+01
1.725542205348784535e+02 3.478545512393003136e-01 1.010310115700658962e+01
1.720434030433372641e+02 3.261384981552750695e-01 1.013397506103194523e+01
1.720551903156529363e+02 3.239312526385991209e-01 1.005479414338071109e+01
1.721316255606067216e+02 3.284941170712008529e-01 9.935532522837267067e+00
1.721883378508189537e+02 3.153699545396141946e-01 9.959590428233163095e+00
1.722805312685466674e+02 3.196330129283708188e-01 9.964887511548651489e+00
1.724789416846652159e+02 2.960370535796229552e-01 1.003437368070044400e+01
1.725672957494845150e+02 3.208720072932408907e-01 9.977317225386840960e+00
1.725916243980934723e+02 3.218173141049565644e-01 1.001261479818158406e+01
1.725196189403997948e+02 3.230226567710277052e-01 1.007347083621412231e+01
1.725296624428685845e+02 3.378431708466155814e-01 1.001193105684689755e+01
1.725726264844988123e+02 3.354539002318908114e-01 1.011178788416473395e+01
1.726405830309779219e+02 2.964469924559010039e-01 1.010377419098256802e+01
1.725881796878346108e+02 3.087298625175141642e-01 1.006372102129846624e+01
1.725611879661525165e+02 3.097179987640648613e-01 1.001438763085922012e+01
1.725743121286840847e+02 3.104552768922961836e-01 9.988492648633435778e+00
1.726880166300576889e+02 3.107275497280330701e-01 1.006566976058345908e+01
1.728176292072271565e+02 3.230792528099168393e-01 9.979223135236999553e+00
1.728510484033798491e+02 3.279098012102374393e-01 9.972226641132165170e+00
1.728465604904582165e+02 3.250004588868017907e-01 9.979106883913877013e+00
1.730478878970135668e+02 3.142059116857053858e-01 9.997216086735724261e+00
1.732580136931821642e+02 3.161668879520799780e-01 9.994488769510336823e+00
1.733089287134649510e+02 3.243626062322946257e-01 9.985702616878468163e+00
1.730136075232961446e+02 3.357628840117719560e-01 1.004886991476942448e+01
1.724908345009453114e+02 3.335495200044052977e-01 9.979466345241956304e+00
1.720727289692178772e+02 3.317353875146079045e-01 1.003863215022118283e+01
1.719888597580748808e+02 3.004714297077196727e-01 1.014548394202118153e+01
1.720566449868146606e+02 3.273300742172920996e-01 1.003515531788618453e+01
1.720963126915852399e+02 3.310042278770672919e-01 1.002586438977233030e+01
1.722147269011680066e+02 3.307686659854747191e-01 9.975446496858154433e+00
1.726914368663537971e+02 2.332078022993288036e-01 1.029548180054944062e+01
1.727244935419330716e+02 2.534401213908553108e-01 1.023302577720128070e+01
1.726413616089183165e+02 3.039742656281548272e-01 1.016048801081749176e+01
1.726491473883222625e+02 3.380114293406102366e-01 1.025355943195932440e+01
1.726135240058982276e+02 3.337070711396912803e-01 1.033174609487331708e+01
1.726021787945349502e+02 3.286975568866671860e-01 1.035336884097430854e+01
1.726640795648529547e+02 3.256153672012188083e-01 1.031479481641468610e+01
1.727640327583991677e+02 3.188192536665055421e-01 1.036987193998984402e+01
1.729906524758472699e+02 3.313208597703118374e-01 1.039356732481231482e+01
1.732851446105274817e+02 3.337131896303819900e-01 1.029841102796762087e+01
1.735391292775898080e+02 3.263710008015222597e-01 1.028545206468468365e+01
1.738029249444747109e+02 3.346906185182239035e-01 1.028789028322493415e+01
1.740938989470077445e+02 3.192949663177087616e-01 1.026197694552707773e+01
1.743622299451171500e+02 3.117003897478570207e-01 1.032823714046219088e+01
1.746334748744179706e+02 3.124973231603228041e-01 1.026213908553038223e+01
1.747006895539008440e+02 3.296459229437282423e-01 1.016831814927893518e+01
1.744531308316864511e+02 3.478239587858467097e-01 1.029536554922631630e+01
1.738904300687106570e+02 3.532051713483317923e-01 1.038833754489442462e+01
1.732346716511970897e+02 3.518483960376654340e-01 1.035427590721920765e+01
1.729234209705149965e+02 3.442890007892853155e-01 1.058532541192738563e+01
1.728132391901565654e+02 3.537879575866225146e-01 1.029961637063369295e+01
1.727934825837162407e+02 3.378768225454145124e-01 1.027448314049890143e+01
1.729157728571516088e+02 3.006656917871499690e-01 1.032948531256309721e+01
1.729437741297976743e+02 3.358470132587693113e-01 1.022178610980243363e+01
1.732012096256095504e+02 3.360397457155269163e-01 1.018047864952673542e+01
1.735244754923855339e+02 3.173064568432258925e-01 1.020473999473809812e+01
1.737593735277381768e+02 3.334133835865368822e-01 1.017941403214654983e+01
1.739448234509511053e+02 2.979062524856368466e-01 1.018089317727103094e+01
1.742594087090596418e+02 3.090663795055035856e-01 1.010109582168270670e+01
1.744669417947980605e+02 3.124697899522145828e-01 1.019284258959000056e+01
1.745382528037983718e+02 3.182532932776142576e-01 1.023538292573987896e+01
1.747054818617343415e+02 3.149278935872099061e-01 1.029421833222180815e+01
1.749174003756753280e+02 3.231373784714786646e-01 1.022241631434357778e+01
1.750327981693475863e+02 3.237614645219317189e-01 1.011867118619178996e+01
1.750904527071262180e+02 3.165431751295590401e-01 1.025832726583006504e+01
1.751680015173857043e+02 3.257882145632315374e-01 1.023705327369844476e+01
1.754362437973800581e+02 3.301629354070937938e-01 1.025355025422328836e+01
1.757070267806337540e+02 3.157584786984746761e-01 1.028383066465164397e+01
1.759028536640581422e+02 3.062075147302663614e-01 1.039041783172926969e+01
1.761181465256150602e+02 2.813587944125943152e-01 1.035156082697520219e+01
1.761049214079870637e+02 3.127145295798432478e-01 1.046695556140211281e+01
1.758417131162084956e+02 3.299579659689547695e-01 1.039389772330961392e+01
1.756201105611267792e+02 3.309919908956858725e-01 1.042107605895777667e+01
1.754924559009783422e+02 3.246486456720856228e-01 1.038473987236828400e+01
1.754146883546766560e+02 3.262058015528729316e-01 1.023310531758025910e+01
1.753830328134655758e+02 3.178188804385734256e-01 1.036385899326354121e+01
1.753165447047522321e+02 3.245247462355986268e-01 1.026827440207049769e+01
1.753690581807279898e+02 3.338890962377401017e-01 1.028345131822881875e+01
1.755366222260292943e+02 3.240475039617227160e-01 1.039102356230764990e+01
1.755330857384100511e+02 3.171183132544863614e-01 1.040387698162617269e+01
1.754176833558697695e+02 3.191007042382785208e-01 1.034945300693225079e+01
1.754146638807139027e+02 3.219626282588611277e-01 1.025351354327914422e+01
1.753939283157630769e+02 3.274096145962713811e-01 1.038161638287067312e+01
1.753804584585074622e+02 3.311403642949357073e-01 1.024711054277130984e+01
1.754348411333892273e+02 3.273239557266013344e-01 1.027781465867999700e+01
1.755455154522482530e+02 3.400152350418199076e-01 1.029484853676295053e+01
1.757065694234546243e+02 3.070396294642037671e-01 1.032021885841200692e+01
1.757515219745593242e+02 3.410416118551875542e-01 1.030254406842919934e+01
1.757465522304957801e+02 3.400947754207991891e-01 1.029177093594552161e+01
1.757501636696259766e+02 3.176552108125967333e-01 1.031918636310794923e+01
1.760581929649594031e+02 2.178809831190841872e-01 1.031733093080598884e+01
1.760887395297328055e+02 2.360100710356769216e-01 1.033734145460997667e+01
1.759933629672232485e+02 2.859277773358867569e-01 1.029769516455680645e+01
1.759708545695947635e+02 3.042771309173453176e-01 1.036425669515843850e+01
1.759804743665832518e+02 3.079053958969401594e-01 1.034942853296948684e+01
1.758673572403159540e+02 3.218402584450467674e-01 1.047434516853382647e+01
1.754914968275625711e+02 3.271159270431169830e-01 1.057978205936159632e+01
1.753304443859788648e+02 3.369835229045698988e-01 1.065614388242708266e+01
1.753927107361156175e+02 3.338095558587607647e-01 1.055177466822484256e+01
1.754628714688660693e+02 3.161684175747526693e-01 1.042494294507430830e+01
1.754133881754048900e+02 3.136858399769944516e-01 1.045545891739425670e+01
1.754005133413689634e+02 3.176995698701044479e-01 1.046172272223887845e+01
1.754073813471692915e+02 3.220865276953481238e-01 1.051142016287422187e+01
1.752881029007764369e+02 3.334424464173177949e-01 1.021465194965705869e+01
1.752088806833130263e+02 3.177148660968312499e-01 1.017588672226335156e+01
1.751235460936496224e+02 3.102763110395927448e-01 1.022998488732799416e+01
1.751495359124810989e+02 3.093692447946940205e-01 1.011087928829716276e+01
1.751808258738734310e+02 3.086564406292255924e-01 1.017443663996965242e+01
1.752333317017358070e+02 3.055956656611946709e-01 1.016651625377052071e+01
1.752567333990051281e+02 3.230731343192261296e-01 1.017193417727714966e+01
1.754668729617777956e+02 3.079512845771205098e-01 1.010048091336829046e+01
1.756290236724404963e+02 3.079971732573009158e-01 1.010649844896260952e+01
1.756383344856490680e+02 3.218769693891910810e-01 1.010560667894443831e+01
1.757197027637222391e+02 3.284987059392189268e-01 1.013144047626331457e+01
1.758345391858736377e+02 3.157707156798560955e-01 1.018798297835889777e+01
1.759549847343657234e+02 3.203978242647103625e-01 1.015510679825500695e+01
1.761597369660852053e+02 3.345300081375925938e-01 1.008089103579928825e+01
1.764347340598021390e+02 3.177515770409755080e-01 1.003124101346679886e+01
1.766363123244757958e+02 3.097455319721730826e-01 1.006154589785791664e+01
1.767256132257294894e+02 3.177393400595940887e-01 1.011833160995845482e+01
1.764178026664382344e+02 3.340114660515544065e-01 1.015347927973127540e+01
1.759808567722514283e+02 3.255817155024198772e-01 1.022596809818953822e+01
1.757163437123330425e+02 2.751913557963521773e-01 1.040637026658263942e+01
1.755740077337722198e+02 3.150640300050783216e-01 1.019056192218503476e+01
1.755372034826449124e+02 3.127374739199334508e-01 1.018330080335782739e+01
1.754952520512240142e+02 3.112690361541615158e-01 1.024661953389337832e+01
1.754809286645170232e+02 3.284987059392189268e-01 1.020952312483556490e+01
1.755587696327069978e+02 3.310256425944848035e-01 1.023397873212635822e+01
1.756886682493162652e+02 3.438316436101542251e-01 1.024578894878211521e+01
1.757462814872827153e+02 3.543064996726607574e-01 1.026520139012108501e+01
1.758959535361817075e+02 3.354217781557645162e-01 1.014520096182673647e+01
1.763918939176083995e+02 3.016171170895563525e-01 1.007813465574312062e+01
1.771993985523650963e+02 2.676977343228972295e-01 1.006246673070686981e+01
1.776893122204614599e+02 2.464833974755107349e-01 1.016495756826705943e+01
1.778879918501704083e+02 2.586546050820183740e-01 1.018589351378801844e+01
1.780076725873261694e+02 2.680128365934691392e-01 1.019424984244886545e+01
1.782374280312532449e+02 2.657336988111772547e-01 1.018808546307796803e+01
1.782931751295590459e+02 2.812976095056871628e-01 1.025908289943036777e+01
1.781983308757395719e+02 2.886918055054178978e-01 1.024979503056186125e+01
1.781974222798720007e+02 3.039023733625389467e-01 1.041308531011570082e+01
1.781879217934519772e+02 3.030962622140370155e-01 1.041810706135010633e+01
1.782259375057360842e+02 2.886719204106730774e-01 1.035300937964622925e+01
1.782940867846719470e+02 2.997723921463053554e-01 1.035695427651906897e+01
1.783616135071800386e+02 2.983498430607137708e-01 1.044515537907109071e+01
1.783285705982048341e+02 3.146617392421637294e-01 1.049595567765343596e+01
1.779247502126175391e+02 3.325965650793262229e-01 1.050846799111595153e+01
1.768100927563188804e+02 3.471172731110689358e-01 1.049509602971139088e+01
1.756932234656354979e+02 3.398010878676447910e-01 1.043124499048574627e+01
1.752613253262685191e+02 3.267656434510735064e-01 1.028533581336155933e+01
1.751417455442091580e+02 3.108789823726283430e-01 1.033265622036356035e+01
1.752437836134582199e+02 2.241952655119035243e-01 1.034172841243522001e+01
1.752243619943832300e+02 2.328039819137415201e-01 1.040272211650830059e+01
1.751100165811097611e+02 2.818023849876712394e-01 1.039946860908351134e+01
1.751168432870979359e+02 2.982442990962989038e-01 1.044366858583324742e+01
1.751082070374880004e+02 3.042205348784561836e-01 1.050168105531727392e+01
1.751445095723786949e+02 3.155351537882635227e-01 1.050489020368455506e+01
1.750817078543065008e+02 3.375938423509688424e-01 1.059638611347352821e+01
1.750652491143484610e+02 3.402400895747036969e-01 1.051738722092034273e+01
1.752117961441271632e+02 3.256994964482161636e-01 1.047471533722061388e+01
1.753743353789487287e+02 3.330860443345835531e-01 1.055979906876571661e+01
1.755477685864451018e+02 3.445765698517489484e-01 1.050904159961820561e+01
1.758009012536787452e+02 3.284543468817112122e-01 1.060884336051982757e+01
1.760344516914567521e+02 3.187748946089978275e-01 1.058984544692515328e+01
1.763818703002343398e+02 3.257744479591774267e-01 1.044542612228415557e+01
1.767556443076621804e+02 3.287327382081388083e-01 1.037220002569766031e+01
1.769623039788544929e+02 3.170892504237055043e-01 1.056348240016152751e+01
1.770145513004852091e+02 3.200460110499941946e-01 1.044741769100398265e+01
1.771172700518236240e+02 3.395272854092352688e-01 1.047015400241068583e+01
1.773925654219617059e+02 3.128093661855493313e-01 1.045474458360611614e+01
1.775430298154051343e+02 3.048017914940742146e-01 1.046666493309430379e+01
1.774946050208334611e+02 3.231404377168239916e-01 1.042715324983632996e+01
1.768772584878762189e+02 3.415586243185531057e-01 1.055873751063087695e+01
1.756982008578123953e+02 3.482751974742870349e-01 1.054413879184282798e+01
1.753475394489687176e+02 3.450966415604598825e-01 1.045615948457834499e+01
1.753173951749582500e+02 3.361636451520139124e-01 1.052069273551600226e+01
1.753148927122657312e+02 3.444281964524991135e-01 1.056738293797685913e+01
1.754600508446576441e+02 3.338661518976498987e-01 1.048357950060879062e+01
1.756594310415506754e+02 3.186693506445830160e-01 1.055639412869633276e+01
1.756414778602414231e+02 3.262134496662363325e-01 1.049417825610778365e+01
1.754600110744681558e+02 3.396573033364129746e-01 1.056693322891109155e+01
1.753557259895129050e+02 3.401666676864151251e-01 1.063866641376905164e+01
1.753874090639320968e+02 3.417375901712565445e-01 1.061492819951174482e+01
1.753878878358286499e+02 3.444786740006974823e-01 1.061849527958443140e+01
1.754309558918006076e+02 3.581045527689229457e-01 1.073412710552560867e+01
1.756972417843966241e+02 3.497405759947136428e-01 1.063084545304364248e+01
1.761233487723248459e+02 3.159863924767038479e-01 1.057139207900195110e+01
1.763607293852752491e+02 2.995475376134215106e-01 1.067816586004564350e+01
1.764298163229094598e+02 3.152185218950189216e-01 1.052486707578974467e+01
1.765701331995423402e+02 3.120812657933541012e-01 1.057805817460948816e+01
1.766035585141857212e+02 3.129347952447090186e-01 1.074555338689052242e+01
1.764420976633483917e+02 3.351862162641719434e-01 1.064049737210824809e+01
1.764393045723481066e+02 3.252161356836495432e-01 1.072237960339943363e+01
1.765856068624991622e+02 3.233362294189269237e-01 1.070773958479922250e+01
1.767541850476324612e+02 3.102441889634665051e-01 1.068495432546699320e+01
1.768731499213774043e+02 2.844012139085530522e-01 1.068801051156700588e+01
1.766539045148342666e+02 3.142150894217414225e-01 1.071853719124566418e+01
1.757756242390127284e+02 3.248474966195338820e-01 1.075119769455270813e+01
1.745060878982372685e+02 3.256092487105280986e-01 1.074582107085824134e+01
1.735501318534743973e+02 3.287832157563372326e-01 1.053033853608991777e+01
1.730390451483428080e+02 3.249560998292941316e-01 1.047579983969554362e+01
1.730155210812596636e+02 3.281530112151934131e-01 1.054877048929570016e+01
1.732608236100318777e+02 3.443716004136099795e-01 1.054953071176402268e+01
1.735995906729727949e+02 3.435012451128555688e-01 1.042461560582235514e+01
1.739143839597647911e+02 3.224765814768812966e-01 1.054501526563427305e+01
1.741267368865448191e+02 3.211136876755242286e-01 1.049464479102295122e+01
1.742543012989555677e+02 3.234341252699783897e-01 1.043628509719222386e+01
1.743253048537986558e+02 3.285124725432730375e-01 1.045434841133389270e+01
1.745378352168087304e+02 3.203488763391846295e-01 1.048002771676282840e+01
1.748144368847092665e+02 2.703164483385238626e-01 1.076656122467709586e+01
1.749131923837027784e+02 2.926168172835125203e-01 1.062490745782830359e+01
1.754252198067780739e+02 2.315068618873096506e-01 1.086275001682584929e+01
1.755554258775445362e+02 2.499219892436933543e-01 1.092654598963527590e+01
1.757294388120338340e+02 2.929028567233035174e-01 1.070314612791316655e+01
1.757671195369526345e+02 3.159970998354125760e-01 1.070157061656030706e+01
1.757923690184105396e+02 3.287128531133939879e-01 1.064622580901743198e+01
1.758522246832151552e+02 3.425697049051940057e-01 1.073977447243314032e+01
1.759592799148306028e+02 3.386508116177901484e-01 1.088544961728840654e+01
1.760652062849136428e+02 3.372619142309974949e-01 1.089263578460465354e+01
1.761146192157318637e+02 3.437322181364301232e-01 1.097453637136791116e+01
1.760990874271134885e+02 3.462423289422965067e-01 1.112894413206150368e+01
1.755754945270100791e+02 3.572326678454958993e-01 1.119491522831147989e+01
1.740973834274561227e+02 3.579898310684720419e-01 1.110255814095778781e+01
1.727724992198924383e+02 3.406760320364172756e-01 1.090177222082856545e+01
1.723324237177173188e+02 3.294791940724062229e-01 1.082652396306879083e+01
1.722420826730462124e+02 3.388527218105837902e-01 1.076949045209527789e+01
1.722902979093117324e+02 3.229186424292855295e-01 1.083643438836507755e+01
1.723387548259595405e+02 3.399142799454230590e-01 1.058831582425247397e+01
1.724824429909629941e+02 3.356374549526122686e-01 1.051790729262905444e+01
1.726156593591492765e+02 3.389888582284522056e-01 1.047233983320994355e+01
1.726378480656391616e+02 3.431693169928842213e-01 1.053229186424292863e+01
1.725546182367733650e+02 3.308436174964359822e-01 1.056774239930494019e+01
1.725070561493890580e+02 3.375571314068245843e-01 1.059633410630265793e+01
1.725755878339930973e+02 3.381750989665869289e-01 1.070020160426825839e+01
1.726609193644111997e+02 3.302164722006375452e-01 1.078040583948751596e+01
1.726881389998715122e+02 3.342087873763300299e-01 1.063881325754562823e+01
1.727787263137929017e+02 3.331778216949443094e-01 1.051375436707273003e+01
1.728514614015014672e+02 3.335571681177686987e-01 1.055880940289649317e+01
1.729084995013430159e+02 3.312474378820232657e-01 1.057393431188394395e+01
1.729742748058908717e+02 3.238899528264367889e-01 1.051669124260427424e+01
1.730868473864867099e+02 3.313789854318736627e-01 1.046680412875751820e+01
1.732438126762890249e+02 3.236314465947540131e-01 1.054122791989671981e+01
1.733690948916721197e+02 3.263755896695403336e-01 1.054574183640379559e+01
1.735366711739548009e+02 3.254241643671338946e-01 1.048999779734335114e+01
1.736565935914928502e+02 3.254134570084251665e-01 1.061797979674373948e+01
1.730535199676943705e+02 3.445796290970943310e-01 1.077227895422757165e+01
1.707687256407589302e+02 3.415219133744087920e-01 1.047471227797526971e+01
1.695784344617869692e+02 3.291839768965791335e-01 1.054640263339839379e+01
1.690550404126310013e+02 3.076943079681104254e-01 1.036631709689853764e+01
1.689642741328569002e+02 3.128063069402040042e-01 1.037222297003775040e+01
1.689472417843966241e+02 3.140223569649838731e-01 1.039247058535600488e+01
1.689095534113644987e+02 3.215083303250754199e-01 1.026584077239826520e+01
1.689991204669632054e+02 3.110151187904967585e-01 1.039114746174413639e+01
1.689924253085249006e+02 3.200735442581024159e-01 1.036922949846731790e+01
1.689896459841286287e+02 3.317323282692625219e-01 1.031883760913857806e+01
1.689292549513886001e+02 3.345315377602652851e-01 1.028486010071035750e+01
1.688928897019683291e+02 3.378171672611799958e-01 1.024791665391981077e+01
1.689281796266496940e+02 3.415509762051897047e-01 1.021780297236277768e+01
1.689917293302088126e+02 3.405322475051854036e-01 1.024107006283689891e+01
1.691796786568689299e+02 3.371823738520181579e-01 1.021217702017266404e+01
1.694979441871279278e+02 3.239954967908516559e-01 1.020614571797429093e+01
1.697859002441277880e+02 3.170280655167982964e-01 1.023924216374304841e+01
1.702307604060230517e+02 3.078992774062494497e-01 1.025839456922766324e+01
1.705220953995068385e+02 2.986955377847392845e-01 1.020829330820673242e+01
1.707117395480882749e+02 3.030473142885112825e-01 1.031829000422175824e+01
1.708334653907573966e+02 3.104690434963502943e-01 1.035480515666395362e+01
1.711203507118864025e+02 3.056369654733570584e-01 1.035427590721920765e+01
1.713598437337477662e+02 3.091918085646632730e-01 1.037069946585576297e+01
1.714428425895899863e+02 3.132040088351005780e-01 1.041678546736091171e+01
1.711149847955506402e+02 3.281652481965748880e-01 1.058247572488818378e+01
1.700311094659169555e+02 3.566820036833314167e-01 1.056945251745299430e+01
1.675417449323600749e+02 2.472084386223606378e-01 1.025932916868067046e+01
1.671128096721100746e+02 2.478722948623033606e-01 1.032260506978138714e+01
1.671860709500180633e+02 2.841243522047981473e-01 1.022359565342421384e+01
1.672323068545451292e+02 3.060071341601453554e-01 1.032073281163002676e+01
1.673488962242794003e+02 3.306462961716603588e-01 1.045145589485985660e+01
1.674961178176567387e+02 3.364879251586218589e-01 1.052026597079032477e+01
1.676974788759108890e+02 3.632012555142897225e-01 1.039753975489326265e+01
1.679195250215676936e+02 3.474033125508599329e-01 1.037405086913160268e+01
1.679515323759934802e+02 3.576869657792815516e-01 1.038480870538855427e+01
1.680288517428520834e+02 3.426477156615005959e-01 1.061250833644356639e+01
1.681155538151848816e+02 3.408702941158475164e-01 1.060889995655871587e+01
1.681578325858577330e+02 3.405123624104405833e-01 1.062370211516223151e+01
1.681757368192414219e+02 3.451272340139134309e-01 1.050268907665856943e+01
1.684265643451073515e+02 3.389781508697434775e-01 1.049350063326378724e+01
1.688070916366350787e+02 3.164957568267059984e-01 1.040069842571234560e+01
1.692468275625768683e+02 3.006656917871499690e-01 1.035748505558648880e+01
1.695432822031461342e+02 2.986909489167212106e-01 1.031654776399757623e+01
1.697634576202742380e+02 3.000125429059159465e-01 1.030612032623792373e+01
1.700717530699527060e+02 2.970144824674649242e-01 1.038605228862144259e+01
1.704301145993306363e+02 2.919315463261522581e-01 1.031945098783032222e+01
1.708012836593469217e+02 2.995674227081663310e-01 1.028903444098409814e+01
1.709892620488377872e+02 3.044729226194482496e-01 1.036873237109869805e+01
1.711841971622440042e+02 2.996852036539626174e-01 1.044134355937077530e+01
1.708897983345468390e+02 3.154280802011759643e-01 1.044909262783056647e+01
1.693161898322921672e+02 3.604785271569209137e-01 1.054122333102870179e+01
1.677196798193821508e+02 3.474017829281872971e-01 1.026709506298986163e+01
1.668994364870073923e+02 3.220574648645672111e-01 1.024170332662338900e+01
1.668526025000153084e+02 3.250417586989641228e-01 1.024960688697312072e+01
1.670175310054515876e+02 3.244008467991115752e-01 1.026036013436205607e+01
1.670794455423736053e+02 3.198991672734169955e-01 1.032448803529145387e+01
1.670551291307460247e+02 3.338477964255777142e-01 1.029047534554176124e+01
1.671633529940834251e+02 3.383540648192903677e-01 1.034070662448987044e+01
1.670881536842491641e+02 3.417437086619472542e-01 1.041165052404872782e+01
1.669220504286002722e+02 3.449237941984471534e-01 1.042312575333916591e+01
1.669045117750353313e+02 3.582070374879924857e-01 1.033419043190425768e+01
1.668884782701803147e+02 3.451394709952949058e-01 1.049223410569080883e+01
1.668205171348331817e+02 3.612158052851522361e-01 1.045905658992039911e+01
1.670069551942926580e+02 3.478423142579188387e-01 1.039677341393425003e+01
1.672395419697868988e+02 3.499134233567263719e-01 1.029123709763275585e+01
1.674755627481812894e+02 3.515883601833099670e-01 1.017987444857102730e+01
1.677583440916794757e+02 3.370049376219874104e-01 1.020429028567233054e+01
1.680968801815968163e+02 3.206287972882849169e-01 1.024829447071996213e+01
1.683235473173477601e+02 3.233928254578160577e-01 1.025006730339759820e+01
1.684478995221458888e+02 3.239205452798903373e-01 1.032974534841745218e+01
1.686222719179632747e+02 3.166013007911208654e-01 1.037421147951223332e+01
1.688433788752990381e+02 3.157951896426189342e-01 1.026746829092199498e+01
1.690417036325479216e+02 3.121806912670782586e-01 1.036175729171127990e+01
1.693243779024590197e+02 3.163122021059844857e-01 1.035384914249353017e+01
1.695180877881044239e+02 3.136460697875048109e-01 1.034913484541633188e+01
1.690563650658655490e+02 3.350194873928499240e-01 1.042869816873573541e+01
1.670764337153310919e+02 3.399815833430209211e-01 1.032226702317072409e+01
1.652111261693965218e+02 3.437230404003940309e-01 1.033067535900244138e+01
1.640880496699074342e+02 3.418523118717075038e-01 9.958264245375950452e+00
1.638985768390653277e+02 3.419884482895759192e-01 9.941513347487441976e+00
1.639902410073483168e+02 3.437276292684120493e-01 1.005041942253684795e+01
1.640339362086160691e+02 3.594139097767362623e-01 9.988211198061662799e+00
1.641422610270498410e+02 3.446331658906380824e-01 9.977409002747203104e+00
1.643067153494575905e+02 3.540372860822692536e-01 9.965881766285892951e+00
1.644863328214196088e+02 3.533306004074914797e-01 9.981971867179803226e+00
1.644881224799466395e+02 3.560823915956412011e-01 9.965985780627635293e+00
1.640513830848206283e+02 2.566232661727005371e-01 9.909122057770789027e+00
1.640908549978891244e+02 2.674376984685417624e-01 9.977887774643750873e+00
1.643659209246263231e+02 3.047773175313113758e-01 9.969022081632902044e+00
1.646071317127490943e+02 3.128384290163302439e-01 9.941537821450204149e+00
1.648406301433562362e+02 3.136323031834507002e-01 9.940358482369569870e+00
1.652036967920753341e+02 3.147122167903621537e-01 9.941787149945850999e+00
1.655266276714860112e+02 3.111894957751821789e-01 9.976307674422873362e+00
1.661134322285378744e+02 2.886214428624747086e-01 1.005071463971267498e+01
1.665815334773218126e+02 2.672266105397120839e-01 1.005609279302981562e+01
1.668433314569961965e+02 2.788502132294005675e-01 1.016852005947172977e+01
1.671269923335311773e+02 2.818758068759598112e-01 1.010261014812865987e+01
1.674876804189942447e+02 2.747309393718757597e-01 1.006859745837896725e+01
1.678842565116037235e+02 2.699202760662999800e-01 1.011670103218937911e+01
1.683611867424543789e+02 2.750261565477027936e-01 1.004441565354658294e+01
1.685573929723015851e+02 2.951070429946340834e-01 1.004753149493082987e+01
1.684856567281982791e+02 3.120797361706814099e-01 1.024898127129999637e+01
1.674812468260329581e+02 3.496013803314998447e-01 1.024831129656936213e+01
1.657190450259730028e+02 3.735155011961649452e-01 1.019287777091147085e+01
1.643779575254376368e+02 3.401376048556342124e-01 1.021540146476667132e+01
1.642188155825720912e+02 3.443241821107569378e-01 1.013841249640538678e+01
1.646115813851039320e+02 3.226815509150202654e-01 9.975458733839536407e+00
1.646234329015718458e+02 3.294899014311149510e-01 9.908094151334749355e+00
1.645559138271771076e+02 3.307090107012402025e-01 9.910205030623046696e+00
1.646778706428698058e+02 3.279771046078353569e-01 9.906797031308316903e+00
1.648814771872074516e+02 3.448519019328312174e-01 9.807750904006999448e+00
1.649060597531800738e+02 3.525979111472781757e-01 9.992595096641560204e+00
1.648170448913662085e+02 3.650031510227056963e-01 9.923777372597728075e+00
1.650644980696161781e+02 3.489161093741395825e-01 1.005429548638941739e+01
1.654531445982904927e+02 3.515547084845110359e-01 1.005042554102753982e+01
1.657764441167652762e+02 3.373567508367035783e-01 9.915546472996041416e+00
1.657955949926272297e+02 3.484373374775910359e-01 9.969869492593566918e+00
1.659996573645213118e+02 3.551783845960878594e-01 9.885255355208977690e+00
1.663199955335017819e+02 3.404603552395695232e-01 9.890327583991581406e+00
1.664770357748150786e+02 3.369942302632786268e-01 9.894697715967424756e+00
1.665512668334975217e+02 3.333093692447947065e-01 9.958943397842620726e+00
1.666589752139942107e+02 3.306600627757144695e-01 9.948985554243479967e+00
1.668776148899589487e+02 3.142395633845043168e-01 9.984561518364650112e+00
1.671127438983351681e+02 3.333200766035034346e-01 9.911994689150080973e+00
1.673534881515427912e+02 3.122296391926039916e-01 9.965432057220125373e+00
1.675361985205489646e+02 3.223297377003040975e-01 1.010252448925898960e+01
1.673402722116508414e+02 3.382775836856564133e-01 1.010404034532761486e+01
1.660969230110316346e+02 3.593664914738832206e-01 1.000176671418694418e+01
1.647279443706826498e+02 3.664272297309699722e-01 9.920329603093508197e+00
1.639922662277669474e+02 3.681128739162623509e-01 9.811452590874882418e+00
1.636220638892797865e+02 3.551279070478894351e-01 9.832702109043740535e+00
1.635360639137537646e+02 3.605794822533177624e-01 9.807596412117058904e+00
1.637011667961747321e+02 3.617389362392084973e-01 9.804442330165993980e+00
1.640796918116239169e+02 3.334118539638641909e-01 9.801370847839255163e+00
1.644673930334865020e+02 3.181263345957819344e-01 9.870050905842546740e+00
1.647204951082667037e+02 3.325200839456922686e-01 9.993678069493817873e+00
1.648510698180972724e+02 3.443700707909372882e-01 9.912086466510441340e+00
1.647972332185096604e+02 3.633756324989751429e-01 9.886449990516339881e+00
1.648204788942663583e+02 3.630146415482228828e-01 9.881105488897999223e+00
1.649432219360128329e+02 3.539011496644007826e-01 9.898511065290414024e+00
1.651646715288272560e+02 3.387456482234962318e-01 1.001001138039268490e+01
1.654803214043159869e+02 3.224628148728271859e-01 9.996156058223556684e+00
1.657727286632933499e+02 3.274493847857610218e-01 9.834170546809513525e+00
1.658899084673792572e+02 3.359571460912021967e-01 9.888771957733466067e+00
1.659686947423809613e+02 3.432259130317732998e-01 9.819981766897742048e+00
1.660961459627139050e+02 3.553420542220644962e-01 9.768185683955481480e+00
1.664802311565782986e+02 2.515586855034600000e-01 9.940355423124223933e+00
1.665622250503245994e+02 2.562393308818580739e-01 1.002062237287305990e+01
1.667321018851069709e+02 2.918214134937193727e-01 9.963877960584682114e+00
1.668545711243950223e+02 3.074128573963374467e-01 9.924406047516198370e+00
1.670446848671369651e+02 3.156269311486242790e-01 1.002585980090431228e+01
1.669513044622152620e+02 3.305086301311192520e-01 1.002883950587069251e+01
1.659314025416210256e+02 3.655874668836691099e-01 1.020635986514846572e+01
1.640078530828015460e+02 3.703629488677733228e-01 1.008293308206731531e+01
1.631106682003683375e+02 3.630513524923671964e-01 1.003015651099186911e+01
1.630369082654690658e+02 3.701717460336884091e-01 1.014904796284852395e+01
1.632420367843660358e+02 3.751384308518774802e-01 1.005297542202289485e+01
1.633431861428422849e+02 3.696639113063589499e-01 1.005938760026676704e+01
1.634667368253599307e+02 3.658903321728596003e-01 1.002221165082997345e+01
1.637137632388842405e+02 3.777097265646510160e-01 1.003241270443407096e+01
1.638621917045503267e+02 3.584900176824381002e-01 1.005540446282710931e+01
1.638565886967002996e+02 3.681281701429891529e-01 1.001188516816671736e+01
1.638510545218705374e+02 3.711262305814401752e-01 1.003066893458721687e+01
1.639834326568322069e+02 3.734298423264948985e-01 9.920627879514681169e+00
1.640737951162207366e+02 3.697465109306836140e-01 9.982482761152478901e+00
1.642638553221691211e+02 3.759552493590880839e-01 1.008722979215487037e+01
1.645867632572397099e+02 3.682551288248214760e-01 9.986657101426219540e+00
1.648482293087941173e+02 3.539225643818182943e-01 1.005098079405772182e+01
1.649720339086753995e+02 3.683193729770740110e-01 1.014439943954625356e+01
1.650620307882451527e+02 3.788737694185598248e-01 1.011817864769118813e+01
1.652478814725983511e+02 3.660723572709084217e-01 1.018904147724839149e+01
1.655323729342445915e+02 3.593343693977569808e-01 1.013486836067278851e+01
1.656403933577664986e+02 3.578751093680210826e-01 1.023020821223820498e+01
1.656530938148177654e+02 3.694528233775292159e-01 1.030161558746688399e+01
1.658159970998354140e+02 3.595668720440041710e-01 1.018140407124370483e+01
1.659431745177099629e+02 3.672211038980904285e-01 1.028742374830976658e+01
1.653756814469006713e+02 3.792913564082012190e-01 1.032717405270467914e+01
1.635278850213229305e+02 3.836461921573186551e-01 1.019858326348056465e+01
1.622770529065890059e+02 3.773839169353703782e-01 1.017664082624098221e+01
1.616260409082287595e+02 3.534346147492336554e-01 1.018103696180226336e+01
1.615317733221568801e+02 3.494744216496674660e-01 1.019080666181266359e+01
1.616760687473613984e+02 3.504763245002722738e-01 1.007454463133034395e+01
1.616747135016734092e+02 3.698795881032067023e-01 9.991189373405369167e+00
1.617696388254945248e+02 3.669840123838251644e-01 9.937283940797483339e+00
1.619166936900005567e+02 3.582942259803351681e-01 1.001339949461266876e+01
1.620288318577573250e+02 3.538690275882745429e-01 9.984726717613298774e+00
1.620499161766775273e+02 3.531761085175508796e-01 1.001016434265995336e+01
1.621848319556531806e+02 3.378661151867057288e-01 9.979626955622586948e+00
1.624421817925953917e+02 3.426783081149541998e-01 9.884710809537503806e+00
1.629620775946989397e+02 3.409452456268087794e-01 9.837942596320338851e+00
1.633899451783234156e+02 3.265514962768983898e-01 9.952032562607456612e+00
1.637295780076970573e+02 3.344275234185231094e-01 9.950137360116006136e+00
1.640722012493957891e+02 3.245369832169800461e-01 9.900669362881563629e+00
1.644516256829765268e+02 3.142166190444141138e-01 9.944511407925892499e+00
1.648349185322964559e+02 3.054855328287617855e-01 9.966750591963974060e+00
1.650165030990155230e+02 3.121653950403514566e-01 9.941807035040596929e+00
1.652044493664302820e+02 3.238333567875476549e-01 1.000770623902495693e+01
1.653809724117254802e+02 3.282493774435722433e-01 1.007221501599985380e+01
1.656421891347842177e+02 3.168292145693500372e-01 1.005773560778027331e+01
1.657846444239135053e+02 3.110380631305869614e-01 1.003816255606067109e+01
1.654342950580950742e+02 3.567875476477462282e-01 1.017037702139636224e+01
1.638307273661733063e+02 3.963711231713361038e-01 1.017649551208707770e+01
1.625852443419257440e+02 3.813655247523540792e-01 9.884902012371588498e+00
1.622915323148085918e+02 3.706994658557626887e-01 9.940096916892541046e+00
1.622569169537258631e+02 3.710115088809892159e-01 9.914212642025464817e+00
1.624697455931570858e+02 3.494637142909586824e-01 9.807007507388076917e+00
1.626536322419985368e+02 2.732472053793770228e-01 9.934223165829452640e+00
1.626985542006497951e+02 2.856111454426422114e-01 9.995262758582713403e+00
1.627186335574740497e+02 3.240444447163773889e-01 9.863848285904833091e+00
1.627989938142059145e+02 3.457941494992015641e-01 9.900747373637871718e+00
1.628528931283231032e+02 3.627484872031767060e-01 9.917368253599201822e+00
1.628844094738709884e+02 3.577481506861887040e-01 9.967787676136051545e+00
1.629355830003854635e+02 3.583875329633686158e-01 9.953517826222627818e+00
1.631843531837566275e+02 3.461444330912450407e-01 1.000840221734102720e+01
1.635160977490072867e+02 3.396282405056320619e-01 1.000626839371263976e+01
1.638946671235139831e+02 3.338233224628148754e-01 9.901571840258444723e+00
1.644131862652120901e+02 3.183053004484853732e-01 9.899789829844774403e+00
1.647374173238945332e+02 3.191542410318222722e-01 9.899130562472850059e+00
1.650243470040810223e+02 3.145118362202412032e-01 9.967682132171635345e+00
1.653592900103402599e+02 3.212329982439931508e-01 9.833035566786385573e+00
1.656616627610301009e+02 3.198899895373809033e-01 9.792832494080359496e+00
1.659116107538592360e+02 3.218739101438456984e-01 9.888389552065296684e+00
1.661944028047161339e+02 3.266386847692411277e-01 9.787070405472377388e+00
1.664008743323197166e+02 3.301843501245113055e-01 9.897362318663232017e+00
1.660081666554494291e+02 3.411272707248576008e-01 9.907356873206516923e+00
1.645163700218430165e+02 3.849540195424592803e-01 9.988275442213915056e+00
1.631519205942278177e+02 3.935153176414442067e-01 1.012839193827666584e+01
1.621376415665783668e+02 3.650062102680510789e-01 1.007465935303079441e+01
1.620467666835944840e+02 3.597121861979086788e-01 9.830456622960248581e+00
1.623227855652567655e+02 3.482644901155783068e-01 9.793601894284718057e+00
1.625299622489124260e+02 3.460771296936471786e-01 9.788281866629139572e+00
1.626869458941868345e+02 3.482140125673798825e-01 9.856847202931980689e+00
1.628404465886355013e+02 3.613366454762939051e-01 9.789930799870287359e+00
1.630442213914671470e+02 3.588341827837908671e-01 9.742538500602671903e+00
1.632655975623933102e+02 3.569879282178672342e-01 9.849563139764683228e+00
1.633979604011282447e+02 3.699377137647685276e-01 9.760063387563555182e+00
1.636591312355068339e+02 3.500281450571772757e-01 9.742134680217084508e+00
1.639733004362483939e+02 3.351770385281359066e-01 9.774480081253555497e+00
1.643118197003163345e+02 3.174135304303134508e-01 9.695485777568389807e+00
1.645195822294556365e+02 3.177393400595940887e-01 9.754201873481848750e+00
1.649920352547433708e+02 2.835645103065975725e-01 9.736615801614057375e+00
1.654445787113234871e+02 2.952523571485385911e-01 9.778487692655975394e+00
1.655936373815307263e+02 3.106862499158707380e-01 9.580543811452590930e+00
1.656154421527297700e+02 3.157171788863123441e-01 9.745940381426709820e+00
1.657338012958963418e+02 3.266631587320039665e-01 9.689686978016263552e+00
1.660866225319538216e+02 3.331977067896891298e-01 9.676227828119358776e+00
1.662383274493847978e+02 3.383127650071280357e-01 9.765319171066881410e+00
1.664652790949528480e+02 3.421689437649520493e-01 9.644032330104810313e+00
1.667273034587827851e+02 3.233912958351433664e-01 9.678656868923573242e+00
1.665314383347915737e+02 3.413704807298135746e-01 9.684564271685459858e+00
1.651018820477364670e+02 3.690642992186687343e-01 9.811965014470230173e+00
1.634143640746700612e+02 3.559064849882830894e-01 9.549348686665974029e+00
1.626967201830652527e+02 3.387838887903131813e-01 9.577092982703026891e+00
1.624821814254859476e+02 3.361743525107226405e-01 9.514115358023483182e+00
1.624403370676521376e+02 3.400305312685466541e-01 9.486967614828774487e+00
1.625623764829691709e+02 3.477184148214318427e-01 9.422382356720243379e+00
1.625999883748676780e+02 3.656180593371227139e-01 9.401350044970905984e+00
1.626965565134392762e+02 3.593741395872466216e-01 9.435803266050330151e+00
1.629314560784145840e+02 3.063757732242610166e-01 9.585486022308016274e+00
1.630528515225864226e+02 3.395058706918177571e-01 9.436520659083816653e+00
1.630360715618671179e+02 3.461842032807346814e-01 9.308471356285831888e+00
1.631287284552646497e+02 3.449192053304290795e-01 9.396297701283048198e+00
1.632097969272939793e+02 3.384932604825041658e-01 9.387286694118294861e+00
1.632880646602096135e+02 3.471233916017597010e-01 9.472183811697330924e+00
1.635983073195504005e+02 3.330523926357846221e-01 9.371565232288499914e+00
1.638941470518052483e+02 3.373613397047216522e-01 9.334032880768971197e+00
1.645346306573094637e+02 2.591440843372757041e-01 9.602229272083162570e+00
1.647489506788465405e+02 2.744433703094120713e-01 9.516997167138809388e+00
1.648708876094445088e+02 3.136843103543218159e-01 9.466459963656165044e+00
1.649429496631770746e+02 3.432243834091006640e-01 9.550729935939402893e+00
1.651270841108915306e+02 3.395043410691450658e-01 9.609089629770128482e+00
1.655045812199046793e+02 3.317736280814248540e-01 9.678263755896695741e+00
1.658121072693787994e+02 3.256107783332007899e-01 9.609793256199560929e+00
1.660294681807891664e+02 3.195871242481904684e-01 9.565290414160635635e+00
1.663801999522757740e+02 3.156621124700959014e-01 9.516983400534755333e+00
1.662339588470316016e+02 3.602628503600731613e-01 9.605707634040834719e+00
1.652183674031290082e+02 3.868155703351097152e-01 9.741955714364380015e+00
1.641417118925103580e+02 3.734894976107293596e-01 9.675303936025061446e+00
1.636682431977679641e+02 3.782160316693078395e-01 9.589990761079057791e+00
1.635889460287936288e+02 3.694558826228745985e-01 9.603660998904789636e+00
1.639185093521130341e+02 3.437276292684120493e-01 9.382878321575633507e+00
1.641033413077661862e+02 3.416855830003854844e-01 9.441143178800652791e+00
1.642050749821034117e+02 3.426676007562454718e-01 9.435050691695373359e+00
1.642854230018538999e+02 3.318011612895330753e-01 9.362018857188308729e+00
1.643762321110628477e+02 3.413674214844681920e-01 9.434177277149272456e+00
1.644087534187066808e+02 3.209699031442923567e-01 9.457962909709433319e+00
1.642601918758680597e+02 3.513375020649905922e-01 9.495571742362594492e+00
1.642065418902465126e+02 3.670115455919333858e-01 9.561969603338248191e+00
1.643705694479285739e+02 3.575401220027043525e-01 9.652982152362655555e+00
1.646585943379487276e+02 3.391540574771015337e-01 9.554942516779961537e+00
1.648737128225209290e+02 3.444006632443908922e-01 9.503455417617582057e+00
1.650591581568658626e+02 3.254899381420591209e-01 9.473907696449439086e+00
1.653192215444294106e+02 3.278669717754024160e-01 9.581571717888630602e+00
1.656160065834959880e+02 3.236314465947540131e-01 9.472748242463548962e+00
1.658920897093105111e+02 2.950412692197088571e-01 9.475871731961159838e+00
1.660371346496246190e+02 3.083688715667619040e-01 9.497580136931821571e+00
1.662733619270798329e+02 3.048599171556360399e-01 9.542425614449427940e+00
1.664945285396998145e+02 3.129516210941085119e-01 9.592887866421111909e+00
1.665681875195026862e+02 3.212712388108101558e-01 9.542824845966997316e+00
1.667069227662920241e+02 3.212941831509003587e-01 9.518110732444521105e+00
1.666486716756710393e+02 3.194249842448864674e-01 9.658190517563127742e+00
1.659009202209998932e+02 3.539057385324188010e-01 9.702661237525926907e+00
1.642907277332827505e+02 3.741288798879092714e-01 9.660937719883259334e+00
1.631391451856655976e+02 3.541367115559933554e-01 9.591807952814200178e+00
1.630725500033651656e+02 3.496839799558245088e-01 9.498578980537081051e+00
1.632305799105476751e+02 3.410370229871695358e-01 9.435047632450027422e+00
1.633069769149346371e+02 3.426110047173563378e-01 9.394365787847453575e+00
1.634299279853645714e+02 3.327021090437410900e-01 9.326464307784554819e+00
1.636076288401177123e+02 3.251549507767423908e-01 9.440236112555755454e+00
1.636471084012995618e+02 3.394171525768023279e-01 9.365567581788925011e+00
1.636710959440525244e+02 3.458660417648174445e-01 9.297696694179480303e+00
1.636366396637277489e+02 3.571714829385886913e-01 9.325196250588904334e+00
1.636868587056944762e+02 3.323166441302259355e-01 9.369781692252155736e+00
1.637643386829336976e+02 3.257132630522702743e-01 9.289953744210377451e+00
1.637885357839928133e+02 3.184857959238615033e-01 9.375946071623051381e+00
1.639443706826399989e+02 3.432794498253171067e-01 9.349171556360477808e+00
1.642241294917369885e+02 3.451058192964959193e-01 9.254177399519086578e+00
1.642897411266588676e+02 3.510254590397640651e-01 9.156215774692698872e+00
1.644143809005194612e+02 3.466813306493554125e-01 9.276786752243957324e+00
1.646935079754526043e+02 3.374959464999173764e-01 9.251222168515470301e+00
1.650476263315365486e+02 3.218433176903921500e-01 9.288070778700310726e+00
1.652745076144616689e+02 3.257989219219403210e-01 9.216054613647905569e+00
1.654133468755927368e+02 3.285476538647446598e-01 9.199364900666303413e+00
1.657914619521656334e+02 3.182747079950317692e-01 9.189140902722115811e+00
1.663292956393516988e+02 2.846750163669625744e-01 9.168523118717075704e+00
1.665741576367941548e+02 2.964806441546999349e-01 9.267321447145418389e+00
1.655114828774038074e+02 2.453560655657462397e-01 9.515357411633697637e+00
1.640794118906748054e+02 2.478141692007415631e-01 9.448541963668402488e+00
1.630842041985083029e+02 3.239985560361969830e-01 9.255428630865338846e+00
1.630116572543884956e+02 3.468281744259326116e-01 9.409059343241208850e+00
1.628869425290169488e+02 3.430025881215621464e-01 9.458323900660184691e+00
1.628868461627885722e+02 3.359785608086197084e-01 9.457747232912584678e+00
1.631213633220957036e+02 3.223557412857396276e-01 9.339380441632657792e+00
1.634977086252363279e+02 3.428832775530932242e-01 9.315564216619044657e+00
1.638183634261100394e+02 3.223740967578117567e-01 9.373423723835804466e+00
1.639096375406114703e+02 3.295449678473313937e-01 9.358563439570726672e+00
1.639383867987444887e+02 3.311220088228635783e-01 9.333044744522421610e+00
1.640848435807855026e+02 3.264168894817026656e-01 9.296145656789382983e+00
1.641541492544619132e+02 3.328122418761739754e-01 9.295744895649141526e+00
1.641711035921658777e+02 3.452924332625628145e-01 9.281169121201182648e+00
1.642878153317139720e+02 3.462744510184228020e-01 9.170686005176243327e+00
1.645374803443486655e+02 3.407632205287599581e-01 9.164045913154142298e+00
1.647423916568261006e+02 3.349934838074143939e-01 9.305886293969003020e+00
1.650945322107942275e+02 3.330401556544031472e-01 9.251676466449255898e+00
1.654170164403844865e+02 3.125967486340469614e-01 9.246286076150735056e+00
1.657001388897386676e+02 3.086625591199163021e-01 9.263898151603962461e+00
1.659035404646381835e+02 3.203641725659114314e-01 9.274940497678032969e+00
1.661235216196868691e+02 3.311388346722630716e-01 9.299129950623779450e+00
1.663323502958290305e+02 3.253828645549715626e-01 9.393506139905408503e+00
1.665544346820526300e+02 3.190685821621522256e-01 9.347909617655517422e+00
1.662831346863355861e+02 3.374837095185359570e-01 9.430873292176286782e+00
1.649983801295896342e+02 3.641786844021316916e-01 9.413195442948133262e+00
1.635632560160059654e+02 3.838481023501122968e-01 9.345038515898897558e+00
1.630019242653222307e+02 3.600074033737357682e-01 9.319145063295787068e+00
1.628645840344103988e+02 3.499562527915613952e-01 9.361105672452719517e+00
1.629737164936153420e+02 3.324803137562026278e-01 9.274789065033438362e+00
1.631483810473632445e+02 3.118992406953052798e-01 9.249921989243693687e+00
1.634160114782885387e+02 3.081807279780223729e-01 9.196767601368094347e+00
1.635878141080158343e+02 2.887422830536163221e-01 9.331219904673915266e+00
1.637275497280330967e+02 3.273514889347096113e-01 9.263959336510868781e+00
1.637472038497543565e+02 3.432457981265181757e-01 9.266642294678748115e+00
1.636936395230024743e+02 3.390087433231970260e-01 9.248035964488279248e+00
1.637223337147192410e+02 3.409238309093912678e-01 9.248320474305398164e+00
1.640548767430050248e+02 3.347854551239300425e-01 9.253236681575389255e+00
1.643277920202644395e+02 3.258233958847031597e-01 9.313118349965430198e+00
1.645094438903811067e+02 3.366592428979619522e-01 9.294955610350038810e+00
1.648368443272413515e+02 3.364940436493125686e-01 9.223597183046885917e+00
1.652228920269947707e+02 3.347365071984043094e-01 9.243329315524446699e+00
1.655316371857390152e+02 3.045983516786079370e-01 9.205152992859721550e+00
1.656747670384669391e+02 3.228391020503062481e-01 9.174349451477310069e+00
1.659864200099119671e+02 3.109309895434994031e-01 9.220493578644020971e+00
1.663532648266325680e+02 2.997861587503594660e-01 9.172809121445920866e+00
1.665899188688134416e+02 2.918137653803559717e-01 9.279849056834660104e+00
1.667256667625230193e+02 3.050021720641952205e-01 9.394381084074179711e+00
1.662735791334993394e+02 3.385070270865582764e-01 9.343045417556396615e+00
1.647947169892131001e+02 3.625052771982207322e-01 9.431931791065780502e+00
1.635170828260084761e+02 3.610597837725390002e-01 9.231578754152925725e+00
1.632033663935780226e+02 3.538063130586946992e-01 9.227197914818372482e+00
1.632486937022375457e+02 3.107612014268320566e-01 9.386371979760033568e+00
1.633452694889224688e+02 3.347640404065125308e-01 9.239369122424880842e+00
1.635208135757071375e+02 3.394186821994750192e-01 9.108512962022528470e+00
1.636698447127062650e+02 3.440060205948396455e-01 9.238858228452205168e+00
1.638019949338897163e+02 3.400611237220002581e-01 9.315608575676552761e+00
1.638979848750910264e+02 3.155167983161913381e-01 9.335360593248857697e+00
1.640549654611200481e+02 3.398041471129901736e-01 9.381978903444098350e+00
1.642104577242885739e+02 3.241193962273386520e-01 9.357680847288591508e+00
1.650631107018520538e+02 2.490623413016476995e-01 9.514473289728890393e+00
1.651833451624153213e+02 2.625429059159686274e-01 9.457638629702824318e+00
1.652447671608367727e+02 3.076560674012934760e-01 9.423700891464093843e+00
1.654190462496711405e+02 3.231985633783858169e-01 9.388811727922956152e+00
1.656848610184839572e+02 3.220666426006033034e-01 9.351094292060034618e+00
1.660103433085126596e+02 3.142303856484682245e-01 9.497935009391882843e+00
1.661864701815356113e+02 3.296948708692539753e-01 9.482576068135513125e+00
1.663222930267561708e+02 3.330172113143129997e-01 9.563271312232698662e+00
1.664822823805823475e+02 3.246960639749386646e-01 9.678295877972821870e+00
1.666455650120228427e+02 3.016645353924093942e-01 9.497026413524311650e+00
1.667897763079803610e+02 3.225729477052600713e-01 9.554684010548278650e+00
1.668296627487931403e+02 3.394477450302559318e-01 9.603847612870856310e+00
1.661436713391540536e+02 3.593068361896487595e-01 9.468289392372689406e+00
1.645282154198202420e+02 3.652983681985327857e-01 9.337425583856974853e+00
1.634087580075747042e+02 3.713235519062157985e-01 9.454151090009116132e+00
1.630332295229412694e+02 3.688226188363854519e-01 9.398423876798071674e+00
1.631149955029093519e+02 3.622207673811024264e-01 9.265591443902618352e+00
1.632575532767576760e+02 3.494591254229406641e-01 9.047346410587437049e+00
1.633454989323233804e+02 3.078824515568499565e-01 9.242387067958075519e+00
1.633694696492269145e+02 3.221599495836366955e-01 9.200288792760602519e+00
1.635105834592722545e+02 3.395762333347610018e-01 9.137903132055384958e+00
1.637413668096353945e+02 3.393284344617869541e-01 9.132592282135842510e+00
1.641820832237103787e+02 3.083734604347799224e-01 9.122383580418382820e+00
1.646977526783693122e+02 3.057134466069910128e-01 9.075024932849563797e+00
1.650564568432259023e+02 3.047650805499299564e-01 9.166074192818115307e+00
1.652781955347254836e+02 3.194586359436853984e-01 9.064628087543365353e+00
1.655645087769748898e+02 3.143512258396098935e-01 9.118267365806202562e+00
1.657834727329462510e+02 3.182395266735601469e-01 9.114334705914744816e+00
1.658373032140431462e+02 3.260283653228421841e-01 9.176293601894284890e+00
1.660383231664413017e+02 3.099795642410930196e-01 9.139599483599385010e+00
1.662710782004295140e+02 2.847514975005965288e-01 9.290539589694013500e+00
1.663538139611720510e+02 3.127022925984618285e-01 9.242625689095014252e+00
1.663286868495279691e+02 3.216888258004515500e-01 9.219837370517440789e+00
1.663621351085114384e+02 3.221278275075104558e-01 9.242448252864983615e+00
1.664907779049064231e+02 3.203167542630583897e-01 9.297823652861312738e+00
1.663979466345242031e+02 3.292635172755584705e-01 9.272783729709555445e+00
1.649330530044848615e+02 3.539470383445811330e-01 9.140147088516204832e+00
1.631419260396845345e+02 3.418569007397255222e-01 9.095595298551753416e+00
1.628003735338566571e+02 3.403441039164458726e-01 9.023866702561811337e+00
1.628873264643077903e+02 3.455448210035548251e-01 9.069873163687981688e+00
1.631031241013466797e+02 3.338080262360880734e-01 9.181231223881692216e+00
1.634339723077111444e+02 3.279556898904178452e-01 9.179828559890845341e+00
1.639647177234319884e+02 3.108407418058113381e-01 9.180790692551960674e+00
1.648259472953211855e+02 2.840861116379811424e-01 9.179606764603308378e+00
1.654005439338224051e+02 2.675723052637375421e-01 9.300154797814474961e+00
1.654469511560888293e+02 2.919544906662424610e-01 9.247159490696834183e+00
1.655225435789499500e+02 2.956347628167083630e-01 9.284665838630926871e+00
1.656813260604874074e+02 3.182119934654519255e-01 9.209100948977905432e+00
1.657221792228293111e+02 2.678659928168919402e-01 9.612766842675249279e+00
1.657209203433696985e+02 2.868226065994040619e-01 9.375289863496472975e+00
1.659246660833705675e+02 2.925648101126414047e-01 9.431312293883344466e+00
1.661060778027276115e+02 3.049425167799607039e-01 9.334522360024228860e+00
1.661832426776962564e+02 2.952355312991391534e-01 9.496890277106443179e+00
1.662147284307907000e+02 3.265989145797514870e-01 9.545885620935028015e+00
1.663779774105323668e+02 3.252390800237397461e-01 9.518274402070497686e+00
1.665683129485618394e+02 3.182594117683049673e-01 9.483871658539271721e+00
1.666927339863802331e+02 3.088812951621094371e-01 9.630753675683282111e+00
1.668415234429970724e+02 3.275182178060316307e-01 9.408100269825439455e+00
1.670742142328330431e+02 3.009226683961600535e-01 9.550240456684145229e+00
1.670708628295571998e+02 3.290111295345664044e-01 9.520316448338522974e+00
1.654542428673694872e+02 2.473185714547935232e-01 9.609736660160670851e+00
1.644915962530363061e+02 2.537659310201359486e-01 9.586546050820183851e+00
1.639445741224554638e+02 3.245262758582712626e-01 9.515900427682499441e+00
1.638524021194451734e+02 3.454010364723230087e-01 9.532611555381517832e+00
1.637900271660986675e+02 3.428251518915313989e-01 9.582229455637882864e+00
1.636342458042450119e+02 3.445000887181149940e-01 9.569932818972215927e+00
1.637536603870557315e+02 3.084530008137592594e-01 9.608179504279883432e+00
1.637661222229700400e+02 3.246945343522659733e-01 9.578461994995073781e+00
1.636364469312709957e+02 3.448335464607590328e-01 9.620257404903357568e+00
1.634896062139391404e+02 3.580540752207245769e-01 9.555906179063748951e+00
1.634857530944266557e+02 3.674352510722654896e-01 9.545420615642532525e+00
1.635493226830805327e+02 3.592777733588678468e-01 9.566858277400131172e+00
1.635414512448069217e+02 3.523164605755052525e-01 9.297516198704103729e+00
1.638029708331548875e+02 3.519080513218998951e-01 9.345316907225326375e+00
1.640452110573363882e+02 3.437888141753192572e-01 9.288881478716829676e+00
1.642489720935639639e+02 3.355823885363958259e-01 9.210200747679563094e+00
1.644532302571601576e+02 3.381628619852055095e-01 9.201555320333580923e+00
1.646750653148881156e+02 3.314998256230153317e-01 9.142516474036185059e+00
1.647914772483923684e+02 3.360948121317433590e-01 9.239496081106713277e+00
1.649193139336388469e+02 3.443807781496460718e-01 9.234703773273208682e+00
1.651799203372512181e+02 3.354676668359449221e-01 9.124312434608631506e+00
1.654587445468951614e+02 3.258616364515201647e-01 9.223447280024963391e+00
1.658498614161858598e+02 3.159466222872142072e-01 9.165823334699796376e+00
1.660925574679238252e+02 3.265392592955169704e-01 9.224014770036527366e+00
1.656510119983602465e+02 3.519386437753534991e-01 9.272168821395137428e+00
1.640306153977936674e+02 3.645641493156467905e-01 9.291628681036961268e+00
1.624998898671675533e+02 3.595714609120222449e-01 9.233651392874405062e+00
1.619609028444863270e+02 3.595882867614216827e-01 9.093619026058652466e+00
1.620334528478514926e+02 3.408672348705021338e-01 9.148630375858882502e+00
1.622390448424182807e+02 3.453995068496503174e-01 9.089048513512686611e+00
1.624048207588152195e+02 3.625419881423650459e-01 9.103616639847283309e+00
1.625212388108101607e+02 3.742849014005225072e-01 9.132500504775482142e+00
1.626647189471301260e+02 3.691086582761764490e-01 9.262526080066569634e+00
1.626604421221373116e+02 3.736485783686880335e-01 9.170531513286302783e+00
1.625111846009826309e+02 3.800638158579041637e-01 9.272656771027723011e+00
1.623582926963576654e+02 3.833188529053653260e-01 9.205058156254015245e+00
1.624137675218277082e+02 3.683866763746718731e-01 9.306189159258194010e+00
1.624922264575774307e+02 3.746168295204939103e-01 9.182710369006173323e+00
1.625268724111136294e+02 3.705342666071133606e-01 9.214823267396399231e+00
1.627507281003921946e+02 3.660142316093465964e-01 9.256897068631110059e+00
1.632053166624856999e+02 3.493398148544716864e-01 9.117262403710252983e+00
1.636176417501330889e+02 3.379089446215407522e-01 8.999669601502700900e+00
1.639762113081945074e+02 3.062166924663023981e-01 9.189558489711757261e+00
1.641893795238590599e+02 3.378462300919609085e-01 9.122897533636402656e+00
1.644250148373399156e+02 3.372787400803969882e-01 9.127933051474862225e+00
1.646725093154020669e+02 3.341368951107140939e-01 9.182390677867584117e+00
1.649999479928291350e+02 3.163978609756545324e-01 9.115463567447182669e+00
1.653309216282527530e+02 2.860501471497011172e-01 9.210170155226109046e+00
1.655579069255196032e+02 2.976446870086087437e-01 9.296021757352896486e+00
1.653142196782897599e+02 3.264260672177387024e-01 9.319608538965608702e+00
1.641526119836758539e+02 3.563271312232698662e-01 9.406624183946304285e+00
1.623335235164189783e+02 3.459042823316344495e-01 9.312731355429242797e+00
1.612931674814456642e+02 3.465696681942498358e-01 9.254122333102870357e+00
1.611402755768206987e+02 3.509627445101842214e-01 9.068510269886624897e+00
1.613570124021806294e+02 3.406775616590899114e-01 9.060059104620071579e+00
1.614384785761048420e+02 3.536686470181535369e-01 9.124818739713287385e+00
1.614823129730358175e+02 3.610750799992658022e-01 9.225838080262361629e+00
1.616925259576967449e+02 3.577512099315340866e-01 9.241212317745459259e+00
1.619247884531843624e+02 3.394599820116373512e-01 9.321580222590691633e+00
1.620098645366161065e+02 3.472350540568652777e-01 9.270168074939274305e+00
1.622607104179541011e+02 2.654033003138785984e-01 9.354194837217555403e+00
1.624047121556054663e+02 2.743439448356879140e-01 9.319325558771161866e+00
1.625517945533195814e+02 3.156514051113871178e-01 9.208583936514541435e+00
1.627357852165027907e+02 3.280795893269048413e-01 9.399542030971799633e+00
1.629726365800084409e+02 3.262960492905609966e-01 9.356487741603901398e+00
1.632551303544441623e+02 3.185775732842222596e-01 9.480685454512080668e+00
1.635060542465384685e+02 3.126533446729360954e-01 9.406671602249156550e+00
1.638353422377767856e+02 3.089027098795268933e-01 9.454828712853112549e+00
1.642323466247346175e+02 3.056889726442281185e-01 9.453419930371575575e+00
1.645227959666909499e+02 2.953410752635539649e-01 9.449846731808197120e+00
1.647182618591645848e+02 2.943942388291655998e-01 9.461589645066355914e+00
1.649748101738263131e+02 2.873090266093160094e-01 9.401506066483520385e+00
1.652422845832390124e+02 2.815117566798622240e-01 9.487057862566462774e+00
1.655643099260274482e+02 2.459770923708539669e-01 9.517653375265389570e+00
1.656112356903798855e+02 2.974947839866861621e-01 9.444356916035951954e+00
1.646746737314839208e+02 3.459975893146678416e-01 9.609706067707218580e+00
1.623843008706612352e+02 3.506797643157386069e-01 9.412474990669300823e+00
1.613720394153170332e+02 3.215481005145650606e-01 9.510355545494038054e+00
1.607446616168723494e+02 3.373628693273943435e-01 9.314782579433305898e+00
1.609085790417219926e+02 3.473130648131718679e-01 9.291351819333206308e+00
1.613930028940461057e+02 3.406347322242549436e-01 9.349882830903272435e+00
1.617350586457332611e+02 3.314355814707627967e-01 9.372261210604568404e+00
1.618945569906815365e+02 3.369361046017168571e-01 9.294709341099737898e+00
1.621528704899075422e+02 3.127604182600235982e-01 9.342363205844382179e+00
1.621901229204779895e+02 3.160047479487759770e-01 9.434538268100025604e+00
1.621308010939861219e+02 3.403395150484278542e-01 9.391289716652696740e+00
1.621214749845508152e+02 3.544181621277663341e-01 9.456957947613481963e+00
1.622182817442593148e+02 3.610964947166833139e-01 9.414770954300992756e+00
1.623841004900911003e+02 3.518040369801577194e-01 9.474802525712958001e+00
1.628171519649532968e+02 3.408167573223037095e-01 9.397565758478698683e+00
1.633987558049180393e+02 3.286914383959764763e-01 9.313939757340659042e+00
1.637402945441418467e+02 3.150104932115345702e-01 9.342880218307747953e+00
1.639893415892167639e+02 3.166410709806105062e-01 9.449371019156993512e+00
1.643435761966238147e+02 3.215939891947454665e-01 9.410590495536560240e+00
1.647622278036454020e+02 3.179060689309161081e-01 9.279362636824748378e+00
1.650614250576667814e+02 3.157156492636396528e-01 9.418018343235090128e+00
1.653888606758484912e+02 3.236926315016611655e-01 9.393235396692343642e+00
1.656494471943661040e+02 2.923231297303581222e-01 9.563693488090358130e+00
1.658968927245027203e+02 3.293231725597929316e-01 9.549077943452909167e+00
1.659754862670476427e+02 3.374439393290463163e-01 9.703361804710013416e+00
1.656935217420566744e+02 3.532281156884219953e-01 9.666416828296796382e+00
1.638699683062182260e+02 3.647385263003322109e-01 9.693533979038051029e+00
1.620187547035897069e+02 3.464472983804355311e-01 9.380958645121420858e+00
1.612695026890766599e+02 3.309155097620519181e-01 9.353264826632566198e+00
1.611081244378636654e+02 3.379731887737932872e-01 9.367371006920013343e+00
1.613164575162599021e+02 3.424549832047430464e-01 9.310990644827734641e+00
1.614053836599587726e+02 3.518285109429206137e-01 9.302778100698120056e+00
1.615787342678308107e+02 3.503600731771486787e-01 9.372076126261173812e+00
1.620304563170357142e+02 3.316451397769198395e-01 9.338950617661634368e+00
1.621257824019970712e+02 3.494101774974149310e-01 9.276393639217078046e+00
1.620418780095326099e+02 3.583630590006057215e-01 9.306348240016152573e+00
1.619028873157569421e+02 3.678589565525975935e-01 9.414010731832672008e+00
1.621058728332894816e+02 3.735093827054742355e-01 9.362493040216838480e+00
