2.064315138719060769e+02 1.214586070626596515e-01 1.071078107476576378e+02
2.064787497436754222e+02 1.130840719278392581e-01 1.082114127091418680e+02
2.064711283597505940e+02 1.228028870374449077e-01 1.081731032614611934e+02
2.067688053629429419e+02 1.157789608791742891e-01 1.082904619411807943e+02
2.069491882422336744e+02 1.051880093264170035e-01 1.090590242704559643e+02
2.071635565951995659e+02 1.167308427445589575e-01 1.092974453617277675e+02
2.072877923682365235e+02 1.480961096891953710e-01 1.095052113000529062e+02
2.073795439068168491e+02 1.861701185042290430e-01 1.094873673124779998e+02
2.074189976380165490e+02 2.164822395552483958e-01 1.093928208867184679e+02
2.073745667798292232e+02 2.337933251815790536e-01 1.093011756753677730e+02
2.073581759310594634e+02 2.529828585316209466e-01 1.092065052011736555e+02
2.073447685737214670e+02 2.843088856653173124e-01 1.089497983580037754e+02
2.073349852027938880e+02 2.810228679491755810e-01 1.090074796142853160e+02
2.074264823155032786e+02 2.822190492826709418e-01 1.092110886642515197e+02
2.075406764943406017e+02 2.874784497489917823e-01 1.094346201459720902e+02
2.075425093732516189e+02 2.699926836739602320e-01 1.097752065153275822e+02
2.075690734594576838e+02 2.773229335176338739e-01 1.096740994463389285e+02
2.075892401906801581e+02 2.875189553602847670e-01 1.096355786099993139e+02
2.075871566832992698e+02 2.892429754409415743e-01 1.095716455657747872e+02
2.076292799874432546e+02 3.118349801395924881e-01 1.094766750968970115e+02
2.076543656188371472e+02 3.072325300564293649e-01 1.096721627717989804e+02
2.076909029460237548e+02 3.124906647223973377e-01 1.097507423919069822e+02
2.077494373517431256e+02 2.953631201472379231e-01 1.098525393220879636e+02
2.077780849453300789e+02 2.955593192019381754e-01 1.099173255157503490e+02
2.077963479128218012e+02 2.994124154761814149e-01 1.100258096691957377e+02
2.077549372542765127e+02 3.161311065373524909e-01 1.098203538165146398e+02
2.076352431729058026e+02 3.200842010394752690e-01 1.093755490409030671e+02
2.075821896827144712e+02 3.049907976314343849e-01 1.095199907849734302e+02
2.075549091535086745e+02 3.031136157080760452e-01 1.095499826585351713e+02
2.075813479254798040e+02 3.132792583422572275e-01 1.095752746153865615e+02
2.076326938509950537e+02 3.056971142283554377e-01 1.097026951421114092e+02
2.076100132402716838e+02 3.105084213697478779e-01 1.097817696901573896e+02
2.076187054912950884e+02 3.043059996405126921e-01 1.100622166189459961e+02
2.076896536010754346e+02 3.080755530914642271e-01 1.101055728126336959e+02
2.077960694367441477e+02 3.250334804193343308e-01 1.099852762102950123e+02
2.078251600604546354e+02 3.225423853248170492e-01 1.099687625788910026e+02
2.079371973154906073e+02 3.037756292926454549e-01 1.100612432184746154e+02
2.079260089061712904e+02 3.209474768801565681e-01 1.101127245846276139e+02
2.080188578936575823e+02 3.223740338778806613e-01 1.100949831268813028e+02
2.080740771682527281e+02 3.198297751685413304e-01 1.101497593713529142e+02
2.080473725782074723e+02 3.274549564944418956e-01 1.101941725083352992e+02
2.080612039786636558e+02 3.258853640568394883e-01 1.102571549364947998e+02
2.080496143106324780e+02 3.141501289850559542e-01 1.103141513947854122e+02
2.080361904978899190e+02 3.149450516066804040e-01 1.105387714648094857e+02
2.079853787401235934e+02 3.193462394337315269e-01 1.105434042941011228e+02
2.080591862929011313e+02 2.958504532831063849e-01 1.108748275347019216e+02
2.080242983035743691e+02 2.929277202682484260e-01 1.112514765561116690e+02
2.080557509107433418e+02 2.919796358039224438e-01 1.114818927259516954e+02
2.079799066851979887e+02 3.030604520932540513e-01 1.115660076910029375e+02
2.077259959950076791e+02 3.136741880523636339e-01 1.110953793223917501e+02
2.076070158250360009e+02 3.078818856374697099e-01 1.107174164002156971e+02
2.075993096324875182e+02 2.963643682263858437e-01 1.107447399666335031e+02
2.076217206277356979e+02 2.947897125873718549e-01 1.109277379894533482e+02
2.076754272709091254e+02 2.939694739586893313e-01 1.108724339062345763e+02
2.076969167635003828e+02 2.963732288288561945e-01 1.108188361218915077e+02
2.076911814221013799e+02 3.014009878305954349e-01 1.105585457979225623e+02
2.076887257694167488e+02 3.007680876541428128e-01 1.105182984099015897e+02
2.076986483783831545e+02 3.049578868222588279e-01 1.105771695185148644e+02
2.077196062348262160e+02 2.976630793884665338e-01 1.108929272139481128e+02
2.077088076920155970e+02 3.173095666659072056e-01 1.108379016068069660e+02
2.074543463786717723e+02 2.237859075915110407e-01 1.106425430435409965e+02
2.075267463614568726e+02 2.481399063814059003e-01 1.104128116716918981e+02
2.075272248339902887e+02 2.781697539537273944e-01 1.103903589050320591e+02
2.076030184275215333e+02 2.993807704673587811e-01 1.103896601832372539e+02
2.076342216720209990e+02 3.362750533534848985e-01 1.102406514314936175e+02
2.076317217163240230e+02 3.558671112157505978e-01 1.100345069834205418e+02
2.076381747665231217e+02 3.244334910520573212e-01 1.101843245815896921e+02
2.076724728928854518e+02 3.126678767718040208e-01 1.103791287243010828e+02
2.076945016164270612e+02 3.431407544676423615e-01 1.101312710913983750e+02
2.077545271349621601e+02 3.320561407772520401e-01 1.101771373671858925e+02
2.077260592850253147e+02 3.467191720653051701e-01 1.100741315976678862e+02
2.076236243914664783e+02 3.637150734037624678e-01 1.095418663466723359e+02
2.075174123496545633e+02 3.593556569883571417e-01 1.091303837653509987e+02
2.074550969982810500e+02 3.421977332047280163e-01 1.088018452837544601e+02
2.074326138524127430e+02 3.391914573665782973e-01 1.086255699266088897e+02
2.074487477437108680e+02 3.355345601470353656e-01 1.083996903852336828e+02
2.074550349740637500e+02 3.364927710141845663e-01 1.083397408147197325e+02
2.074921748222183453e+02 3.102869063079894962e-01 1.085019138901335936e+02
2.074579728966828327e+02 3.231195902857417757e-01 1.082006331533365255e+02
2.074293012528891893e+02 3.269068649416339567e-01 1.081370583306118647e+02
2.073584670651406157e+02 3.347193847197644789e-01 1.078023148956853987e+02
2.073007642902530847e+02 3.241613439761826809e-01 1.079133534342429357e+02
2.073041832170062833e+02 3.123628188867538791e-01 1.079749105712050721e+02
2.073299055459776525e+02 3.068135501396177522e-01 1.080488674884242499e+02
2.073131096410949681e+02 2.993263410521838641e-01 1.080653190956109597e+02
2.073540949907216770e+02 3.056566086170625085e-01 1.078552025660304707e+02
2.073512241555212938e+02 2.987896417025521223e-01 1.080012809899571380e+02
2.073281827916973725e+02 3.084350403916892858e-01 1.078696744614652374e+02
2.073905981412987671e+02 2.861278407724420214e-01 1.083496368418787483e+02
2.074616829575172119e+02 2.842696458543772509e-01 1.085082947897125933e+02
2.074999949367986005e+02 2.875898401800474624e-01 1.082207138101350097e+02
2.075460941198510341e+02 2.978769996481074878e-01 1.082954428655694699e+02
2.075117985250894321e+02 2.900163794565666087e-01 1.085012569397504336e+02
2.074698309143888650e+02 3.096299559248317235e-01 1.082422121633287446e+02
2.073868602328566340e+02 3.037844898951158057e-01 1.082450551509213739e+02
2.072934125218034183e+02 3.073806286977192603e-01 1.083397965099352689e+02
2.073217601207067275e+02 2.964618348535595360e-01 1.085548952297047833e+02
2.073361459417174899e+02 2.973149842914176166e-01 1.087148126488897617e+02
2.073479128217981042e+02 2.874278177348755792e-01 1.088203474875128762e+02
2.073976043462520806e+02 2.878619872559220472e-01 1.088820894313265342e+02
2.074274949557855905e+02 3.003313865323905540e-01 1.088559000220249260e+02
2.073819843698972534e+02 3.085438992220391197e-01 1.087339350948211063e+02
2.073893855045606927e+02 3.023022376818638723e-01 1.088127147113848565e+02
2.074417111595490724e+02 3.025034999379757616e-01 1.089678562658383214e+02
2.074074851838068696e+02 3.068274739434997400e-01 1.087445070593685728e+02
2.074019257886569108e+02 3.159513628872399615e-01 1.085687582751698130e+02
2.074618601695666200e+02 3.021592022419855583e-01 1.089238924879812203e+02
2.074906685197983904e+02 2.919530539965114468e-01 1.094537856291154299e+02
2.075885553926892442e+02 2.923682365122643456e-01 1.094304341442050372e+02
2.076221028994422966e+02 3.027528626074981188e-01 1.094487287567055773e+02
2.076695590204730593e+02 2.950669228646580766e-01 1.099693030756417045e+02
2.076394228456710778e+02 2.871430126554719298e-01 1.104715701240737502e+02
2.076757627080026509e+02 2.723141615211882582e-01 1.105382917264757339e+02
2.076283597505866965e+02 2.928302536410747337e-01 1.101996458290612537e+02
2.076375038923360989e+02 2.862392312034976460e-01 1.104153052983871106e+02
2.076251028462786792e+02 2.956415962248770124e-01 1.104442756710640623e+02
2.076120866212497447e+02 2.862949264190254861e-01 1.104516995901338419e+02
2.075757201771107816e+02 2.892062672307073035e-01 1.105468371446581983e+02
2.074827711913966084e+02 2.840962312060292816e-01 1.108112666357811378e+02
2.074507236580617473e+02 2.827620776340672437e-01 1.108435217603738607e+02
2.071774525514737775e+02 2.237972997946871823e-01 1.111797360553104141e+02
2.071357267086406182e+02 2.319060168553974954e-01 1.114497489917900168e+02
2.070986628085071857e+02 2.850569736738842730e-01 1.111453961575364531e+02
2.071447974339695293e+02 2.898024591969255992e-01 1.112144772117962503e+02
2.071579275810302079e+02 3.095919819142445850e-01 1.111224699815446257e+02
2.071557630624267290e+02 3.176488011604857720e-01 1.109548121932016329e+02
2.071577313819755091e+02 3.254284101294407372e-01 1.107962669015992105e+02
2.071859372112392919e+02 3.469584083320042533e-01 1.107019609779067224e+02
2.072821038614505653e+02 3.267764875052847073e-01 1.109974000460751284e+02
2.073221689742207161e+02 3.137336806689501878e-01 1.112536334799130202e+02
2.073247195619318006e+02 3.384775459675398168e-01 1.109732169303328817e+02
2.073412040799277065e+02 3.514165571749361394e-01 1.107929099990633119e+02
2.073486368595999636e+02 3.431787284782295000e-01 1.107671661514859238e+02
2.073767515512383284e+02 3.358206310267919381e-01 1.107474108053781379e+02
2.073909006675831108e+02 3.436230244020991864e-01 1.106527846341963510e+02
2.073948879386947510e+02 3.465191756095461484e-01 1.104451655287121525e+02
2.073827754951178122e+02 3.486963522165429930e-01 1.104096180574015165e+02
2.073781376026247756e+02 3.620492801393392912e-01 1.102783520292045409e+02
2.074481831967534617e+02 3.694934520147744039e-01 1.101681451214788581e+02
2.074446921193801643e+02 3.668719794839078729e-01 1.100383499532919700e+02
2.074620956084322643e+02 3.707048229525046201e-01 1.098716225282083627e+02
2.074372175682962620e+02 3.711883586873144236e-01 1.097172910859807615e+02
2.073910804112332187e+02 3.641302559195153665e-01 1.096980116808056636e+02
2.072850152022622296e+02 3.768034490528016089e-01 1.095893237335034627e+02
2.072622649725194606e+02 3.655694709207684689e-01 1.094775472333401751e+02
2.072747369033966436e+02 3.850450751505669622e-01 1.092948935082163047e+02
2.072762887746293075e+02 3.693440875731316408e-01 1.091938193500368328e+02
2.072475120694063548e+02 3.662871797208657187e-01 1.087552676281686104e+02
2.072238985638229281e+02 3.529481756019513528e-01 1.086646223990967286e+02
2.072449235076846605e+02 3.438951714779738267e-01 1.088445179452516101e+02
2.072889404491565983e+02 3.441736475556129160e-01 1.087815646305002133e+02
2.072745723493507626e+02 3.473014402276415336e-01 1.089821268990169756e+02
2.072864531514631494e+02 3.374319948760401977e-01 1.089020473054907825e+02
2.073184032181708289e+02 3.334459895647419181e-01 1.090449802155404910e+02
2.073407091519896994e+02 3.254739789421453033e-01 1.091162954074231664e+02
2.073626125612963733e+02 3.425116516922485088e-01 1.087528360256906836e+02
2.073456698235727345e+02 3.413040781555770065e-01 1.086552820582926415e+02
2.073209740586875682e+02 3.477191543441002231e-01 1.086324318303219911e+02
2.073435584685840922e+02 3.433103717149316170e-01 1.088561822955036291e+02
2.074133698896475266e+02 3.384598247625991707e-01 1.088029832382717217e+02
2.074286265813011028e+02 3.564721637844392443e-01 1.085432397400552418e+02
2.074262962428513788e+02 3.773300219996101323e-01 1.080439055510408650e+02
2.074381681843613023e+02 3.792679623399078936e-01 1.076043044806800850e+02
2.074849205203958320e+02 3.607974035903161458e-01 1.078060895123377492e+02
2.074923862108772710e+02 3.484393947449032636e-01 1.079348416610338575e+02
2.075826947370553057e+02 3.311878017351591041e-01 1.084582640307640133e+02
2.076482277529258909e+02 3.324890444979455850e-01 1.086293394800598406e+02
2.076781386152650555e+02 3.165829972633396605e-01 1.088862463196854691e+02
2.077359350593787042e+02 3.247904467515765337e-01 1.089043396699298967e+02
2.077682699293936537e+02 3.266815524788168057e-01 1.091713108881614716e+02
2.076803094628702695e+02 3.476495353246904507e-01 1.087334933304979359e+02
2.075853757022027537e+02 3.466128448356611269e-01 1.083792198619265008e+02
2.075130985020518608e+02 3.541443569354467136e-01 1.080033480419334353e+02
2.075978400382778091e+02 3.469014473161234902e-01 1.080799631398937208e+02
2.076357203796388546e+02 3.204069801294660569e-01 1.083916183763832066e+02
2.077122215555673677e+02 3.266688944752877966e-01 1.084845268564860845e+02
2.077369793446698338e+02 3.251879080623887863e-01 1.084603310827403106e+02
2.078221322660104704e+02 3.387269086370621185e-01 1.081598832425754466e+02
2.078635239375504682e+02 3.330042252415780224e-01 1.081469011941560581e+02
2.079190685228363122e+02 3.365889718410053355e-01 1.081263053566139405e+02
2.081052804127521654e+02 1.928560759682739767e-01 1.080442713673428585e+02
2.081040120807985545e+02 2.163974309316037403e-01 1.084554868647897337e+02
2.081516517428805173e+02 2.464475313095717268e-01 1.083888399446085771e+02
2.081707248225980891e+02 2.639345631849562279e-01 1.082354755738505929e+02
2.081909295278311447e+02 2.803330067568423067e-01 1.081781449442668048e+02
2.082139810180579218e+02 2.790608774021726135e-01 1.082859392365198659e+02
2.082368287144278440e+02 2.918859665778074652e-01 1.080683962562688833e+02
2.082549764940874581e+02 2.945783239284366917e-01 1.080386056449632548e+02
2.082542689116901613e+02 2.983124349695068789e-01 1.080055416739450180e+02
2.082569473452369095e+02 3.099945064264684191e-01 1.078513064325442343e+02
2.082632383729908554e+02 3.115008088464255032e-01 1.077378603417154608e+02
2.082884480528193194e+02 3.138374762978883847e-01 1.076268015503522690e+02
2.083108653770692626e+02 3.069831673869070632e-01 1.076826916991344518e+02
2.084283898766350944e+02 3.054135749493047114e-01 1.077250251261369982e+02
2.084660778163425050e+02 3.194740852693749855e-01 1.078351953256524638e+02
2.084963317105772944e+02 3.013604822193024502e-01 1.079350682392970242e+02
2.085149073307561594e+02 3.090489535628482276e-01 1.078652504892318404e+02
2.085104820927224125e+02 3.188614378985689113e-01 1.075848478634555789e+02
2.084431630325538549e+02 3.077350527965327376e-01 1.075378904677638587e+02
2.083039161331318212e+02 3.116286546820689063e-01 1.073151969458769059e+02
2.081531061474859996e+02 3.116678944930089679e-01 1.071527086861751883e+02
2.080227894695537145e+02 3.035958856425329255e-01 1.070339462338642136e+02
2.079913280017822501e+02 3.015351626680033426e-01 1.069161976876359148e+02
2.080011252965137203e+02 2.960909553501583358e-01 1.072755356234193300e+02
2.080124782598789466e+02 2.930479713017744015e-01 1.072180417055900250e+02
2.080665937565663342e+02 2.992225454232456672e-01 1.074559741979256131e+02
2.080715037961352607e+02 2.995162111051196674e-01 1.073711313976714337e+02
2.080898338510456824e+02 2.907302908556050891e-01 1.078210512725090950e+02
2.081180865149225099e+02 2.901011880802112364e-01 1.079877242681775300e+02
2.081376924965886701e+02 2.766748437369464519e-01 1.082169138774755908e+02
2.081077689762459784e+02 2.879986936940358011e-01 1.079095243881753987e+02
2.080943755427119015e+02 2.834443440242830903e-01 1.077108152513752941e+02
2.080309855268387764e+02 2.883278017857911490e-01 1.076872574410073753e+02
2.079225241577997281e+02 2.964542400514421083e-01 1.071636160878161661e+02
2.079087345287551898e+02 2.893999346847017651e-01 1.074079661879409713e+02
2.078552291478378891e+02 2.917707787456931268e-01 1.074451047702952167e+02
2.079191052310465295e+02 2.812760280197565965e-01 1.076177789254367667e+02
2.078915247071570889e+02 2.745267805380663950e-01 1.080783973448571800e+02
2.075952274263493962e+02 2.842455956476720447e-01 1.076853802590840132e+02
2.075309969190419395e+02 2.814912140797504736e-01 1.077053609176546303e+02
2.074596412215479688e+02 2.923353257030887886e-01 1.072531790575863226e+02
2.074578007478348525e+02 2.950732518664226367e-01 1.068345738176791855e+02
2.074649056852157116e+02 2.832266263635834225e-01 1.070662114848597639e+02
2.074803547785229227e+02 2.890910793985929095e-01 1.069126838258562486e+02
2.076047449792029056e+02 2.733951550225692251e-01 1.072191923181108137e+02
2.077154784598753849e+02 2.658699719245481985e-01 1.077698040794213767e+02
2.076144764523160404e+02 2.779925419043206558e-01 1.075853832970048671e+02
2.075506016349077356e+02 2.780722873265537021e-01 1.075870769378770433e+02
2.075419233076882222e+02 2.803684491667236545e-01 1.076988015402258725e+02
2.075708025427397558e+02 2.581384633690035901e-01 1.081942244061497576e+02
2.075876718640429033e+02 2.651661869283329365e-01 1.082701660983223064e+02
2.076336621882650206e+02 2.399603045009328917e-01 1.084861331571339207e+02
2.077193771249623353e+02 2.524588171855182139e-01 1.087366173257689042e+02
2.078515140238021104e+02 2.507246707020381882e-01 1.091355317753862550e+02
2.080162465475295335e+02 2.468399294189723148e-01 1.097033381686906779e+02
2.080446384494451877e+02 2.645180971476454590e-01 1.095289716384772873e+02
2.081161764221899944e+02 2.667117291592300821e-01 1.094725118795363130e+02
2.082111962572815287e+02 2.648927740521054286e-01 1.101716501226560609e+02
2.083026921041905553e+02 2.553271207852012559e-01 1.104771877460399452e+02
2.084002587295921387e+02 2.502246795626406617e-01 1.108945892098114712e+02
2.087321313293182072e+02 2.059900204300176840e-01 1.116253939803598456e+02
2.088001541744829979e+02 2.315807061647008891e-01 1.119191166232497210e+02
2.087676737374274296e+02 2.513398496735501086e-01 1.120440966868941501e+02
2.086940092200897823e+02 2.610244881736272782e-01 1.119780193768717993e+02
2.086731298432686117e+02 2.677990516623756090e-01 1.119476414342024384e+02
2.087007761887763877e+02 2.592270516725019847e-01 1.121414291392304392e+02
2.087266985142035480e+02 2.572346819170293064e-01 1.122633143210120323e+02
2.088050743404547234e+02 2.748077882164113306e-01 1.120156655451675505e+02
2.088529342517980751e+02 2.808152766912991316e-01 1.121173574139192510e+02
2.088890374094636400e+02 2.840772442007356569e-01 1.123850387461488083e+02
2.091406114322024621e+02 2.487943251638578546e-01 1.137465677823430923e+02
2.094212165860351718e+02 2.363920133060933015e-01 1.145829200495181084e+02
2.094824775257147280e+02 2.361591060411587506e-01 1.146846030576673314e+02
2.095388967790444212e+02 2.433361940421308878e-01 1.148958524785636683e+02
2.096477973808059119e+02 2.524891963939879802e-01 1.151890055112947380e+02
2.097763533304473071e+02 2.608510735252793089e-01 1.155319804459161475e+02
2.099440554218026591e+02 2.519005992298870567e-01 1.156959180470219479e+02
2.099979342138240668e+02 2.669813446343988761e-01 1.156861296128929411e+02
2.100778226714969605e+02 2.737179341125600129e-01 1.156547466247433533e+02
2.101379203406521867e+02 2.949200900237211043e-01 1.155088276916611534e+02
2.102113747351312725e+02 2.903961195624381597e-01 1.158614062535600624e+02
2.103507254301822513e+02 2.790811302078191058e-01 1.164027371666831243e+02
2.104521021146460669e+02 2.716521479366188485e-01 1.172992820380398342e+02
2.106902206796335122e+02 2.545385271653413661e-01 1.182123456040019533e+02
2.109471401772626677e+02 2.503892336085183357e-01 1.189533046249813282e+02
2.110987602751343672e+02 2.646839169938760561e-01 1.189966430974641014e+02
2.112914543286574656e+02 2.695066163384446378e-01 1.191887194404149852e+02
2.114318556380013661e+02 2.927606346216649058e-01 1.193131868549164949e+02
2.114993202652104856e+02 2.730116175156389602e-01 1.195183984081294710e+02
2.116970370145339189e+02 2.735698354712701175e-01 1.195615178971511909e+02
2.119750561382456624e+02 2.729116192877594771e-01 1.202497702572359515e+02
2.121296293483406714e+02 2.772647067014002431e-01 1.206737842620510577e+02
2.123224626399025965e+02 2.806570516471860177e-01 1.212707572270871168e+02
2.124996506391026116e+02 2.796899801775664662e-01 1.215346044500477234e+02
2.126229130116681461e+02 2.825608153779553544e-01 1.215504104990544505e+02
2.127035672785545444e+02 2.854810167921074671e-01 1.214765054796497310e+02
2.127129709093762813e+02 3.123868690934590853e-01 1.216739361580933974e+02
2.126530365284665720e+02 3.093856564567210032e-01 1.214218507520119914e+02
2.126201004032839990e+02 3.273878690757379140e-01 1.210712797494727937e+02
2.126536846182472686e+02 3.336763652289706505e-01 1.208976448518633902e+02
2.127778545696658625e+02 3.185475194110484187e-01 1.209956380519838888e+02
2.129269924330454842e+02 2.996870941527618459e-01 1.211860713860767049e+02
2.129863964436073331e+02 3.114666322368970786e-01 1.213943335181401864e+02
2.130128769869901078e+02 2.942871898472685377e-01 1.218976739652715082e+02
2.131037171493163385e+02 3.065629216697425830e-01 1.218100033670289406e+02
2.131030741227370697e+02 3.262499145584761839e-01 1.215103504494856992e+02
2.131490328019503409e+02 3.287283516494644564e-01 1.215602584258000434e+02
2.131269142065836775e+02 3.346231838929436542e-01 1.216026652692230812e+02
2.132014736447708572e+02 3.100299488363497113e-01 1.219875407271263583e+02
2.131878473039718358e+02 3.434977101671615740e-01 1.217302022495803868e+02
2.132110595508434017e+02 3.272891366482112985e-01 1.216043209360846760e+02
2.133032832329553514e+02 3.389028548861159340e-01 1.217741305850276063e+02
2.133467698040794289e+02 3.264473794135293594e-01 1.225104985481269892e+02
2.134705182439804787e+02 3.352801342761014269e-01 1.232422286187333356e+02
2.135791492302668075e+02 3.255410663608492849e-01 1.234282987390096906e+02
2.136661261699159695e+02 3.245043758718200166e-01 1.229959026042576511e+02
2.136561592579371904e+02 3.435736581883359064e-01 1.230008923892488042e+02
2.137252744888065195e+02 3.485204059674891774e-01 1.233618176386747507e+02
2.137616637173518370e+02 3.574240456498239404e-01 1.233173956410899024e+02
2.137699496464619529e+02 3.590265488966018492e-01 1.235011670679253797e+02
2.137548752300592128e+02 2.761989028042540761e-01 1.230752746153865615e+02
2.136829144799965547e+02 2.734470528370383513e-01 1.231203143235436386e+02
2.135785846833094013e+02 3.105793061895105733e-01 1.230983324346150880e+02
2.135805289526514628e+02 3.185854934216355572e-01 1.233619302949061591e+02
2.135559812864075866e+02 3.253587911100309649e-01 1.234318341193953472e+02
2.135218299928862109e+02 3.331270078758097886e-01 1.234751574022738794e+02
2.135532041204333211e+02 3.316738690706746984e-01 1.236443417458424818e+02
2.135503991068512732e+02 3.461951307192024374e-01 1.238308169222317616e+02
2.135411182586637722e+02 3.312396995496282304e-01 1.238410901578959340e+02
2.135347525486889992e+02 3.257005572053153220e-01 1.237562498892424685e+02
2.135449574311341223e+02 3.525253982840810263e-01 1.236529529856432958e+02
2.135380322374033994e+02 3.310599558995157010e-01 1.238035693038351184e+02
2.135884262810532448e+02 3.287068330434650409e-01 1.237250744923507710e+02
2.136476340925603949e+02 3.290587255415726720e-01 1.238819033586746627e+02
2.136680033518393316e+02 3.319358897437260647e-01 1.240042252415779984e+02
2.136753298042819438e+02 3.213348117881455468e-01 1.241631034386732324e+02
2.136992078621391613e+02 3.328156209889951422e-01 1.241004767004128979e+02
2.137752229707321590e+02 3.294498578506203645e-01 1.247647142962023423e+02
2.138184032181708289e+02 3.023414774928039339e-01 1.254940798517494613e+02
2.138971157473158655e+02 3.344434402428311248e-01 1.255337576296116282e+02
2.139963469001815213e+02 3.259853622847190269e-01 1.254913229385808364e+02
2.139669765345930443e+02 3.303789553096527221e-01 1.256129093914791355e+02
2.139583045363752944e+02 3.648808755287881178e-01 1.253416167308427447e+02
2.139836154802320038e+02 3.338472482766128291e-01 1.256163308498330480e+02
2.140154073218955659e+02 3.577164455313450175e-01 1.256068778527975525e+02
2.139858027832418088e+02 3.472710610191718228e-01 1.257004584728878172e+02
2.138507532777900053e+02 3.560228046591579210e-01 1.253664783155741560e+02
2.137460665254033358e+02 3.835172541246104627e-01 1.249976164979354820e+02
2.137340426878511153e+02 3.686985293931500096e-01 1.250034531033627303e+02
2.137728913664820993e+02 3.547367515006062955e-01 1.250173250094302091e+02
2.137853177285465733e+02 3.570455713443053125e-01 1.253197082583346571e+02
2.138516988306536462e+02 3.448419901419468303e-01 1.257198809135028057e+02
2.139587589587019920e+02 3.485280007696066051e-01 1.261435734050282633e+02
2.139456591908497956e+02 3.437939074497414205e-01 1.262880657811127350e+02
2.139084016232623640e+02 3.268448407243416121e-01 1.264036029741245102e+02
2.138840083846615414e+02 3.586075689797902366e-01 1.261668691947231338e+02
2.139079054295240212e+02 3.604176634844445948e-01 1.258456204573589901e+02
2.139458591873055298e+02 3.541456227357996367e-01 1.261805360411334505e+02
2.139943659226292141e+02 3.482811697007900942e-01 1.262005141681033535e+02
2.140194502882227425e+02 3.465672760229565608e-01 1.260505054340809181e+02
2.139933368269423113e+02 3.615733392066469709e-01 1.259297151696045916e+02
2.140026024855255855e+02 3.649834053573733916e-01 1.256892763925702639e+02
2.140268033224727731e+02 3.717769558514152917e-01 1.252010432726508640e+02
2.140076391051297833e+02 3.792616333381433891e-01 1.250972476437126488e+02
2.139925267147164618e+02 3.638682352464640002e-01 1.250708544405542142e+02
2.140111795487168536e+02 3.667340072454411959e-01 1.250649051788955575e+02
2.140546876384469215e+02 3.354054485110390393e-01 1.254780320348753264e+02
2.141216991091297075e+02 3.517406020652798504e-01 1.254517843987574963e+02
2.141451543896690453e+02 3.610417030584268105e-01 1.254606424696271176e+02
2.140249451275547017e+02 3.994157065570990151e-01 1.250057100253919486e+02
2.139184520780644334e+02 3.715655671924801284e-01 1.248704833078907512e+02
2.138689327024584372e+02 3.802160468042338759e-01 1.243867944112382844e+02
2.137944125040822030e+02 3.822957567840569726e-01 1.240562686230876892e+02
2.137927897480297759e+02 3.705263451027450139e-01 1.241962408261119464e+02
2.138154222583397370e+02 3.926829144799965365e-01 1.242447437640345669e+02
2.138241765335804132e+02 3.657011141574706414e-01 1.242353059566032982e+02
2.137920163440141437e+02 3.751414531894371462e-01 1.239101155169402091e+02
2.137411818018414920e+02 3.840881300837706847e-01 1.236339229431377191e+02
2.137495196287660804e+02 3.779236823651226373e-01 1.238446824992974769e+02
2.137685078998599977e+02 3.773679960101972708e-01 1.238342561017906007e+02
2.133827413185082662e+02 3.235373044022004652e-01 1.234367074507540423e+02
2.134885685570129112e+02 2.997946871827588122e-01 1.236912307883151385e+02
2.135338411724349328e+02 3.209816534896849927e-01 1.236080449207229179e+02
2.135486776183713289e+02 3.563316599452667766e-01 1.234603855121554830e+02
2.135413536975294164e+02 3.484836977572549621e-01 1.234183887880467978e+02
2.135511661818651419e+02 3.706478619366239124e-01 1.233031300711126619e+02
2.135965679089231344e+02 3.627125595242615685e-01 1.231884080535281640e+02
2.135593533785477121e+02 3.746351330482751152e-01 1.228294802370590872e+02
2.135797694724397218e+02 4.117281465898072756e-01 1.227011116258699275e+02
2.135989703979929573e+02 3.783084856724058254e-01 1.229248987992617828e+02
2.136196890181693107e+02 3.760389056396468699e-01 1.228778515317450086e+02
2.136378697086380782e+02 3.782148164462908468e-01 1.230405689013106070e+02
2.135773847045748539e+02 4.020738872981997614e-01 1.228151653008680881e+02
2.135392398109400460e+02 4.047940922565929078e-01 1.225069340543332146e+02
2.134666740083087006e+02 3.861412582561827844e-01 1.222968466381608437e+02
2.134449693296574537e+02 4.027650142908859587e-01 1.219213330396676582e+02
2.134473806793297399e+02 3.886424797535233400e-01 1.217689749801902224e+02
2.134200938211221512e+02 3.773123007946694862e-01 1.214988493874792113e+02
2.134380947679408109e+02 3.691833309283126807e-01 1.212179189229557892e+02
2.134499325328411885e+02 3.588923740591938860e-01 1.212669104598146390e+02
2.134813927348122888e+02 3.607961377899632227e-01 1.213392965187958765e+02
2.134857205062188825e+02 3.753566392494310233e-01 1.214522071760753619e+02
2.134930963248752676e+02 3.672428589873090732e-01 1.216204181191725695e+02
2.135279754535995664e+02 3.587227568119045751e-01 1.215076998635467191e+02
2.135371689615627133e+02 3.632138164640120181e-01 1.214169913444571876e+02
2.135291741665337497e+02 3.668998270916717930e-01 1.213067426653198595e+02
2.135871136460872890e+02 3.565012771925560875e-01 1.211370507358097512e+02
2.135671962775343218e+02 3.507672015938957943e-01 1.211675400689101707e+02
2.136323330978944739e+02 3.437382122342135804e-01 1.215263375079428982e+02
2.136164599614690474e+02 3.468128412914201486e-01 1.217409438313751338e+02
2.136217446779424165e+02 3.346244496932965773e-01 1.217218467014508576e+02
2.136229168090692099e+02 3.375990805226236624e-01 1.219120306728741525e+02
2.136189902963745055e+02 3.496976002956909690e-01 1.217965036062652047e+02
2.136487087570600067e+02 3.340523079337834322e-01 1.219782168417268622e+02
2.136447088279448110e+02 3.296827651155548877e-01 1.222109722106190475e+02
2.135754049928229108e+02 3.185057479994025664e-01 1.219157407337085175e+02
2.134539881571718922e+02 3.321422152012495910e-01 1.216625287653130130e+02
2.133995334259899153e+02 3.371990876111056190e-01 1.217332363730263012e+02
2.133107603156399819e+02 3.293865678329750968e-01 1.216202004015118661e+02
2.133150994792497386e+02 3.297194733257891586e-01 1.217007964415820425e+02
2.133022123658568034e+02 3.365915034417111817e-01 1.214874647791051814e+02
2.132772166062879933e+02 3.389243734921153495e-01 1.216137903885247624e+02
2.133121754804345187e+02 3.318763971271395108e-01 1.218665428713921557e+02
2.132633459660208644e+02 3.381952724888419581e-01 1.218385281779816580e+02
2.132682256263813088e+02 3.254119547248529587e-01 1.221039854989911504e+02
2.132222492259630826e+02 3.503418926753196772e-01 1.217293465685418283e+02
2.131933117640953128e+02 3.475191578883412014e-01 1.218873678187981540e+02
2.131727412425602495e+02 3.619214343036958881e-01 1.215410334500401319e+02
2.132300933907500280e+02 3.439242848860906143e-01 1.218639808914778655e+02
2.132538132235631281e+02 3.459369074472097849e-01 1.218807641383570370e+02
2.133816476670033637e+02 3.031034893052528267e-01 1.225017164252785449e+02
2.134773383762819492e+02 3.021389494363391215e-01 1.226977521917333149e+02
2.135313576721425193e+02 3.011085879490743022e-01 1.228768755996729141e+02
2.135876769272443312e+02 3.171677970263818147e-01 1.229250658849083635e+02
2.136404671309622358e+02 3.252106924687410694e-01 1.228998068388661409e+02
2.136387658952879178e+02 3.065148212563321706e-01 1.229128749617095337e+02
2.136346887523512237e+02 3.378826198016743887e-01 1.225823225917515344e+02
2.136648565721620230e+02 3.296587149088497370e-01 1.223547835861136690e+02
2.136713931651844121e+02 3.309637550726949318e-01 1.225358563265967433e+02
2.136480859832863644e+02 3.466761348533063947e-01 1.223956676717121468e+02
2.133996308926170968e+02 2.379616057436956811e-01 1.221208889969038580e+02
2.133142918986245888e+02 2.622561119170039867e-01 1.219915862250542347e+02
2.132857860746771621e+02 2.713306346469809283e-01 1.219875609799319989e+02
2.132730888313371622e+02 2.966289205001430562e-01 1.217587030103263999e+02
2.132708673517178113e+02 3.155678253803096966e-01 1.217691142182290491e+02
2.132891581668172876e+02 3.290929021511010966e-01 1.220043961246256430e+02
2.132669775472333527e+02 3.347915353398800420e-01 1.218542228365573266e+02
2.132669256494188801e+02 3.377446475632077671e-01 1.220366234016105977e+02
2.132810241337495256e+02 3.372838962347502467e-01 1.221281407671256432e+02
2.133220980894009529e+02 3.289650563154576934e-01 1.222442108620859926e+02
2.133087742748862752e+02 3.301726298521291958e-01 1.221186295432739115e+02
2.133064097598270337e+02 3.296068170943806108e-01 1.220377689509299870e+02
2.133252322110747343e+02 3.124425643089869253e-01 1.219345429321505634e+02
2.133013414952140181e+02 3.133767249694309198e-01 1.219050801631363470e+02
2.133082920049518236e+02 3.194905406739627640e-01 1.216553668669162818e+02
2.132719179660107329e+02 3.255625849668487004e-01 1.215141719007511227e+02
2.132527714698726982e+02 3.513266853498798747e-01 1.213410407916821754e+02
2.132791241674198091e+02 3.461609541096740128e-01 1.214008232765495308e+02
2.132824089193356087e+02 3.194563640644342839e-01 1.216908877564194995e+02
2.133138906399126995e+02 3.148210031720956592e-01 1.216089233861678451e+02
2.133699529375428767e+02 3.261980167440070577e-01 1.215248615847314113e+02
2.133888753870184587e+02 3.242410893984157272e-01 1.215533307004685923e+02
2.134612260035898146e+02 3.189905495345652375e-01 1.217708964651259294e+02
2.134824927153189549e+02 3.287448070540521794e-01 1.217483766110474050e+02
2.135534724701081188e+02 3.224892217099949998e-01 1.220465472763773818e+02
2.135629697701559735e+02 3.240537509461857701e-01 1.219604589285759459e+02
2.134975785239248864e+02 3.210424119066244142e-01 1.219645905009278266e+02
2.134030131111600497e+02 3.366408696554744617e-01 1.217210226654211169e+02
2.133487988820451164e+02 3.365535294311239878e-01 1.217653839045890294e+02
2.133623910462346203e+02 3.339750941122562322e-01 1.219014473161235088e+02
2.134035447473082741e+02 3.223601100739986736e-01 1.220484776219155663e+02
2.133569240545104151e+02 3.322662636358342803e-01 1.219282126645856863e+02
2.133310789429048100e+02 3.218348029275430733e-01 1.219039624614247401e+02
2.133282891189270174e+02 3.038933487254656396e-01 1.220672304541438535e+02
2.133598455217249352e+02 3.089400947324983937e-01 1.219228152918809087e+02
2.133322168974220574e+02 3.117539689170065187e-01 1.218826881548934580e+02
2.132686458720984604e+02 3.112248643694922046e-01 1.216670413435711282e+02
2.132695180085416098e+02 3.037287946795879656e-01 1.216037272757191658e+02
2.133108185424562180e+02 3.177424703866007505e-01 1.214725473219461946e+02
2.133526253965119679e+02 3.045629571121524215e-01 1.214797978263676299e+02
2.133584544071370885e+02 3.292916328065072507e-01 1.213193386446316140e+02
2.133764553539557483e+02 3.138020338880070370e-01 1.213984499008878259e+02
2.134827965074036626e+02 3.212057001521492205e-01 1.213237385666583066e+02
2.135110276526744997e+02 3.275309045156161725e-01 1.211498467115772684e+02
2.135004759409326880e+02 3.305270539509426175e-01 1.211385431144258149e+02
2.135624672474158672e+02 3.221993534291797134e-01 1.209931406278876125e+02
2.135861073348067123e+02 3.098134969760029667e-01 1.210670583052958591e+02
2.136121410506649170e+02 3.205436865675798108e-01 1.211362203707782328e+02
2.136491644451870400e+02 3.195728176969016010e-01 1.210884655208641902e+02
2.136511023855273379e+02 3.212538005655595774e-01 1.209238747667762794e+02
2.136468214487338173e+02 3.443293409990202947e-01 1.206877422425425408e+02
2.136516049082674442e+02 3.268448407243416121e-01 1.206013652922606383e+02
2.135957198226866751e+02 3.110185389119686228e-01 1.205436372013660531e+02
2.134759852357046839e+02 3.171880498320283071e-01 1.203516684514451640e+02
2.134271835688987835e+02 3.010098555215477423e-01 1.204932836633274889e+02
2.134153989676132426e+02 3.144754396757525883e-01 1.202632674863989735e+02
2.134134458376686894e+02 3.231335140896237079e-01 1.202495930451865433e+02
2.133813286853144291e+02 3.180057568600050399e-01 1.202163062933061894e+02
2.133824046156144050e+02 2.991731792094823872e-01 1.204243583025110951e+02
2.133648985967337239e+02 3.005389777902670034e-01 1.202080735278108961e+02
2.130903211841815335e+02 2.225416258446052953e-01 1.199125648406230766e+02
2.130783517760444852e+02 2.373476925725366837e-01 1.195383993195057286e+02
2.130505016366798543e+02 2.747128531899434845e-01 1.192076482188923165e+02
2.130577458120995402e+02 2.827051166181865360e-01 1.191220408752249966e+02
2.130792251782879703e+02 2.906733298397243814e-01 1.190459320974058670e+02
2.131123916791347881e+02 2.965479092775570868e-01 1.191617401716931539e+02
2.131257901758702928e+02 2.874417415387575669e-01 1.192115025809669220e+02
2.131363798616227143e+02 3.020452802102241430e-01 1.191933256878992040e+02
2.131594845154642712e+02 2.864113800514927477e-01 1.192421438101096953e+02
2.132499246848790051e+02 2.838088945259197859e-01 1.192284541792930241e+02
2.132258592885695805e+02 3.017870569382314905e-01 1.192926429151888499e+02
2.132473386547580105e+02 3.066376038905639922e-01 1.191328191652299893e+02
2.132957770368626313e+02 3.381218560683734720e-01 1.189155761796626365e+02
2.133092375578154360e+02 3.231398430913882680e-01 1.189525527395717006e+02
2.133463660137668398e+02 3.337282630434397213e-01 1.189288442989617920e+02
2.133940942818734925e+02 3.173703250828466271e-01 1.190744088079451757e+02
2.134413212930403745e+02 3.211234231292103836e-01 1.190283944335163682e+02
2.134518730047821862e+02 3.407901632122974922e-01 1.189151407443412438e+02
2.134281569693701499e+02 3.334118129552134380e-01 1.191237547689028275e+02
2.133103894361365747e+02 3.311713463305713812e-01 1.189000118985233172e+02
2.132749786712640514e+02 3.369383327384071758e-01 1.188990081188434687e+02
2.132113772667319722e+02 3.335751012007381888e-01 1.185904945988298920e+02
2.131795335272539376e+02 3.264132028040009348e-01 1.186120701658451679e+02
2.132153177032305678e+02 3.145551850979855790e-01 1.187625333221942867e+02
2.132244947557891521e+02 3.236436316318445083e-01 1.186902459956405806e+02
2.132378881893232290e+02 3.239499553172475177e-01 1.185930818947512364e+02
2.132074292354312774e+02 3.275688785262033109e-01 1.183972511879536285e+02
2.131701526808385552e+02 3.179285430384777844e-01 1.182194556045842262e+02
2.131393241132435605e+02 3.189639677271541851e-01 1.182254263848488733e+02
2.131850081137802704e+02 3.236499606336090129e-01 1.183205981159827616e+02
2.132175151326432285e+02 3.168171703286271068e-01 1.183561278660884426e+02
2.132040267640826698e+02 3.272638206411531692e-01 1.183336902890328588e+02
2.132559790079669426e+02 3.364585944046561417e-01 1.182343211639287404e+02
2.132586485809112276e+02 3.312865341626857196e-01 1.181315191882675464e+02
2.132819722182138662e+02 3.161412329401757648e-01 1.183640669659018698e+02
2.133139286139233093e+02 3.170007113797983500e-01 1.184785586078221371e+02
2.133058287574650649e+02 3.269169913444571751e-01 1.183955765340867430e+02
2.133666365406182592e+02 2.952859063257106675e-01 1.185093454040055008e+02
2.134267126911674950e+02 3.084337745913363626e-01 1.183583037768950987e+02
2.134497008913766081e+02 3.118071325318285680e-01 1.183694618070059477e+02
2.134626500289868147e+02 3.233562949517350127e-01 1.184628525570432913e+02
2.135095302108570365e+02 3.107881632477398903e-01 1.185876984458503216e+02
2.135481839562336859e+02 3.247866493505178198e-01 1.186474480199085093e+02
2.135307260377664136e+02 3.105982931948041426e-01 1.186412658509849223e+02
2.134990367259314326e+02 3.197500297463082841e-01 1.185051530732366700e+02
2.133865374537666355e+02 3.242499500008860780e-01 1.183782135506459383e+02
2.132790026505859373e+02 3.095691975078922464e-01 1.183151589718663246e+02
2.132587941479518179e+02 3.172146316394393040e-01 1.183035098112185324e+02
2.132485272412893949e+02 3.258904272582511252e-01 1.180630596419810274e+02
2.132310338804122409e+02 3.208170994438073187e-01 1.180755556230649148e+02
2.132030850086200928e+02 3.238980575027784470e-01 1.181542959998177196e+02
2.132169480540851225e+02 3.141159523755275296e-01 1.183400142275959723e+02
2.132395046163738925e+02 3.141412683825856034e-01 1.182344616677679170e+02
2.132358350611508229e+02 3.116096676767753371e-01 1.183540532193100319e+02
2.132384945076922804e+02 3.129779978582657995e-01 1.182130949578108812e+02
2.132593067970947232e+02 3.176399405580154212e-01 1.181936775803973063e+02
2.132481120587736427e+02 3.157944036434797153e-01 1.179445731341469923e+02
2.132389729802256682e+02 3.075591065474789221e-01 1.181854448149020129e+02
2.132697357262023274e+02 3.319700663532544893e-01 1.180917034381669168e+02
2.132787456931143026e+02 3.261448531291850639e-01 1.180884250152528949e+02
2.134310088175652709e+02 2.361578402408058552e-01 1.182301060487535693e+02
2.134222988453369112e+02 2.324060079947950219e-01 1.182227125088922435e+02
2.134188292865696042e+02 2.598624834496603975e-01 1.180469649904938336e+02
2.134792636586187200e+02 2.787697433210044595e-01 1.181805018645239187e+02
2.134860293615049898e+02 2.811886877954061781e-01 1.182406894055042130e+02
2.134864483414218057e+02 2.644168331194130528e-01 1.184090142706331790e+02
2.134973443508596063e+02 2.686344798952929880e-01 1.186190713075970820e+02
2.134994734270532035e+02 2.800444042763798880e-01 1.185803454116003053e+02
2.135053923095033781e+02 2.706534314581766631e-01 1.184651272002774647e+02
2.135313614695435831e+02 2.785153174500705209e-01 1.185614976443455362e+02
2.135539471452404712e+02 2.632814102028571690e-01 1.189028650125187596e+02
2.136360570825327159e+02 2.695116795398562748e-01 1.190561357140506402e+02
2.135980640849402619e+02 2.783089919925469946e-01 1.188626568643087325e+02
2.135155883313460379e+02 2.681408177576599661e-01 1.188702225530180527e+02
2.134356049386466623e+02 2.676079158090869381e-01 1.186630717936644146e+02
2.133540506877093321e+02 2.856848106489252026e-01 1.184786864536577866e+02
2.133739047662446353e+02 2.735343930613887697e-01 1.188646580946666802e+02
2.133813147615105663e+02 2.700104048789008782e-01 1.190197439539046087e+02
2.133452938808679278e+02 2.818051325672709662e-01 1.188851501365798526e+02
2.133053566139334123e+02 2.828696706640641545e-01 1.188549620639634270e+02
2.133078515064289888e+02 2.683446116144777016e-01 1.188597202074899997e+02
2.132985871136460787e+02 2.766001615161250426e-01 1.189965595546407968e+02
2.132528398230917333e+02 2.856962028521013441e-01 1.185803707276073595e+02
2.132420197616750954e+02 2.812178012035229657e-01 1.185871123802869249e+02
2.132238707162151456e+02 2.949935064441895904e-01 1.185014176963952508e+02
2.132412159784510095e+02 2.880708443141514197e-01 1.185196312976732003e+02
2.132492284946848997e+02 2.761887764014308577e-01 1.187258985283805117e+02
2.132626421810246313e+02 2.764254810674240947e-01 1.187994858318966465e+02
2.133027895708177368e+02 2.762862430286045501e-01 1.189709524135015357e+02
2.132996022855291187e+02 2.694977557359742870e-01 1.189845622988959661e+02
2.133120476345988834e+02 2.908771236965420615e-01 1.188696175004493654e+02
2.133422141886093186e+02 2.738495773492621854e-01 1.188135729240241290e+02
2.134093585683291678e+02 2.893075312589397097e-01 1.188838818046262418e+02
2.134160533863956744e+02 2.795026417253365092e-01 1.187234985709114028e+02
2.134500008860602520e+02 2.802659193381383251e-01 1.187327705584964264e+02
2.134427807608472847e+02 2.839899039763852384e-01 1.188290625229426354e+02
2.134704865989716609e+02 2.868240309665398557e-01 1.187903847273592675e+02
2.134848774831838512e+02 2.990529281759563562e-01 1.186369532691825697e+02
2.135003569556995160e+02 2.905670026100803383e-01 1.186531238686909404e+02
2.135013784565843196e+02 2.952517297161822429e-01 1.185715594913507829e+02
2.133784692423172373e+02 3.034148761920674731e-01 1.183796882080570754e+02
2.132483563582417503e+02 3.085097226125106396e-01 1.180297678268992740e+02
2.132195353500064527e+02 2.983035743670365281e-01 1.178855843061009097e+02
2.131786069613956158e+02 3.022629978709238108e-01 1.178299903546013070e+02
2.131794740346373658e+02 2.990592571777209163e-01 1.177404489034371551e+02
2.131675970299260428e+02 2.856708868450432703e-01 1.177300275691316926e+02
2.132395641089904643e+02 2.904467515765543628e-01 1.174496869675727311e+02
2.131716374646525196e+02 2.859164521135068582e-01 1.173721301141498827e+02
2.131511606123435740e+02 2.893632264744675497e-01 1.175468624606652526e+02
2.131614414428098883e+02 2.829127078760629299e-01 1.175109111990420416e+02
2.131533998131678800e+02 2.933998637998820325e-01 1.174929760738417315e+02
2.131976192826962517e+02 2.896860055644583376e-01 1.174258658707313998e+02
2.132438564379871764e+02 2.878303422470994133e-01 1.177899429630360970e+02
2.132631687539714562e+02 3.039680309462870489e-01 1.174698739516008601e+02
2.133481875004746655e+02 3.071148106236091802e-01 1.172477259896660087e+02
2.133896589174369183e+02 2.935378360383487095e-01 1.173625049682663786e+02
2.133916917928036696e+02 2.929353150703658537e-01 1.173641707615308150e+02
2.133817894366428902e+02 3.022857822772760938e-01 1.171657831380203447e+02
2.134155027632421593e+02 2.944909837040862732e-01 1.173379800864288427e+02
2.134470515712379779e+02 2.865898579012524094e-01 1.173186994154533949e+02
2.135939565627950856e+02 2.181353748161425077e-01 1.172181784120281378e+02
2.136541403063743303e+02 2.114911887637434262e-01 1.172286187333389051e+02
2.136041741032437358e+02 2.497588650327715598e-01 1.170837453513481989e+02
2.136480505408764827e+02 2.712192442159253036e-01 1.169328986574921458e+02
2.136243699478743281e+02 2.783355737999579915e-01 1.170723594771738192e+02
2.136341811664097179e+02 2.847455867870695712e-01 1.170532496892460159e+02
2.137377160404752203e+02 2.812696990179920919e-01 1.170113643555683893e+02
2.137060191338381401e+02 2.794671993154551615e-01 1.170573521481897785e+02
2.136746652590966846e+02 2.966187940973197823e-01 1.171836891498125368e+02
2.136366355532939849e+02 2.833873830084023826e-01 1.171763221917586293e+02
2.136389874103496993e+02 2.715622761115625838e-01 1.173324637284908931e+02
2.137101633641935337e+02 2.655117504246760074e-01 1.175163997093722372e+02
2.137595156541529775e+02 2.569410162351553062e-01 1.177978719364466968e+02
2.137202239453984305e+02 2.688914373669327174e-01 1.176581642856962020e+02
2.137663117362477010e+02 2.782697521816069330e-01 1.174468870171920969e+02
2.137694344657183194e+02 2.790570800011138997e-01 1.175164338859817690e+02
2.137850443156703477e+02 2.781292483424344653e-01 1.178034034839888875e+02
2.137789950557838097e+02 2.807418602708306454e-01 1.178403838412990154e+02
2.138031920953299618e+02 2.684876470543560156e-01 1.178484672423526689e+02
2.138097919783700149e+02 2.726192194062383445e-01 1.179088459191862484e+02
2.138340902819443841e+02 2.822823393003162096e-01 1.179230051619338440e+02
2.138863134071041827e+02 2.610763859880964044e-01 1.181236965420865914e+02
2.138947930036682976e+02 2.734913558493899943e-01 1.179546577655585793e+02
2.138996384874192245e+02 2.767292731521213689e-01 1.177337021875561760e+02
2.139014789611323408e+02 2.826658768072464745e-01 1.176811613465077784e+02
2.139320898110666462e+02 2.831190333335865117e-01 1.176660135136845611e+02
2.139370985830630900e+02 2.760039695499066914e-01 1.176162460412093935e+02
2.139263228246587971e+02 2.860291083449154059e-01 1.175198566101360171e+02
2.139437364401137245e+02 2.579409985139503592e-01 1.178543608087957892e+02
2.139470262552309237e+02 2.651104917128050964e-01 1.177611586630110310e+02
2.140039429680992953e+02 2.735343930613887697e-01 1.176206965952502088e+02
2.139981114258734749e+02 2.748584202305275337e-01 1.177015622507955612e+02
2.139763523178070272e+02 2.721002412615472488e-01 1.178563012807368011e+02
2.139843990106504350e+02 2.703382471703033030e-01 1.179854546881447703e+02
2.139916963496849291e+02 2.604333594088206194e-01 1.180614951127448364e+02
2.138582733976866166e+02 2.731660451586934157e-01 1.179412693952259019e+02
2.137515525041328317e+02 2.719078396079057103e-01 1.177807089494616548e+02
2.136805398385345143e+02 2.649320138630454902e-01 1.177379717321465193e+02
2.136420683684086725e+02 2.601801993382395484e-01 1.177614890369031428e+02
2.136219915090112238e+02 2.726128904044738399e-01 1.177240732442716222e+02
2.135747607004432780e+02 2.843228094691993002e-01 1.174067535512028968e+02
2.135173098198259822e+02 2.802165531243749896e-01 1.171585642786077273e+02
2.135212148139146962e+02 2.792608738579316352e-01 1.172828823286675970e+02
2.134755877743938584e+02 2.807190758644783624e-01 1.173051097828646050e+02
2.134315758961233485e+02 2.760799175710810238e-01 1.172949302164265504e+02
2.133485495193756094e+02 2.834633310295767150e-01 1.171305154085876978e+02
2.133273777426729225e+02 2.608447445235147488e-01 1.169534501920219185e+02
2.133232157911125739e+02 2.724154255494206645e-01 1.169406175080441557e+02
2.133402889062725478e+02 2.697028153931449457e-01 1.169105218388534837e+02
2.133532912074975911e+02 2.710331715640482142e-01 1.169121851005172061e+02
2.133735136339356018e+02 2.664585690886490665e-01 1.170675950046454830e+02
2.133445559192621772e+02 2.741229902254896933e-01 1.170323741098258949e+02
2.133819463958866436e+02 2.780672241251420651e-01 1.169228406078879630e+02
2.133840058530608417e+02 2.791659388314637336e-01 1.170268628150893591e+02
2.134142281022867849e+02 2.653839045890326043e-01 1.172199859749320865e+02
2.134582703597657769e+02 2.759153635252033498e-01 1.170527332427020326e+02
2.135376626237003279e+02 2.741521036336064809e-01 1.171491530529838769e+02
2.136082107405691488e+02 2.725483345864757045e-01 1.173077527740014716e+02
2.136226193459862657e+02 2.746495631722982167e-01 1.172186341001551853e+02
2.136540073973372671e+02 2.789710055771163488e-01 1.172859658183272700e+02
2.135668507140379688e+02 2.045900452397046154e-01 1.174237329971367529e+02
2.135557597713458335e+02 2.072963263942158019e-01 1.172354920292551839e+02
2.134160875630052203e+02 2.472728331396658874e-01 1.168985169883065396e+02
2.133895601850093726e+02 2.587169341302812398e-01 1.169299227608624676e+02
2.133599075459422352e+02 2.715584787105038700e-01 1.168631720450523659e+02
2.133554418022971788e+02 2.610649937849202629e-01 1.171326406873802171e+02
2.133771363545456268e+02 2.374337669965342346e-01 1.174663094578070712e+02
2.134109990455865216e+02 2.406501656932661937e-01 1.176013728870627659e+02
2.134523793249233563e+02 2.281086157966820960e-01 1.179104724726397251e+02
2.134614994164660402e+02 2.466576541681539947e-01 1.179270481282610206e+02
2.134732042723293546e+02 2.410223109970203170e-01 1.181389861445493352e+02
2.134638006415076177e+02 2.526410924363365895e-01 1.181153106147485943e+02
2.135006177105722145e+02 2.475171326077765799e-01 1.178962689268797703e+02
2.135446688286536698e+02 2.613814438731465462e-01 1.177893429736688233e+02
2.135664760371335262e+02 2.720382170442549041e-01 1.174574653107413269e+02
2.135808061629287522e+02 2.674547539663854057e-01 1.174547197897758792e+02
2.136098626100296940e+02 2.658636429227836384e-01 1.173540392955061549e+02
2.136110436017589507e+02 2.663611024614753742e-01 1.172940973197943322e+02
2.137090823706921583e+02 2.649674562729267824e-01 1.172391337368704853e+02
2.137075444232633856e+02 2.847303971828347158e-01 1.172414919229279491e+02
2.137695066163384467e+02 2.643408850982387759e-01 1.174748941158004811e+02
2.137509309961595534e+02 2.800140250679101772e-01 1.174334758624530650e+02
2.137440197262326933e+02 2.897632193859855376e-01 1.173908057325566432e+02
2.138095261602958885e+02 2.888113375206008970e-01 1.175282805114846099e+02
2.138481292736584294e+02 3.121488986271129251e-01 1.173204955861541663e+02
2.139036599351403822e+02 2.887189340948388416e-01 1.175601191877612308e+02
2.139639689929545625e+02 2.968757515689595117e-01 1.176331166283129193e+02
2.139954064105193083e+02 2.738521089499679761e-01 1.179076636616566276e+02
2.139650132782456922e+02 2.841291420152047831e-01 1.179476895346158472e+02
2.139033422192518117e+02 2.813633682441070705e-01 1.179333366244142525e+02
2.138204955861541805e+02 2.731913611657514895e-01 1.180419828003048082e+02
2.137300744037447373e+02 2.835645950578091212e-01 1.177360591078132757e+02
2.137247162708509052e+02 2.745736151511238843e-01 1.177939277025470375e+02
2.136938358054414095e+02 2.725065631748297967e-01 1.177874265519345158e+02
2.137086595933743070e+02 2.827608118337143206e-01 1.178363788489824202e+02
2.137148151804904614e+02 2.922188720706215270e-01 1.178027376730032643e+02
2.136925345626786452e+02 2.821393038604378956e-01 1.178880197059799002e+02
2.136594819838635715e+02 2.896037285415195006e-01 1.178335270007873277e+02
2.136556592667978123e+02 2.764305442688357317e-01 1.179025966628439477e+02
2.136796385886832468e+02 2.695205401423265701e-01 1.180326981547162433e+02
2.137084089649044074e+02 2.873176931041728221e-01 1.180589343986309103e+02
2.136766500340500272e+02 2.909138319067763323e-01 1.181262294085927635e+02
2.137063330523256468e+02 3.025503345510332509e-01 1.180032746255129723e+02
2.136937598574202468e+02 2.907138354510173106e-01 1.181168333725731401e+02
2.137454260304247669e+02 2.974972595422359367e-01 1.176979534539894274e+02
2.138387408324409478e+02 2.684863812540030925e-01 1.179289139179812054e+02
2.138704655866858104e+02 2.635712784836724554e-01 1.182021331267547168e+02
2.139364251772753391e+02 2.738989435630254654e-01 1.180931667033748766e+02
2.139573551861106182e+02 2.808304662955339870e-01 1.179493122906682601e+02
2.139374492097608425e+02 2.813646340444599936e-01 1.179770814188103003e+02
2.139782029179229710e+02 2.748293068224107460e-01 1.180811479290240413e+02
2.140236274293873180e+02 2.868202335654811419e-01 1.179504160685760041e+02
2.140573774641968328e+02 2.765026948889513503e-01 1.180940375740176762e+02
2.141050095314766679e+02 2.767153493482393811e-01 1.179685435954299493e+02
2.141304381947661568e+02 2.834797864341644380e-01 1.179063510266906718e+02
2.141479087712369562e+02 2.865240362829012954e-01 1.177305060416650804e+02
2.141094638829185328e+02 2.878265448460406994e-01 1.177454728650378399e+02
2.139712777241922197e+02 2.938707415311627158e-01 1.174337277567233002e+02
2.139140850668469227e+02 2.852050723151741685e-01 1.174131344507818824e+02
2.139035599369125009e+02 2.691749766459834992e-01 1.176114866318824710e+02
2.136067867151721487e+02 2.041660021214813936e-01 1.172729825041075173e+02
2.136114600500750669e+02 2.199442035204439427e-01 1.174288126539529742e+02
2.135953603353864594e+02 2.473234651537820905e-01 1.173782705116618246e+02
2.136025678025958996e+02 2.559904001701235887e-01 1.174053839552210405e+02
2.136752475272590175e+02 2.521486960990564907e-01 1.176201725539041121e+02
2.136826815727316102e+02 2.505322690483965942e-01 1.178951993255815722e+02
2.136777867227669390e+02 2.556688868804856685e-01 1.180442283301308635e+02
2.136723171994420341e+02 2.639003865754278033e-01 1.181033804464224630e+02
2.137286794917558552e+02 2.558233145235400685e-01 1.181904561184991707e+02
2.137630320475333292e+02 2.641674704498907511e-01 1.180966185409372429e+02
2.138519937621358622e+02 2.606498112691673641e-01 1.181909042118240905e+02
2.139145901211877288e+02 2.656155460536142598e-01 1.182592979364922599e+02
2.139262683952436248e+02 2.614054940798517523e-01 1.182203036908206712e+02
2.139480148453065453e+02 2.789545501725285703e-01 1.180385550129491321e+02
2.139736371760500333e+02 2.981061095119833526e-01 1.180420840643330394e+02
2.140000556952155364e+02 2.810937527689382764e-01 1.182877138886146327e+02
2.140991678628479917e+02 2.908999081028944000e-01 1.183250524674246265e+02
2.140870528876703531e+02 2.609548691542175058e-01 1.184753776515352826e+02
2.141141941788373231e+02 2.738660327538499084e-01 1.183878981891460143e+02
2.141463113311916118e+02 2.920517864240380623e-01 1.182979162394590418e+02
2.142268415496434102e+02 2.700876187004280782e-01 1.185610862592308479e+02
2.142383641302559170e+02 2.808532507018862701e-01 1.185771505315095737e+02
2.142831962471551037e+02 2.639396263863678094e-01 1.186908902880202135e+02
2.142866227687104299e+02 2.665788201221750420e-01 1.185337829456186824e+02
2.141883953955246227e+02 2.803292093557835929e-01 1.183354535489244483e+02
2.141100815934907473e+02 2.839215507573283337e-01 1.182635269754713221e+02
2.140844769839521859e+02 2.722128974929557965e-01 1.183578594809712285e+02
2.140657798469394208e+02 2.847152075785998604e-01 1.185021746450062921e+02
2.140741771664805810e+02 2.873759199204064529e-01 1.187159151609971417e+02
2.140952438817539871e+02 2.897429665803391008e-01 1.187195948426230387e+02
2.140965843643277253e+02 2.824241089398415450e-01 1.190165554028156407e+02
2.140764100383031234e+02 2.910758543519482155e-01 1.190899439756763769e+02
2.140622748457622322e+02 2.814266582617523382e-01 1.190183009415023037e+02
2.140692418109046287e+02 2.897163847729280484e-01 1.189110977780140672e+02
2.140463067743103238e+02 2.856734184457490611e-01 1.191262458639973403e+02
2.140462675344993784e+02 2.836595300842769674e-01 1.189419984962291750e+02
2.140969881546402860e+02 2.743141260787783642e-01 1.189269658512380801e+02
2.141264863660643982e+02 2.732306009766915511e-01 1.189754105623444644e+02
2.141423848184968790e+02 2.885391904447263123e-01 1.190112985339500256e+02
2.141860106276597548e+02 2.741179270240780563e-01 1.190124137040609469e+02
2.142185543547329587e+02 2.595093251511998433e-01 1.192267339566134297e+02
2.141988382484360898e+02 2.708407699104066757e-01 1.190367677028508382e+02
2.142479449731270620e+02 2.775317905758631909e-01 1.190214705055859810e+02
2.142682636003918901e+02 2.775609039839800340e-01 1.191930383512190872e+02
2.143297004863204904e+02 2.507044178963916958e-01 1.192374185773923045e+02
2.143476735855313962e+02 2.646332849797598530e-01 1.195012126367380887e+02
2.144273607809481916e+02 2.571043044806801126e-01 1.196913282549423201e+02
2.144725422587447952e+02 2.727445336411759569e-01 1.197772355932932840e+02
2.144942444057953423e+02 2.674977911783841811e-01 1.198151653008680881e+02
2.144635259628310280e+02 2.749255076492315153e-01 1.198146159435149229e+02
2.144156546592845132e+02 2.918441951661616129e-01 1.198171918472330901e+02
2.142675927262048390e+02 2.810355259527046456e-01 1.199601222256820705e+02
2.141142524056535592e+02 2.865632760938413570e-01 1.200491067246909580e+02
2.140714544299214879e+02 2.761786499986076393e-01 1.201242737470475248e+02
2.140565078593543831e+02 2.801406051032007127e-01 1.204341745842478701e+02
2.140580420093821203e+02 2.864215064543160216e-01 1.201114030890591806e+02
2.140225869414972522e+02 2.822684154964342218e-01 1.198647289794864434e+02
2.139394225925110220e+02 3.012123835780125547e-01 1.197536081639059518e+02
2.139360530319715963e+02 2.910581331470075139e-01 1.200772834405466227e+02
2.139354239291961903e+02 2.999567096279306400e-01 1.202401805537623432e+02
2.135968603088046507e+02 2.290832820684190474e-01 1.199212748128514221e+02
2.136536213282296330e+02 2.428691137119088905e-01 1.200146604996873521e+02
2.136987066051993907e+02 2.633573582240314459e-01 1.199511527643813906e+02
2.137313224828927218e+02 2.745318437394780320e-01 1.200983033212069699e+02
2.137476183966359997e+02 2.814810876769272552e-01 1.203654352960833620e+02
2.137934808750224818e+02 2.723230221236585535e-01 1.203663441407367429e+02
2.139096775500181025e+02 2.828620758619467268e-01 1.203579126445860510e+02
2.139085155452941365e+02 2.982212973440976911e-01 1.204539008169475522e+02
2.139554691435847928e+02 2.944492122924403654e-01 1.205894933507507432e+02
2.139473427053191585e+02 3.073287308832501896e-01 1.204287113899247288e+02
2.139923368446634981e+02 3.026022323655023771e-01 1.203985498991157073e+02
2.140090580673253839e+02 3.029756434696094236e-01 1.204209216545529557e+02
2.140763670010911142e+02 2.963580392246213391e-01 1.203827868873209894e+02
2.141489062219150412e+02 2.981656021285698510e-01 1.203197664851508932e+02
2.141816575402461353e+02 3.075882199555957097e-01 1.203208753262600368e+02
2.142000103795628831e+02 3.029819724713739282e-01 1.203330181490454578e+02
2.142066469708131820e+02 2.905404208026693413e-01 1.206867928922778646e+02
2.141358241752677714e+02 3.064920368499798875e-01 1.206237851481112955e+02
2.140185616963750022e+02 3.173538696782588486e-01 1.204431997407640864e+02
2.139090484472426965e+02 3.122248466482872575e-01 1.202524448933816359e+02
2.138406711779791181e+02 3.093843906563681356e-01 1.200883655226363089e+02
2.138724136534289357e+02 3.114008106185460201e-01 1.201332748533570225e+02
2.138499722789722739e+02 2.965175300690873761e-01 1.204415795163123732e+02
2.138112729647829156e+02 3.017743989347024258e-01 1.202591105980400386e+02
2.138103869045358749e+02 3.075945489573602698e-01 1.204659449073054418e+02
2.138225347905226954e+02 3.064148230284526875e-01 1.204725409929444311e+02
2.138562607751254916e+02 3.023326168903335831e-01 1.204864546704235551e+02
2.138872792127734499e+02 3.004111319546236003e-01 1.207153379560362225e+02
2.139278012794709980e+02 2.951897054988898983e-01 1.205840959780459656e+02
2.139740713455711045e+02 2.952023635024189629e-01 1.204227595966653723e+02
2.139837699078750575e+02 3.002605017126278586e-01 1.205703696390190487e+02
2.140343474925760745e+02 3.001997432956884371e-01 1.208165159098446395e+02
2.140895667671712204e+02 2.984263570012683497e-01 1.207121734551539589e+02
2.141407481386405891e+02 3.080312500791125285e-01 1.205125972451121186e+02
2.141850106453809701e+02 3.218550557331895656e-01 1.206556883802059161e+02
2.142499651904902862e+02 3.086616186548593044e-01 1.209915115428334218e+02
2.143221259370087068e+02 3.015642760761201857e-01 1.209376112322060095e+02
2.143396003108805701e+02 3.241740019797117456e-01 1.207769242064064628e+02
2.143607796823853846e+02 3.199297733964208135e-01 1.207414691385215946e+02
2.144354353213993818e+02 3.222398590404726981e-01 1.209055231932598673e+02
2.144764219368264264e+02 3.040047391565212642e-01 1.208101856422797624e+02
2.145040391689261128e+02 3.177842417982466028e-01 1.208923968436002383e+02
2.145713746844992613e+02 3.009060598926094898e-01 1.211064512780786231e+02
2.145973628315447570e+02 2.957137468449926310e-01 1.215045644760725736e+02
2.146394886672894415e+02 3.079261886498214085e-01 1.214298582050444679e+02
2.145052986402772603e+02 3.214613918234360268e-01 1.211215206312799495e+02
2.144221975813086942e+02 3.184816977926973602e-01 1.210640672190619398e+02
2.143693883905854705e+02 3.270182553726895813e-01 1.210666798309903385e+02
2.143981612984073593e+02 3.168298283321561160e-01 1.211960788036667651e+02
2.143296106144954365e+02 3.238727414957203177e-01 1.209847053343358425e+02
2.143087464272784928e+02 3.098413445837668867e-01 1.210576496112727085e+02
2.143199664816066559e+02 3.286220244198204132e-01 1.210263463685453615e+02
2.142615042265073839e+02 3.274460958919715448e-01 1.210827377742672866e+02
2.142107519613576585e+02 3.279650740366626405e-01 1.209714853154501100e+02
2.141875359170850004e+02 3.390737379337581126e-01 1.211166510973223325e+02
2.140987779963392938e+02 3.552367426400038219e-01 1.209877875581951656e+02
2.141077575840428153e+02 3.407066203890057876e-01 1.209266544643512589e+02
2.141407076330292796e+02 3.334080155541547241e-01 1.209413288878424879e+02
2.141242585574432837e+02 3.314852648180918182e-01 1.206429278468482806e+02
2.142199910381335144e+02 3.297726369406111524e-01 1.208471394177824720e+02
2.140742683041059991e+02 2.733432572081000989e-01 1.202987377438880827e+02
2.141171548858627887e+02 2.638889943722516063e-01 1.203127286351887477e+02
2.141292280896287821e+02 3.020338880070480014e-01 1.203071110132225527e+02
2.141931725260565145e+02 3.073629074927786142e-01 1.204305328766325687e+02
2.142890923451989522e+02 3.182234745207047077e-01 1.204588007301136372e+02
2.143188728301017534e+02 3.243575430308829888e-01 1.207830646039184046e+02
2.143249777852037994e+02 3.130425536762639904e-01 1.208321105701924267e+02
2.143371661768019294e+02 3.293220120149769614e-01 1.207179999341783798e+02
2.143399142293680768e+02 3.265942122544663873e-01 1.207356413936968238e+02
2.143654466882865393e+02 3.283473457432399822e-01 1.206747146253104432e+02
2.144195014265569910e+02 3.314764042156215229e-01 1.204905811795740362e+02
2.144141977230783311e+02 3.450318601948826336e-01 1.207952998301295935e+02
2.143684694195292764e+02 3.313510899806839105e-01 1.210769176242446292e+02
2.142704597640041868e+02 3.403686516947800889e-01 1.209545463751275349e+02
2.142380654013726371e+02 3.343155944071877217e-01 1.207968504355619075e+02
2.141798373193386453e+02 3.288448052819317180e-01 1.206688311852701361e+02
2.141663324953734957e+02 3.313865323905652582e-01 1.207860126529403288e+02
2.141505745467801773e+02 3.380307184429642842e-01 1.206417987529334965e+02
2.141088081983357370e+02 3.480204148280916510e-01 1.204363821400633441e+02
2.141244231114891647e+02 3.246081715007582136e-01 1.208735465447447837e+02
2.140933945474384075e+02 3.475824479059864691e-01 1.206201826803069252e+02
2.140710683608138538e+02 3.412952175531066557e-01 1.208264701638198773e+02
2.140674253873982025e+02 3.448040161313596919e-01 1.210975083985853473e+02
2.140564243165310927e+02 3.387167822342389001e-01 1.212186948585721211e+02
2.140975577647990917e+02 3.070743050123162510e-01 1.217705407752267632e+02
2.141103841197750910e+02 3.128615442257985380e-01 1.217350135567217819e+02
2.141123549709245708e+02 3.121311774221722790e-01 1.217146556896460083e+02
2.141320622166189480e+02 3.127324325898022117e-01 1.218152399830889010e+02
2.141705450789479812e+02 3.357181011982066088e-01 1.217282946884485568e+02
2.142356262040925969e+02 3.263258625796504608e-01 1.217088887032381734e+02
2.142548954828648675e+02 3.359396162599649904e-01 1.215564876065487425e+02
2.142798406104195692e+02 3.164235064188735680e-01 1.217756191662426204e+02
2.142934770776214179e+02 3.244777940644089642e-01 1.215795530205793824e+02
2.142880062884961490e+02 3.396876511049171099e-01 1.216529795674507000e+02
2.143187804266759713e+02 3.414002789823977757e-01 1.217956479252266462e+02
2.143552785140516619e+02 3.307726192194062609e-01 1.216488378686959919e+02
2.144101205801416086e+02 3.134083699782535537e-01 1.220011531441215027e+02
2.144019308518583102e+02 3.361294863129007937e-01 1.216678856324065094e+02
2.143513735199629480e+02 3.353649428997460546e-01 1.215424182356262008e+02
2.142311794474528313e+02 3.407775052087684275e-01 1.215440220046733373e+02
2.141047044735915961e+02 3.432306262926986262e-01 1.216553630695152179e+02
2.141181915763518191e+02 3.266815524788168057e-01 1.213940423840590199e+02
2.140864212532942474e+02 3.290194857306326104e-01 1.213310447662952782e+02
2.141466809448946549e+02 3.017819937368198535e-01 1.216052424387415982e+02
2.140957793153032753e+02 3.119362441678248943e-01 1.215758391623439536e+02
2.141000792391020866e+02 3.103033617125772192e-01 1.215418486254673951e+02
2.140534876597123457e+02 3.181006918864728861e-01 1.215803466774006552e+02
2.140555990147010164e+02 3.364788472103025785e-01 1.214383415990096324e+02
2.141159675651317684e+02 3.178032288035401720e-01 1.214900305564205212e+02
2.141191244712119044e+02 3.410281336786436523e-01 1.215211148156868148e+02
2.141674780446928708e+02 3.090704721688476431e-01 1.218893968967638557e+02
2.142407071267091396e+02 3.070084833939651925e-01 1.225813567860822673e+02
2.143029933646745633e+02 3.083223841602806825e-01 1.229160660443992157e+02
