2.521208739637345104e+02 1.215857233818023104e+02 5.718485860113038388e-01
2.522238637862629389e+02 1.327250915769500068e+02 5.730624245314608345e-01
2.522934800255705170e+02 1.334246709825369521e+02 5.749726030177269021e-01
2.524667557914176541e+02 1.356644884374587718e+02 6.072211342350660734e-01
2.523854717354466288e+02 1.360866569086057041e+02 4.896703229799799217e-01
2.522829271138801346e+02 1.364709452466235859e+02 3.903207476332051229e-01
2.520555549918316274e+02 1.389670843015291553e+02 2.351016225101723867e-01
2.519737509005489642e+02 1.395363212955728613e+02 1.993333400980203118e-01
2.519651931487250351e+02 1.451405097360757281e+02 1.523766882121946886e-01
2.520259269312335846e+02 1.489859235319783579e+02 1.665470162656898512e-01
2.520122347819910544e+02 1.495444275045408062e+02 1.527965215979543712e-01
2.519019416342807176e+02 1.482826074824202749e+02 1.479411675173260554e-01
2.518951507341376441e+02 1.417177819098740770e+02 1.653877180343172604e-01
2.518725520288987525e+02 1.356088966626416834e+02 1.773726294000060877e-01
2.517573464500613909e+02 1.345835481121449675e+02 1.769312335744944176e-01
2.518842261874562496e+02 1.353293979766821167e+02 1.755613844608375496e-01
2.518042878814015069e+02 1.344467940457225268e+02 1.700819880062099942e-01
2.519162070907449049e+02 1.356586031597852866e+02 1.841546508914166380e-01
2.519431626771925323e+02 1.358333794177633820e+02 1.782300534748505749e-01
2.518345805724954687e+02 1.349890006189688449e+02 1.685117350407403236e-01
2.517700568741057907e+02 1.337008820306237453e+02 1.633139186816978117e-01
2.518320336678470994e+02 1.340394097979726098e+02 1.693957950705725912e-01
2.519701005063368200e+02 1.366615242361822880e+02 1.735294416089131486e-01
2.520172562936956524e+02 1.376182370041907177e+02 1.734812432141733807e-01
2.520750588527767491e+02 1.391061556960355574e+02 1.712628486773345726e-01
2.520951918296110534e+02 1.398643253239439446e+02 1.785953465718257416e-01
2.520281859138922869e+02 1.398002138486671981e+02 1.589215228663331814e-01
2.521275253422085996e+02 1.410230730789134554e+02 1.719135270063215926e-01
2.521136378626295027e+02 1.431925830280768253e+02 1.611005976600947687e-01
2.519526006839098500e+02 1.421666383395399293e+02 1.499211068380838230e-01
2.517956552952278457e+02 1.400755142007691347e+02 1.466702519507666058e-01
2.516724373674544211e+02 1.388170921654777601e+02 1.556300798571298161e-01
2.517854334304065844e+02 1.332019081490801682e+02 1.803888342076691298e-01
2.518240822010938587e+02 1.333981567919148574e+02 1.675414252519000224e-01
2.519454330752605244e+02 1.346738224371137846e+02 1.772090085336526233e-01
2.520286082840356698e+02 1.364508630049415956e+02 1.787805298779312213e-01
2.520447534778946874e+02 1.386562668060192323e+02 1.775311767511237870e-01
2.520489949366318001e+02 1.396341462795912776e+02 1.844336942293837711e-01
2.519729467483840892e+02 1.390673674036793273e+02 1.746506884760175016e-01
2.520465444287729326e+02 1.410319365100303344e+02 1.719693356739150358e-01
2.519493498290225375e+02 1.403581051942649083e+02 1.656895921908453362e-01
2.518181233574494513e+02 1.390340749967022020e+02 1.503942121338190385e-01
2.517484525778531008e+02 1.372647651977148939e+02 1.519137299469310309e-01
2.517695419123093643e+02 1.301455451999472359e+02 1.830752605250073606e-01
2.517911906018203752e+02 1.242948511430629850e+02 1.963386977301092851e-01
2.517980157481912897e+02 1.246928747552028938e+02 1.938577487798195942e-01
2.518983648060395240e+02 1.264466532556747325e+02 1.979622226055544887e-01
2.519235167578208348e+02 1.306828938823553301e+02 1.963577234122434179e-01
2.519382882974297502e+02 1.365670236730220779e+02 1.905637690129983464e-01
2.519469969863319534e+02 1.373190936672382918e+02 1.877822142849895071e-01
2.519415074428468415e+02 1.417475012937463816e+02 1.649590059968950029e-01
2.518639016854217516e+02 1.412889709389047255e+02 1.708950188227415234e-01
2.519056643260849739e+02 1.412485147284147331e+02 1.589265963815689464e-01
2.520082964657893001e+02 1.426585727186938755e+02 1.647116721291514152e-01
2.519025365039421160e+02 1.418339413095757493e+02 1.498183681545595669e-01
2.519753236902720346e+02 1.425091082282270065e+02 1.631896175584215403e-01
2.518889572404135890e+02 1.487746686994551055e+02 1.427661819768444862e-01
2.518055993850899483e+02 1.459612725898265921e+02 1.467362076488315792e-01
2.517483244715933779e+02 1.453767275319377745e+02 1.475251392679932105e-01
2.519065699485545622e+02 1.491733987985915917e+02 1.462301245040638908e-01
2.518767123113920832e+02 1.470601795009690420e+02 1.351165893801179185e-01
2.519079423344258259e+02 1.473383311686334878e+02 1.406391107142494767e-01
2.520734327911436594e+02 1.485952425647634243e+02 1.631439559212996271e-01
2.517874843989406486e+02 1.458914483363943475e+02 1.485258901482481020e-01
2.517134757638177120e+02 1.456657454008584409e+02 1.420698420107355531e-01
2.517981400493145543e+02 1.413718201743259897e+02 1.576112875566965388e-01
2.517259388539943927e+02 1.380494223802903946e+02 1.584154397215654930e-01
2.518430470010451359e+02 1.396644694117766505e+02 1.707453501232864268e-01
2.519649686456758388e+02 1.429297368874998710e+02 1.779903298799606348e-01
2.519817594443485973e+02 1.436619846576899135e+02 1.775527391908758024e-01
2.519369590364379974e+02 1.435672595914805640e+02 1.629562358575762926e-01
2.519427288916398595e+02 1.435312376333066027e+02 1.498855922314334677e-01
2.520452037523718616e+02 1.445453749835110671e+02 1.542094955911152698e-01
2.521244304979147728e+02 1.459781103185152915e+02 1.754789398382563259e-01
2.520763246948280596e+02 1.468064682245740755e+02 1.830334040243122851e-01
2.520972263092206163e+02 1.478638547554058391e+02 1.629841401913730004e-01
2.519338121886129898e+02 1.466080481172184875e+02 1.428042333411127240e-01
2.520490532820570024e+02 1.480616546255238291e+02 1.690825055047640302e-01
2.520806612819758357e+02 1.500650361234284844e+02 1.647915799941147286e-01
2.520113012551876750e+02 1.497807911639658585e+02 1.524210814705076467e-01
2.520475363010015144e+02 1.507068865359052552e+02 1.554930949457641320e-01
2.518937428336597293e+02 1.454938610465647173e+02 1.506529614108431114e-01
2.519670335663768128e+02 1.461384359367231127e+02 1.673625838398392629e-01
2.518440173108339764e+02 1.440234218830859163e+02 1.507493582003226751e-01
2.517235784010309487e+02 1.429845879290925552e+02 1.457113575712067899e-01
2.517615333685097028e+02 1.428537939746933034e+02 1.427078365516331604e-01
2.518833066128197515e+02 1.439409556980649540e+02 1.546597700682895149e-01
2.517390640379093156e+02 1.429345009183062700e+02 1.415498066990695247e-01
2.518987224888636263e+02 1.440533530862193174e+02 1.435018416860305845e-01
2.520252978153443451e+02 1.461826211809114113e+02 1.447435845399843712e-01
2.520753949731611101e+02 1.492146705766557488e+02 1.555108522490893097e-01
2.520468374242777827e+02 1.539661444328317259e+02 1.379869306247526739e-01
2.520716963805542434e+02 1.570730002739698250e+02 1.431264015585838878e-01
2.518768467595458276e+02 1.555728493368915508e+02 1.214371239256831492e-01
2.518336812919199303e+02 1.519406868017574652e+02 1.286009274385850887e-01
2.518453770129171687e+02 1.467394635772341189e+02 1.507163803512902023e-01
2.517213143448569781e+02 1.457199191281671347e+02 1.347297338433907365e-01
2.518339780925612104e+02 1.461884011831437533e+02 1.308522998244563695e-01
2.518477146350620615e+02 1.397021884607969469e+02 1.454602185670363645e-01
2.517081523779565941e+02 1.386316881614595502e+02 1.400848291747420205e-01
2.519266965834948451e+02 1.404683704376414255e+02 1.524147395764629542e-01
2.518870749662611104e+02 1.401729865754786886e+02 1.497980740936165067e-01
2.517735880407098819e+02 1.385199338413613361e+02 1.336693691591155919e-01
2.517683750038051471e+02 1.385081188927560447e+02 1.390396850361741710e-01
2.517428717110937555e+02 1.382291123377743531e+02 1.473437610983145685e-01
2.517569291534332478e+02 1.381198820915059287e+02 1.584002191758581979e-01
2.519154891883390235e+02 1.392323187994033447e+02 1.564963825836369060e-01
2.519620260068390962e+02 1.400121307749287212e+02 1.562794898073078809e-01
2.520824788688090337e+02 1.419274018021125983e+02 1.607822345790504426e-01
2.520996311554423528e+02 1.441686487199521025e+02 1.489127456849752840e-01
2.521117200738703730e+02 1.451114917656847751e+02 1.685941796633215195e-01
2.521035555194772257e+02 1.453238602348022823e+02 1.550428204685898592e-01
2.520839324309240794e+02 1.457606366246917844e+02 1.484015890249718306e-01
2.518772399569765810e+02 1.425773495449056725e+02 1.500644336434942272e-01
2.518327262026767812e+02 1.428839737800732621e+02 1.499033495347586453e-01
2.518637444064494559e+02 1.429489185802274847e+02 1.477559842112205757e-01
2.518311711702570221e+02 1.425987166543211231e+02 1.431669896804700082e-01
2.518095174072307714e+02 1.422444787470446670e+02 1.399478442633763364e-01
2.518170591876287290e+02 1.422089463830909892e+02 1.437250763564043021e-01
2.517212864405231869e+02 1.402879219896297229e+02 1.341982831224442230e-01
2.518307234325374679e+02 1.371290664224614773e+02 1.512579781027082459e-01
2.518987998599709783e+02 1.380819436129516760e+02 1.530971273756735196e-01
2.519825521811042108e+02 1.387526978417266150e+02 1.684115331148339501e-01
2.520936279185396529e+02 1.394399676309728022e+02 1.766737526762792998e-01
2.521751846759545685e+02 1.423432956032916934e+02 1.972024636989984925e-01
2.520880914450386001e+02 1.425109423039847343e+02 1.829458858864953241e-01
2.519570603038020806e+02 1.417769784172661787e+02 1.681515154590009220e-01
2.519990233483171096e+02 1.422591817941979286e+02 1.708430152915749178e-01
2.520186210692940847e+02 1.428076541587604424e+02 1.794274030704914313e-01
2.519137844872198286e+02 1.418625813030816403e+02 1.592880843421172754e-01
2.519527845988371553e+02 1.421788363385455227e+02 1.670137796673803465e-01
2.520486816470659903e+02 1.445781536970705474e+02 1.510664529025580738e-01
2.521035098578400948e+02 1.469489743888950954e+02 1.590217247922395549e-01
2.519443968097736217e+02 1.515904886809875052e+02 1.508571703990826962e-01
2.519624255461639279e+02 1.524530179805379930e+02 1.521648689511014563e-01
2.518858649328773822e+02 1.519180487767754641e+02 1.320090612982110778e-01
2.520144442978762243e+02 1.532613976519771484e+02 1.278880985479599330e-01
2.519323827256953336e+02 1.468257171413785898e+02 1.333345171535550155e-01
2.518560149059877631e+02 1.465923874440644852e+02 1.330250327241732644e-01
2.518689561749753807e+02 1.466906753863481754e+02 1.271537072175827621e-01
2.517563089161956782e+02 1.445773241773295013e+02 1.266894805735101492e-01
2.518611911599070652e+02 1.452922053048675366e+02 1.360640683503972492e-01
2.517508764497569871e+02 1.431937093484591799e+02 1.305466205315014561e-01
2.516653750342462388e+02 1.419238186319773547e+02 1.326445190814908026e-01
2.518035928098142051e+02 1.427790522166187941e+02 1.381163052632647104e-01
2.519437613519903323e+02 1.443347847814837053e+02 1.517386936712970813e-01
2.518303923856683468e+02 1.426327358423557428e+02 1.327776988564296767e-01
2.517024332579070744e+02 1.405005339874785761e+02 1.397423668963277965e-01
2.517997255228257529e+02 1.411201357672676977e+02 1.378093575915008417e-01
2.518624316343822045e+02 1.415071650718917056e+02 1.423615691367921265e-01
2.518691654574788572e+02 1.416640559202849374e+02 1.421789225883045293e-01
2.517755311970451828e+02 1.390690175645097497e+02 1.432443607878154390e-01
2.517864062769530449e+02 1.350182519710606641e+02 1.635295430792178539e-01
2.518676789175147803e+02 1.356602964454952200e+02 1.740697709815222649e-01
2.519657499670221625e+02 1.370350871629917435e+02 1.634750027904333658e-01
2.518567366135300460e+02 1.359754264289555579e+02 1.572282371563961945e-01
2.518440223843492163e+02 1.358487800732615653e+02 1.572421893232945345e-01
2.520103892908240368e+02 1.383686543008188607e+02 1.599894978234619736e-01
2.520734327911436594e+02 1.394632880437540052e+02 1.786181773903867120e-01
2.520594768191088804e+02 1.409184445109638659e+02 1.647509918722285804e-01
2.520511778165619887e+02 1.437576546661119608e+02 1.461590952907631524e-01
2.521150914247445485e+02 1.453516859291128469e+02 1.645023896256760376e-01
2.519816744629684138e+02 1.444403341924485744e+02 1.478105245000050638e-01
2.518604681839859438e+02 1.433343928524317334e+02 1.340651033475053489e-01
2.518323266633519779e+02 1.371737704335826038e+02 1.432443607878154390e-01
2.518111181012876614e+02 1.300412083591237149e+02 1.701898002049700154e-01
2.519371835394871653e+02 1.317117976986534984e+02 1.928493876267110552e-01
2.517676773954602254e+02 1.289042259845156195e+02 1.621698409960325160e-01
2.516998698643342038e+02 1.275820628405597148e+02 1.544948808231271231e-01
2.518678222443201946e+02 1.294166763909042004e+02 1.771823725786648429e-01
2.517918793315136270e+02 1.292010913131272218e+02 1.740266461020182343e-01
2.518757204391634730e+02 1.335451910685837902e+02 1.570075392436403594e-01
2.519705977108299351e+02 1.349318652271412873e+02 1.686893080739921558e-01
2.519085295938143645e+02 1.344268323000273995e+02 1.580285841848383110e-01
2.517919960223640601e+02 1.330819791275583270e+02 1.482024535519680108e-01
2.517596358738115327e+02 1.327887159947641464e+02 1.524185447128897641e-01
2.517885333482156511e+02 1.327408689409544422e+02 1.587236557721382890e-01
2.518099207516920046e+02 1.327952506823878025e+02 1.560232772879016905e-01
2.517319382857606627e+02 1.316132281762742195e+02 1.465573662367708196e-01
2.517733356333268944e+02 1.279080349260788836e+02 1.678661302269890687e-01
2.517913935424298018e+02 1.275579801321143378e+02 1.694947286176700374e-01
2.517341452648882409e+02 1.248567822751671770e+02 1.638707369788231505e-01
2.517611617335186907e+02 1.247118611175939407e+02 1.668425485281732346e-01
2.519757003987782866e+02 1.261649450538299959e+02 2.021072845531755036e-01
2.517173696867611739e+02 1.231916342807277402e+02 1.807325648648922811e-01
2.519313185558746113e+02 1.265877959127761301e+02 2.047061927326967734e-01
2.518211370254994961e+02 1.258477247820925271e+02 1.839098537812909051e-01
2.519450373410721227e+02 1.283995164939980214e+02 1.911396129922578180e-01
2.519668230154945263e+02 1.368404024312285117e+02 1.791204553987275627e-01
2.517507140972694231e+02 1.345284433947905143e+02 1.490408519446783930e-01
2.517931147324735548e+02 1.300181948940142718e+02 1.715609176974358385e-01
2.516813071404653499e+02 1.275774002800580433e+02 1.717029761240372876e-01
2.516897088816957648e+02 1.273062500634189433e+02 1.743247151221195002e-01
2.517768883623707552e+02 1.235099415531044826e+02 1.756298769165203777e-01
2.516863831924587203e+02 1.215606411908554918e+02 1.675414252519000224e-01
2.518843263893821529e+02 1.258303670180921614e+02 1.912804030400503397e-01
2.518159024261549916e+02 1.254183684082353238e+02 1.847304948706761096e-01
2.518436367971912944e+02 1.300551681362949239e+02 1.792904181591257196e-01
2.517910383963632910e+02 1.297672309261194812e+02 1.765266207344420579e-01
2.518155320595427611e+02 1.301603852320118619e+02 1.846835648547452691e-01
2.519105425109841576e+02 1.314642152286633348e+02 1.907793934105184164e-01
2.519639716999320171e+02 1.324354192245639297e+02 1.950068999807206549e-01
2.519877220931294346e+02 1.335664490974216392e+02 1.839656624488843206e-01
2.518650685939259972e+02 1.327951809215533103e+02 1.698207019715680111e-01
2.517321780093555503e+02 1.318906391107142611e+02 1.695175594362309801e-01
2.516724779555763121e+02 1.310195013241874733e+02 1.596140576960152491e-01
2.517719607106980106e+02 1.314126581668374740e+02 1.715862852736146638e-01
2.519370998264857917e+02 1.336673549735669724e+02 1.724703453034469591e-01
2.519488335988473011e+02 1.339088707877139655e+02 1.787209160739109681e-01
2.519484530852046191e+02 1.339796133474038697e+02 1.809443841259855412e-01
2.520433861655386636e+02 1.360141272031739845e+02 2.017470649714361020e-01
2.520304930949457685e+02 1.377897395764629493e+02 1.927847003074550369e-01
2.520425236679485863e+02 1.382480872847561102e+02 1.880625260017655953e-01
2.519284647035545106e+02 1.372907314486915311e+02 1.670683199561648347e-01
2.518636327891142628e+02 1.367678435530841909e+02 1.587109719840488764e-01
2.519325450781828692e+02 1.376348489614514392e+02 1.633950949254700524e-01
2.520203105498675882e+02 1.385374564946068574e+02 1.662235796694097600e-01
2.521081711499629705e+02 1.395292855983196603e+02 1.786397398301386996e-01
2.520835887002668585e+02 1.399483262473237346e+02 1.820275796288216286e-01
2.520741126421852698e+02 1.404155893902649268e+02 1.726669440188328963e-01
2.520805204919280413e+02 1.405317487899666276e+02 1.639240088887986835e-01
2.520608238374039729e+02 1.405042909255106451e+02 1.666687806313482401e-01
2.520978402045641360e+02 1.423381650110095222e+02 1.608684843380584761e-01
2.521229794725573470e+02 1.437272503576828342e+02 1.867129709490517597e-01
2.520205908615843668e+02 1.433924972856693500e+02 1.736194965043479921e-01
2.520298246593134479e+02 1.435483036701809283e+02 1.544466824283873274e-01
2.519863040456210399e+02 1.435538642428793139e+02 1.525111363659425179e-01
2.518165949609846734e+02 1.411977339144199561e+02 1.327244269464541160e-01
2.518188945317652667e+02 1.411127461923268243e+02 1.463163742630719244e-01
2.520036541993485741e+02 1.437836817992714487e+02 1.452724985033130023e-01
2.520461778672971320e+02 1.441889453176527809e+02 1.549134458300778228e-01
2.520535737841320838e+02 1.445713019147446516e+02 1.552787389270529894e-01
2.520332061572181033e+02 1.449283251818855263e+02 1.519099248105041933e-01
2.520254766567564104e+02 1.449297318139846311e+02 1.491867155077066798e-01
2.518941550567726324e+02 1.431377256445901196e+02 1.335019431563352899e-01
2.517263155625006448e+02 1.417569113961299365e+02 1.278411685320290925e-01
2.517754588994530707e+02 1.387649491126421992e+02 1.434663270793802292e-01
2.517675150429726614e+02 1.387520243325790830e+02 1.563619344298891045e-01
2.518114199754441813e+02 1.386535448650952276e+02 1.499629633387788985e-01
2.518817985104159334e+02 1.392734371036316361e+02 1.527572018548771782e-01
2.518845229880975296e+02 1.412595217197187196e+02 1.437161977047416994e-01
2.519825572546194223e+02 1.421041897088817052e+02 1.477559842112205757e-01
2.518412750758490404e+02 1.411126713579770922e+02 1.424757232295968679e-01
2.518650584468955174e+02 1.413516250469300246e+02 1.464279915982587832e-01
2.520382086432405515e+02 1.429271113433653682e+02 1.616498056843664599e-01
2.519950507858875142e+02 1.428286838794126936e+02 1.673778043855465580e-01
2.520246154275451431e+02 1.431592855475844885e+02 1.593033048878245705e-01
2.520617472171769009e+02 1.439121749145112688e+02 1.603725482237623179e-01
2.519519956672180001e+02 1.430526034743432433e+02 1.464495540380107708e-01
2.518874440644945309e+02 1.427034048360747249e+02 1.486692169536585062e-01
2.520307061825856749e+02 1.437473059634098149e+02 1.596736715000355022e-01
2.518183732280747904e+02 1.403595904658501752e+02 1.568464551349047775e-01
2.518442709865957738e+02 1.403497021846556549e+02 1.606300291219774634e-01
2.517980905825410218e+02 1.398935411614291127e+02 1.449528670434597211e-01
2.517116848129394953e+02 1.385600031963145966e+02 1.432164564540187313e-01
2.516473361508254527e+02 1.376648182159491114e+02 1.398831569441202904e-01
2.517265628963683639e+02 1.379208100374425499e+02 1.466816673600470911e-01
2.517742932593276635e+02 1.379272445231403026e+02 1.515459000923379818e-01
2.518384148816348898e+02 1.383124143844303831e+02 1.608076021552292678e-01
2.519083266532049379e+02 1.387390500857424058e+02 1.580171687755578258e-01
2.517832137674909347e+02 1.377063512800478975e+02 1.499147649440391306e-01
2.516329108786313782e+02 1.364483452730058559e+02 1.531250317094702273e-01
2.517388217775568080e+02 1.368782622702966023e+02 1.563061257622956612e-01
2.517715954176010484e+02 1.368967780641495153e+02 1.534548101997950387e-01
2.517224901320128652e+02 1.356260020192590616e+02 1.520963764954186281e-01
2.517149483516149076e+02 1.354829162058223631e+02 1.551557061825856731e-01
2.517621688262929922e+02 1.357239906241438518e+02 1.542475469553835077e-01
2.516768246897545396e+02 1.343280623737963140e+02 1.487123418331625369e-01
2.516053680327952122e+02 1.338408438270540159e+02 1.503422086026524329e-01
2.517594215177928163e+02 1.346175267120577246e+02 1.611056711753305337e-01
2.516847114691885281e+02 1.340977260504713229e+02 1.474452314030298972e-01
2.517431393390224343e+02 1.342571638035128956e+02 1.644237501395216794e-01
2.518250816835953003e+02 1.348729807409361570e+02 1.680741443516554912e-01
2.518101439863623909e+02 1.348863697476433572e+02 1.605780255908108578e-01
2.518407474302645426e+02 1.351607771610638054e+02 1.640039167537620246e-01
2.519615490964069409e+02 1.361160541242605291e+02 1.724779555763006067e-01
2.519081351280048011e+02 1.359932763239337987e+02 1.701314547797587173e-01
2.519634085397408398e+02 1.363643900112631968e+02 1.727696827023571524e-01
2.520108712747714321e+02 1.396570544692595774e+02 1.586970198171505086e-01
2.518428174244807281e+02 1.385961900437337135e+02 1.502052236912867489e-01
2.517546701707745171e+02 1.339143603311990773e+02 1.783315237795659036e-01
2.517050829012389386e+02 1.313381371066757310e+02 1.720758794938661296e-01
2.517464992744873200e+02 1.275720718206816713e+02 1.840633276171728394e-01
2.518113933394892001e+02 1.280612652332295056e+02 1.897456646812310244e-01
2.519621756755385604e+02 1.309128496920376392e+02 1.832984951953810782e-01
2.518550484013353525e+02 1.303501588010268790e+02 1.871505616381365922e-01
2.519628618684741923e+02 1.325456007549390733e+02 1.800019786709419478e-01
2.520326607543302373e+02 1.335999520552810225e+02 1.894437905247029486e-01
2.520162973993161017e+02 1.340446266400138029e+02 1.773041369443232318e-01
2.520183534413653774e+02 1.341485208166330096e+02 1.746709825369605618e-01
2.520599854390112853e+02 1.363909587421740923e+02 1.695353167395561578e-01
2.520538223863786129e+02 1.369957001958376850e+02 1.814022688760134339e-01
2.519852487544520159e+02 1.366718729388844338e+02 1.678115899382045806e-01
2.520414683767795339e+02 1.383398380026585244e+02 1.681680043835171723e-01
2.520745502328743441e+02 1.407698691540420555e+02 1.763427058071455333e-01
2.520692052845734565e+02 1.417842487645990275e+02 1.903798540857018218e-01
2.520432035189901683e+02 1.424753313005448945e+02 1.639049832066645784e-01
2.520165751742752605e+02 1.423750152205457198e+02 1.543008188653590407e-01
2.519767937413116101e+02 1.422184021471116466e+02 1.458737100587512991e-01
2.520733262473237346e+02 1.429172547716410691e+02 1.540636320280869831e-01
2.518785857068928919e+02 1.432488559223143341e+02 1.386147781351787511e-01
2.517711629004271856e+02 1.422751671723270306e+02 1.328931213280433454e-01
2.519746108613814215e+02 1.437069448813304859e+02 1.451240981826668330e-01
2.517671789225883003e+02 1.419418181956550313e+02 1.308700571277815472e-01
2.518475256466195162e+02 1.425196395774776477e+02 1.413899909691428702e-01
2.520878212803523013e+02 1.441617246400340946e+02 1.632314740591165880e-01
2.520010197765624014e+02 1.438847081714036449e+02 1.501988817972420287e-01
2.518228265060729996e+02 1.427963402197846676e+02 1.432025042871203635e-01
2.518154787876327987e+02 1.426445698166431555e+02 1.497498756988767110e-01
2.516766826313279353e+02 1.408820077929194099e+02 1.397601241996529742e-01
2.516561754827449704e+02 1.399925305171941545e+02 1.358839585595275623e-01
2.517359970979492800e+02 1.403282856084666719e+02 1.433242686527787524e-01
2.517289766212417987e+02 1.398763914115534135e+02 1.382735842355734546e-01
2.517153402806668510e+02 1.391956880194011319e+02 1.396244076670962175e-01
2.517830869296100502e+02 1.396008272366591996e+02 1.390866150521050115e-01
2.517441515053119758e+02 1.390085082850503682e+02 1.415929315785735276e-01
2.516368124118476715e+02 1.381971568020618690e+02 1.391449604773163096e-01
2.518546412517376893e+02 1.394667354973566944e+02 1.422664407261214903e-01
2.519985210703087830e+02 1.410998049233391782e+02 1.591561729459873564e-01
2.520456134387271447e+02 1.420191613986666823e+02 1.570823735933679077e-01
2.521222260555448429e+02 1.429286613022698873e+02 1.524401071526417795e-01
2.519642824527402070e+02 1.416110389544499810e+02 1.424313299712839098e-01
2.517566526468528991e+02 1.382538951913222718e+02 1.449351097401345434e-01
2.517963922233158485e+02 1.343020466560461159e+02 1.652114133798743834e-01
2.517979371087051277e+02 1.296604372355430144e+02 1.705639719536077847e-01
2.517508016154072550e+02 1.256519403659019218e+02 1.788376069243335920e-01
2.517533320311310945e+02 1.255057216568071397e+02 1.784279205690454673e-01
2.518929412182524743e+02 1.264525791214701087e+02 1.971301661068888267e-01
2.519208227212306213e+02 1.269635696238495797e+02 1.846911751275989166e-01
2.518722526914998241e+02 1.334630191474464880e+02 1.809355054743229385e-01
2.519560240383151779e+02 1.352884521719718691e+02 1.910051648385100165e-01
2.520045002080141217e+02 1.365190231453765080e+02 1.903329240697709812e-01
2.518460809631561403e+02 1.354569854694523769e+02 1.610739617051069883e-01
2.518241215208369397e+02 1.352958125742001698e+02 1.539685036174163746e-01
2.517632393380077360e+02 1.342437862122149852e+02 1.511197248125336068e-01
2.517201448995951409e+02 1.337998105042059365e+02 1.530514657385516064e-01
2.518152149648405498e+02 1.344325070268185982e+02 1.657086178729794690e-01
2.518469624864283389e+02 1.344811962841574484e+02 1.731096082231534938e-01
2.517940152814279031e+02 1.342607748779819588e+02 1.630336069649217234e-01
2.518266696938640905e+02 1.343353276476139229e+02 1.691015311868981630e-01
2.518082705908615821e+02 1.341712755324654154e+02 1.706603687430873484e-01
2.517903433247760177e+02 1.338271516778114858e+02 1.603091292833152270e-01
2.519333492303477442e+02 1.355295329321874078e+02 1.732706923318890757e-01
2.519823187994033447e+02 1.363242318697932944e+02 1.799296810788322820e-01
2.519884970725817084e+02 1.367305620947529690e+02 1.814263680733833317e-01
2.520194467838987009e+02 1.373287891548538369e+02 1.744198435327901364e-01
2.517777216872482313e+02 1.355661370762346394e+02 1.602165376302625011e-01
2.516679308175462495e+02 1.338418293573885478e+02 1.555527087497843852e-01
2.518992767704031337e+02 1.360193795598218287e+02 1.656261732503982731e-01
2.518246656553459673e+02 1.352487848931010319e+02 1.601467767957707178e-01
2.518232552181104325e+02 1.311780702377449188e+02 1.700299844750433886e-01
2.518757673691794139e+02 1.319214670576655806e+02 1.786054936022972994e-01
2.518110026788160383e+02 1.316451342452131428e+02 1.711131799778794760e-01
2.517239474992643409e+02 1.295824078395957315e+02 1.747001552495662247e-01
2.517285796186745870e+02 1.296923978447707384e+02 1.685497864050085615e-01
2.516665305273411661e+02 1.274491709876104721e+02 1.651429209241915275e-01
2.517838961552901651e+02 1.231315207354567747e+02 1.789847388661708061e-01
2.518901178070237847e+02 1.247321183955515380e+02 1.901490091424744566e-01
2.518242724579151854e+02 1.242234908828931168e+02 1.817586833213260256e-01
2.518467468620308125e+02 1.296328791691611571e+02 1.904927397996976079e-01
2.518409009041004083e+02 1.352742691601302738e+02 1.567919148461202894e-01
2.517490537894085207e+02 1.334194769713143387e+02 1.553434262463090076e-01
2.516892332396424194e+02 1.330309776156507837e+02 1.538746435855546935e-01
2.517859192194904097e+02 1.337256839098537853e+02 1.684673417824273656e-01
2.516007980639465984e+02 1.312234452212559859e+02 1.545253219145417134e-01
2.516734710961837038e+02 1.314917910523485318e+02 1.691890493247151239e-01
2.518636061531592816e+02 1.332542262381913929e+02 1.789771285933171585e-01
2.518580113342330264e+02 1.333524571034286907e+02 1.807414435165548838e-01
2.517132284299499645e+02 1.323014682753092188e+02 1.615457986220332487e-01
2.517180888575458368e+02 1.293138108694990365e+02 1.644567279885541522e-01
2.516717308804578295e+02 1.273739206096335863e+02 1.658735071181418885e-01
2.516774994672809100e+02 1.269641619567533581e+02 1.656185629775446255e-01
2.518222037320778099e+02 1.276954685898671755e+02 1.763642682468975487e-01
2.517170361031344044e+02 1.265405437286278101e+02 1.621241793589106028e-01
2.518197113677182415e+02 1.271396776795770762e+02 1.850983247252691588e-01
2.519283543545981274e+02 1.280715441750971593e+02 1.964198739738815536e-01
2.519329915475236135e+02 1.285441446560664076e+02 1.885140688577487678e-01
2.518766083043297499e+02 1.373476448742275693e+02 1.552914227151424020e-01
2.520564986656654867e+02 1.406104643788495423e+02 1.730411157674706379e-01
2.520203714320504105e+02 1.420321483292914309e+02 1.804332274659820878e-01
2.520671048492658599e+02 1.434774837393836719e+02 1.715900904100415014e-01
2.520706499680368609e+02 1.447547006118659283e+02 1.804763523454860907e-01
2.520212504185650175e+02 1.444139963064808967e+02 1.571026676543109679e-01
2.519822883583119335e+02 1.443130637943805823e+02 1.493807774654747345e-01
2.518216431086442526e+02 1.407851619973414756e+02 1.488949883816501063e-01
2.519218260088684929e+02 1.416494543434363891e+02 1.668920153017219576e-01
2.518807444876256909e+02 1.416996402877697960e+02 1.544631713529035777e-01
2.519280372598958877e+02 1.421801541841280141e+02 1.482861665533581619e-01
2.520062036407545349e+02 1.435573954094834050e+02 1.606376393948311110e-01
2.520592776836358837e+02 1.441729345719475077e+02 1.627380747024383401e-01
2.521250266359549812e+02 1.453454594575397607e+02 1.527013931872837349e-01
2.520670870919625486e+02 1.452905310448397245e+02 1.428993617517833326e-01
2.520507617883126557e+02 1.453622604032429990e+02 1.417540156873091095e-01
2.521302751874663954e+02 1.461280720134752471e+02 1.487973232133616153e-01
2.518971027691246150e+02 1.413854539781432891e+02 1.426076346257267868e-01
2.517236532353806524e+02 1.399013239338007679e+02 1.338494789499852788e-01
2.519287691144686505e+02 1.415360359103408427e+02 1.497676330022019164e-01
2.520053525585737475e+02 1.430912712707126389e+02 1.695581475581171282e-01
2.519853679820600405e+02 1.432095247638278579e+02 1.544010207912654420e-01
2.520436385729216227e+02 1.442172834370021519e+02 1.512668567543708209e-01
2.520758249535773245e+02 1.465268744102038454e+02 1.474718673580176775e-01
2.518587330417753378e+02 1.424433935221357501e+02 1.435779444145670880e-01
2.518760552911690525e+02 1.426519048512952565e+02 1.599374942922953680e-01
2.520058066381873232e+02 1.441736638897626506e+02 1.550149161347931515e-01
2.520775068238779966e+02 1.455375719170784805e+02 1.587185822569025240e-01
2.520756613327109790e+02 1.460934731763249488e+02 1.469467585311158564e-01
2.520701375429980544e+02 1.463105295735203129e+02 1.401279540542460234e-01
2.520389468397073642e+02 1.463083390833172643e+02 1.343619039887976874e-01
2.520351201408407746e+02 1.463498429747034493e+02 1.387847408955769080e-01
2.519039697719962305e+02 1.424465632007792806e+02 1.371345800651439240e-01
2.518014314923237578e+02 1.415614884678998635e+02 1.317300179602439447e-01
2.517959089709896432e+02 1.406241172083489630e+02 1.346105062353502302e-01
2.517666056153666716e+02 1.398820242818439112e+02 1.367007945124859292e-01
2.516536970705523117e+02 1.392245981775933217e+02 1.357444368905439958e-01
2.518443508944607458e+02 1.402280786090450704e+02 1.489761646254223748e-01
2.519838281701860012e+02 1.443201375429980544e+02 1.645505880204158333e-01
2.520142121845541965e+02 1.468622451826972792e+02 1.573804426134691736e-01
2.518924605026838890e+02 1.459964244401375879e+02 1.424719180931700302e-01
2.518653248064453862e+02 1.455866239307566730e+02 1.410957270854684420e-01
2.518329887570902486e+02 1.421358078558309899e+02 1.398742782924577155e-01
2.518702106016174298e+02 1.417689292853446545e+02 1.449883816501101041e-01
2.518232488762163825e+02 1.414439198993414664e+02 1.308599100973100171e-01
2.518477133666832515e+02 1.414352974601982851e+02 1.372500025367576204e-01
2.519372761311402087e+02 1.419571528954551525e+02 1.391576442654057222e-01
2.521057117634524332e+02 1.431503409402238560e+02 1.703965459508274827e-01
2.521950119734959515e+02 1.453900404359164327e+02 1.798485048350600135e-01
2.521127918539639268e+02 1.483827700885835839e+02 1.725083966677151970e-01
2.521032473034266559e+02 1.497567224076873913e+02 1.722661363152073466e-01
2.518915536118354908e+02 1.481900906637172568e+02 1.497054824405637807e-01
2.517854042576939833e+02 1.471529842416616702e+02 1.299631662793883369e-01
2.518871180911406213e+02 1.431801110592485031e+02 1.452674249880772372e-01
2.520236819007417353e+02 1.443090760114052671e+02 1.586018914064799001e-01
2.519816769997260337e+02 1.444866173351868497e+02 1.688034621667968971e-01
2.519461649298332873e+02 1.443646056356607232e+02 1.407405810189648054e-01
2.520216626416779206e+02 1.452182778459883821e+02 1.448615437692159502e-01
2.520888955972034751e+02 1.464081883999147635e+02 1.452712301245040749e-01
2.519644574890158424e+02 1.457023584235573423e+02 1.278589258353542701e-01
2.518096366348388244e+02 1.438752498706253675e+02 1.172831833263995316e-01
2.516704092297389082e+02 1.423324776004302237e+02 1.208371807490537936e-01
2.518572198658562513e+02 1.377834826637984520e+02 1.513657903014682671e-01
2.519329420807500810e+02 1.383806480908362175e+02 1.570633479112337749e-01
2.519799342472425394e+02 1.390877172732899680e+02 1.500948747349088175e-01
2.519730634392344939e+02 1.392737224888636263e+02 1.497714381386287263e-01
2.518401271930269729e+02 1.377641538391289657e+02 1.379679049426185411e-01
2.516884810910087253e+02 1.369725319885135661e+02 1.295813842578969199e-01
2.518197887388255936e+02 1.375621987600328850e+02 1.368656837576483210e-01
2.517663062779677432e+02 1.369605661028300005e+02 1.361249505332264575e-01
2.517030852046148652e+02 1.350971235705370930e+02 1.430731296486083270e-01
2.517464612231230490e+02 1.357107753853334771e+02 1.565433125995677466e-01
2.518836820529471936e+02 1.368574659313451889e+02 1.603281549654493598e-01
2.518344004627045933e+02 1.367584207669125647e+02 1.536539456727988584e-01
2.518238158415439614e+02 1.365348575864273357e+02 1.481200089293868150e-01
2.518495537843350007e+02 1.367831858631571436e+02 1.434967681707948195e-01
2.517615714198739738e+02 1.361197831579588353e+02 1.406162798956885340e-01
2.516995654534200639e+02 1.353376335602885945e+02 1.399212083083885561e-01
2.519066320991161945e+02 1.375774015484368533e+02 1.520570567523414351e-01
2.520463414881634776e+02 1.398542594697161974e+02 1.544707816257572253e-01
2.520732514129740025e+02 1.406388849428214769e+02 1.666713173889661226e-01
2.520050062911588782e+02 1.403216773548720937e+02 1.547587036153869611e-01
2.518642568314882624e+02 1.390704318068817145e+02 1.324212844111170850e-01
2.517776417793832593e+02 1.379936238597274496e+02 1.302904080120952657e-01
2.517455733579568005e+02 1.373268688293370872e+02 1.410614808576270141e-01
2.516847368367647277e+02 1.365030060577771849e+02 1.382101652951263915e-01
2.516594212641170429e+02 1.351124088035636248e+02 1.324758246999015732e-01
2.516499134965652331e+02 1.344159901979685685e+02 1.349428214832929240e-01
2.516460284522734412e+02 1.336512795405424470e+02 1.402839646477458402e-01
2.516596521090602891e+02 1.314162552891396274e+02 1.435018416860305845e-01
2.517264360584874794e+02 1.318213057198810816e+02 1.552305405323132215e-01
2.519274297064464179e+02 1.346830613083581056e+02 1.551366805004515403e-01
2.519663676675021122e+02 1.377194561699018891e+02 1.762031841381619668e-01
2.519713295654026979e+02 1.450866277358931029e+02 1.566942496778317706e-01
2.520602999969559050e+02 1.467867829854592969e+02 1.575732361924282732e-01
2.520464581790139107e+02 1.469593953891893534e+02 1.385513591947316603e-01
2.519886201053261630e+02 1.466987689115280489e+02 1.301737171616726418e-01
2.519887406013130260e+02 1.467616031293441949e+02 1.303779261499122266e-01
2.518823794279104220e+02 1.430160513338271642e+02 1.335843877789165135e-01
2.517970631957057890e+02 1.423327845481020120e+02 1.343086320788221266e-01
2.518322289981836946e+02 1.418725494921411325e+02 1.428448214629988444e-01
2.519597505352558642e+02 1.429605026838895583e+02 1.451443922436099210e-01
2.519420667979015889e+02 1.467951377966737994e+02 1.317401649907154748e-01
2.518826774969305120e+02 1.500314291585067679e+02 1.113915637588659691e-01
2.517678270641596612e+02 1.480169518827815125e+02 1.069458960335257919e-01
2.517088994530750483e+02 1.461536032105204299e+02 1.131774411218556958e-01
2.518463473227060092e+02 1.414444944749419051e+02 1.393884892086330873e-01
2.516913171860255147e+02 1.398333515134295908e+02 1.293315136325354497e-01
2.516685371026169094e+02 1.390096028959625016e+02 1.284956519974429501e-01
2.517877342695660161e+02 1.396217833913405286e+02 1.442844314111475235e-01
2.518271973394486167e+02 1.399633222899818463e+02 1.561501151687958444e-01
2.519523305192235512e+02 1.410495314608679678e+02 1.696697648933039870e-01
2.519400348550496744e+02 1.413034735822061805e+02 1.631845440431857752e-01
2.519117423973374059e+02 1.410720984566366667e+02 1.498881289890513502e-01
2.519860617852685323e+02 1.417749363273837844e+02 1.512579781027082459e-01
2.520489923998741801e+02 1.424620323487331461e+02 1.664899392192874805e-01
2.520298665158141489e+02 1.426240842304999319e+02 1.528853081145802595e-01
2.521056699069517322e+02 1.436880485738348625e+02 1.511171880549157243e-01
2.521442489168044858e+02 1.457252678816044522e+02 1.443592657608750718e-01
2.521267630465444256e+02 1.458795991415612150e+02 1.470634493815384802e-01
2.520988790068086587e+02 1.456148415541191810e+02 1.445076660815212410e-01
2.521284842365881502e+02 1.460670236730220779e+02 1.431289383162017703e-01
2.520944929528873502e+02 1.460989094479000698e+02 1.403017219510710178e-01
2.520083928625787735e+02 1.455231466448843776e+02 1.313025743016306146e-01
2.521289053383527232e+02 1.462704551450518125e+02 1.461223123053038420e-01
2.521497980740936100e+02 1.472081993079725351e+02 1.381784558249028461e-01
2.520774002800580433e+02 1.467947826506072886e+02 1.294849874684173563e-01
2.519347786932654287e+02 1.456458305851792545e+02 1.224873415794867637e-01
2.518515578228531524e+02 1.450515862345384619e+02 1.224848048218688812e-01
2.517982744974683271e+02 1.445543982303578900e+02 1.149214619841503332e-01
2.517940989944292767e+02 1.443722501547422041e+02 1.219000821909468207e-01
2.518694254751347046e+02 1.447618225588781513e+02 1.357672677091049385e-01
2.517277615143428307e+02 1.421514266724842912e+02 1.256633621170764326e-01
2.517987602865521524e+02 1.384716986636360900e+02 1.439521161632048296e-01
2.517947648933039773e+02 1.384169135777414681e+02 1.482506519467078065e-01
2.518171302168420311e+02 1.382103897981755551e+02 1.377129608020212781e-01
2.517692349646376044e+02 1.367926568477235207e+02 1.346422157055737756e-01
2.518604656472283523e+02 1.378145439924506093e+02 1.466651784355308408e-01
2.519955543322746507e+02 1.404792277602459762e+02 1.371967306267820597e-01
2.519996448539334892e+02 1.437010849712331719e+02 1.507125752148633646e-01
2.520441471928240276e+02 1.464600765086097454e+02 1.658189668293574004e-01
2.520897314588385711e+02 1.477383372568517927e+02 1.687032602408904958e-01
2.519931418757800543e+02 1.471080303599151762e+02 1.387289322279834924e-01
2.519889194427250914e+02 1.470096789986910437e+02 1.326508609755355228e-01
2.519939054398230383e+02 1.470693511481364908e+02 1.280720134752564576e-01
2.520320506641231475e+02 1.472656441842294726e+02 1.320953110572191114e-01
2.520759200819880164e+02 1.481552660551389522e+02 1.400429726740469449e-01
2.521269634503962322e+02 1.498463676167669405e+02 1.300316587350711928e-01
2.521011050116183583e+02 1.501860978072267017e+02 1.257901999979705865e-01
2.520637499873162142e+02 1.500887357814735594e+02 1.183651104504266777e-01
2.520278535986443558e+02 1.498685959553936584e+02 1.160820285943318653e-01
2.519241915353471768e+02 1.450933336546559644e+02 1.345889437955982149e-01
2.519365100303396332e+02 1.454775928199612451e+02 1.354336840823532895e-01
2.519423433044819376e+02 1.455594882345181702e+02 1.259233797729094606e-01
2.519553606761980973e+02 1.456337492770240658e+02 1.231063104382502521e-01
2.520394224817607096e+02 1.462781060060273433e+02 1.359283518178405203e-01
2.520919105336323298e+02 1.470164242371969863e+02 1.308066381873344841e-01
2.519786290854481479e+02 1.462471512211951108e+02 1.186416170307759421e-01
2.519174386865683744e+02 1.458549329788637294e+02 1.239256831488265015e-01
2.518857710728455288e+02 1.457190299946220762e+02 1.281823624316343890e-01
2.518617175371127530e+02 1.451606021247881699e+02 1.193176629359418012e-01
2.518900746821442738e+02 1.453308895901614335e+02 1.223211839555154168e-01
2.520141322766892245e+02 1.463304405840630693e+02 1.265398118740550526e-01
2.518916944018832851e+02 1.473723211839555063e+02 1.184526285882436525e-01
2.519867847611896252e+02 1.479641074164645715e+02 1.116896327789672350e-01
2.520287325851589628e+02 1.482409082606974948e+02 1.156799525118973881e-01
2.518413410315471310e+02 1.470303573784132141e+02 1.053198344004627057e-01
2.516832934216801334e+02 1.458864382400990394e+02 9.845536828647095950e-02
2.516700020801412450e+02 1.451952060354537366e+02 1.129351807693478454e-01
2.516692068066280399e+02 1.437719848098953719e+02 1.156850260271331532e-01
2.516771062698501282e+02 1.427153225233635396e+02 1.223338677436048294e-01
2.517202844212641253e+02 1.427003176020537580e+02 1.275240738297937215e-01
2.517478792706314437e+02 1.412915876043875869e+02 1.208841107649846341e-01
2.516709812685817553e+02 1.396318999807206467e+02 1.232635894105589963e-01
2.516857540765694807e+02 1.395614948097939134e+02 1.320610648293776834e-01
2.517103796511451037e+02 1.385427570496494241e+02 1.354362208399711720e-01
2.517080610546823607e+02 1.379255068441720482e+02 1.200241499325222505e-01
2.517996659090217122e+02 1.382504464693407442e+02 1.362657405810189515e-01
2.518512229708475729e+02 1.386634432933201992e+02 1.375734391330377115e-01
2.518129521770453891e+02 1.383355927387849817e+02 1.387783990015321878e-01
2.518054142017838615e+02 1.382538381142758510e+02 1.382317277348783791e-01
2.518343573378250824e+02 1.382973003825430567e+02 1.390320747633205234e-01
2.517563964343334817e+02 1.379269591379082840e+02 1.316805511866952216e-01
2.517938034621668066e+02 1.380270494464794808e+02 1.339813903461151978e-01
2.519584326896733728e+02 1.390371888666781786e+02 1.457215046016783200e-01
2.519789994520603500e+02 1.396095397306978043e+02 1.455654940081785031e-01
2.520188823553287136e+02 1.400894245111668113e+02 1.481377662327119926e-01
2.520934186360361764e+02 1.408213615285486640e+02 1.455312477803370752e-01
2.520752782823106770e+02 1.410023224015991730e+02 1.488911832452232964e-01
2.520702098405901381e+02 1.411911320027193995e+02 1.419709084636381069e-01
2.520372801899524120e+02 1.410714198739738947e+02 1.466639100567219134e-01
2.519381804852309870e+02 1.403264984627248850e+02 1.275608568152530042e-01
2.518459401731083460e+02 1.397443341518604711e+02 1.298528173230104332e-01
2.519406474820143842e+02 1.403513777130622771e+02 1.357419001329260855e-01
2.519996258282513679e+02 1.407397743300423087e+02 1.467653803614372143e-01
2.518862708140962638e+02 1.399559872553297168e+02 1.300532211748231803e-01
2.518277693782914355e+02 1.392678207222656397e+02 1.228323406155188702e-01
2.518065925256973685e+02 1.391088484642469325e+02 1.279680064129232464e-01
2.518191139612992231e+02 1.391610650830534439e+02 1.352738683524266627e-01
2.518482536960558491e+02 1.392749173017016631e+02 1.327485261438240138e-01
2.517905602175523256e+02 1.389070329068198077e+02 1.327472577650150587e-01
2.517622005357632133e+02 1.386803672717679206e+02 1.252308449432273652e-01
2.518617137319763231e+02 1.390070458442836809e+02 1.322500532719099731e-01
2.519105349007112977e+02 1.392660957270854567e+02 1.415941999573824828e-01
2.517864709642722971e+02 1.382729728769875521e+02 1.303652423618228140e-01
2.516994500309484408e+02 1.375768117522906948e+02 1.278842934115331231e-01
2.517976339661697978e+02 1.380704254649876646e+02 1.379793203518990263e-01
2.519492128441111731e+02 1.391447790991466320e+02 1.540471431035707328e-01
2.519455928909904401e+02 1.392673704477884655e+02 1.422423415287516202e-01
2.519302023825227650e+02 1.391262734523241704e+02 1.449046686487199531e-01
2.520288239084331963e+02 1.401536577508092307e+02 1.468630455297257331e-01
2.521162557964911457e+02 1.409988356282534028e+02 1.551734634859108508e-01
2.519989700764071472e+02 1.405587652585970773e+02 1.413925277267607528e-01
2.520343426246309093e+02 1.408413220058649813e+02 1.387187851975119346e-01
2.520600146117238864e+02 1.414049806699069620e+02 1.397867601546407545e-01
2.520315889742366835e+02 1.412966598512445273e+02 1.373616198719444792e-01
2.521128273685705778e+02 1.419639006707187150e+02 1.434574484277176265e-01
2.521455540785989058e+02 1.424655470264127075e+02 1.479348256232813352e-01
2.520592117279378215e+02 1.420765276354374862e+02 1.388735274122028240e-01
2.519579050440888466e+02 1.415803048675305149e+02 1.309918214934399361e-01
2.520153448468305726e+02 1.419242004139988467e+02 1.353322137776379608e-01
2.521047947255735551e+02 1.429068312345891911e+02 1.507633103672210428e-01
2.521003579364998757e+02 1.431724424409696610e+02 1.489203559578289315e-01
2.518832076792726582e+02 1.418302718896814838e+02 1.300849306450467258e-01
2.518673034773873383e+02 1.414323763838012837e+02 1.216451380503495716e-01
2.519309913141419202e+02 1.418482435490253692e+02 1.248909194224310237e-01
2.518661086645493299e+02 1.415584468955160276e+02 1.205289646984809837e-01
2.518861731489279521e+02 1.416009274385851029e+02 1.315930330488782329e-01
2.520071663402705155e+02 1.423326615153575290e+02 1.473894227354364816e-01
2.521194698683930255e+02 1.433461456504753926e+02 1.634838814420959685e-01
2.521470304715325028e+02 1.438945685482643455e+02 1.700160323081450209e-01
2.521751745289241171e+02 1.445844854440847769e+02 1.490763665513287484e-01
2.521996187253300263e+02 1.452127718135787688e+02 1.598410975028158043e-01
2.521628306663554895e+02 1.455027295511968362e+02 1.496103540298931445e-01
2.521706362695457244e+02 1.459535633834258306e+02 1.377421335146269410e-01
2.521853266329108862e+02 1.465636345648445911e+02 1.413735020446266477e-01
2.521467552333309641e+02 1.466449173524368064e+02 1.330909884222382378e-01
2.521737184300514514e+02 1.469496174569512164e+02 1.393263386469949516e-01
2.521757237369483846e+02 1.475453115645706248e+02 1.392933607979624788e-01
2.521021755233331021e+02 1.473900176050978814e+02 1.329324410711205384e-01
2.520745667217988739e+02 1.470759213503668263e+02 1.357545839210155258e-01
2.520946806729510570e+02 1.472448351614899877e+02 1.278297531227486350e-01
2.521533165569096298e+02 1.479867327576584728e+02 1.367489929072256971e-01
2.522033363436190427e+02 1.488563916144940151e+02 1.429589755558035857e-01
2.521832376130125510e+02 1.496648613408285939e+02 1.305073007884242631e-01
2.522083439031567309e+02 1.503958229749063946e+02 1.257204391634788032e-01
2.519541189333441480e+02 1.476432392872725927e+02 1.301318606609775663e-01
2.519553568710616958e+02 1.480125658288601755e+02 1.289040699739221196e-01
2.520217577700885840e+02 1.485016970908463634e+02 1.289700256719870930e-01
2.520757184097573713e+02 1.488139072662885098e+02 1.312505707704640368e-01
2.518719685746466155e+02 1.458051427687187243e+02 1.288533348215644692e-01
2.517862515347383692e+02 1.454907256141490279e+02 1.174696350113139387e-01
2.518305902527625335e+02 1.455102928940345635e+02 1.237240109182047854e-01
2.519417763391543588e+02 1.462337013323050883e+02 1.274226035250783928e-01
2.519523761808606821e+02 1.463892426256456076e+02 1.280593296871670450e-01
2.518922068269220915e+02 1.461103451512414892e+02 1.209703605239926538e-01
2.518966930827693318e+02 1.462450786902213054e+02 1.279274182910371260e-01
2.519706953759982184e+02 1.467244447037574560e+02 1.243848362776633354e-01
2.519647517528995024e+02 1.466284690160424589e+02 1.202613367697943220e-01
2.519877094093413632e+02 1.468551359194731560e+02 1.292059441304502232e-01
2.520886584103662074e+02 1.478292292823005312e+02 1.377459386510537787e-01
2.519908905033941835e+02 1.473528705949204038e+02 1.207065377317328020e-01
2.518816602571257590e+02 1.466421522866333191e+02 1.169014013049081147e-01
2.518855617903420523e+02 1.465796656046108239e+02 1.176814542724071849e-01
2.518075818611683303e+02 1.459890741849397671e+02 1.089232985966656908e-01
2.517730921045955768e+02 1.454267079989041349e+02 1.101016225101724005e-01
2.517856376393948210e+02 1.455183115848646764e+02 1.105328713052125267e-01
2.518010598573327457e+02 1.451299428722184359e+02 1.163953181601404402e-01
2.517744771742549403e+02 1.445914666010492056e+02 1.179503505799027879e-01
2.518069946017797918e+02 1.446711639151302506e+02 1.134704366267211967e-01
2.518392659638156772e+02 1.447747701697598188e+02 1.231950969548761543e-01
2.517922864811112902e+02 1.444833855059816869e+02 1.189358809144503842e-01
2.517768236750515030e+02 1.440180439569359976e+02 1.121196131951984198e-01
2.517466387961563044e+02 1.432460870513744169e+02 1.147007640713945120e-01
2.516987372020578277e+02 1.417221261072947129e+02 1.083550648902598668e-01
2.517169143387687598e+02 1.415776146360767598e+02 1.234081845947783418e-01
2.516974840437945886e+02 1.406330618157096239e+02 1.244495235969193675e-01
2.518128507067406758e+02 1.363438942780895218e+02 1.420977463445322608e-01
2.517046922405658052e+02 1.348545714909031972e+02 1.426139765197714793e-01
2.517257790382644487e+02 1.349298041115767433e+02 1.358941055899990924e-01
2.516799690008218988e+02 1.339449663118588205e+02 1.367832391350671251e-01
2.516497866586843486e+02 1.333140670820184539e+02 1.379653681850006586e-01
2.517393418128684743e+02 1.336860610242412690e+02 1.470634493815384802e-01
2.518221479234102276e+02 1.343289185294923413e+02 1.493414577223975415e-01
2.519717100790453799e+02 1.353919709084636338e+02 1.468605087721078506e-01
2.519969038873273632e+02 1.358118309301782745e+02 1.489381132611541370e-01
2.520814781179287820e+02 1.364283911375835885e+02 1.690964576716623979e-01
2.520874394983308093e+02 1.366780524804416075e+02 1.771126117441730596e-01
2.520981192479021047e+02 1.371242541932603558e+02 1.825146370914551841e-01
2.520868471654270309e+02 1.372750720439163388e+02 1.742118294081237140e-01
2.519013125183915065e+02 1.358009774127101821e+02 1.515078487280697439e-01
2.517964125173767798e+02 1.353194171038345530e+02 1.467882111799981848e-01
2.518614143945774231e+02 1.357283513104889892e+02 1.578091546508914034e-01
2.518611188623149530e+02 1.355309560532110140e+02 1.488303010623940881e-01
2.517807226715101763e+02 1.347998447504337776e+02 1.417413318992196969e-01
2.517975312274862745e+02 1.346657733051922321e+02 1.381112317480289453e-01
2.517544139582551281e+02 1.342832036204604833e+02 1.383344664184026629e-01
2.517834674432527322e+02 1.344769776562389154e+02 1.381556250063419033e-01
2.518191697699668055e+02 1.347228440097005659e+02 1.477940355754888413e-01
2.518608499660074358e+02 1.348992057411898315e+02 1.514583819545210208e-01
2.518694838205599069e+02 1.349837203579872380e+02 1.497371919107872984e-01
2.517881300037543895e+02 1.343842680439569222e+02 1.384042272528944462e-01
2.517468493470385908e+02 1.341415840529269019e+02 1.428562368722793297e-01
2.517501712311392055e+02 1.338665868433602952e+02 1.461692423212346825e-01
2.516812551369341691e+02 1.331804002496169517e+02 1.386579030146827540e-01
2.516667245892989513e+02 1.327017280392892928e+02 1.386109729987519135e-01
2.517050714858296772e+02 1.328392570851640357e+02 1.501265842051323629e-01
2.516818855212022186e+02 1.326331379184381660e+02 1.434244705786851537e-01
2.517842056397195449e+02 1.330570833882964052e+02 1.511336769794319745e-01
2.519403659019187955e+02 1.344708932430924051e+02 1.602977138740347696e-01
2.519244566265182357e+02 1.346482214792341097e+02 1.685954480421304746e-01
2.518867743604834004e+02 1.344477085468437565e+02 1.581034185345658594e-01
2.518297696116731572e+02 1.337486720073870288e+02 1.500200403851812692e-01
2.517003607269332690e+02 1.325324920599486518e+02 1.360767521384866618e-01
2.516781006788363300e+02 1.325577784598837070e+02 1.376241742853953898e-01
2.516954533693214557e+02 1.326840595224807373e+02 1.455604204929427381e-01
2.516491207598096480e+02 1.318674404622987026e+02 1.431200596645391676e-01
2.516630069710099349e+02 1.316310945601769617e+02 1.487300991364877145e-01
2.517103048167953716e+02 1.317977658775659222e+02 1.494315126178323849e-01
2.517161964363629068e+02 1.317392568314882624e+02 1.433547097441933704e-01
2.518882393380077360e+02 1.358838723097685488e+02 1.493401893435885863e-01
2.518798211078527913e+02 1.360901132408600631e+02 1.558114580268084581e-01
2.519155703645828055e+02 1.365136477559842092e+02 1.474680622215908399e-01
2.519588525230591358e+02 1.370945627137218423e+02 1.524578644559669571e-01
2.519470667471664456e+02 1.371203983216811650e+02 1.508914166269241242e-01
2.519375424906901060e+02 1.370565747683940288e+02 1.544872705502734755e-01
2.519386345648445911e+02 1.370652289170074312e+02 1.523678095605321137e-01
2.520340420188531709e+02 1.376898927966230701e+02 1.565445809783766740e-01
2.520304525068238775e+02 1.381448120769956631e+02 1.516473703970533105e-01
2.520061934937240551e+02 1.381263850696593636e+02 1.447879777982973293e-01
2.520352685411614289e+02 1.383953270387920895e+02 1.457988757090237508e-01
2.520975472090592575e+02 1.392828066178932716e+02 1.518186015362604224e-01
2.520874661342857905e+02 1.393137601343466940e+02 1.534522734421771561e-01
2.520184320808515395e+02 1.388472250408418063e+02 1.561260159714259743e-01
2.520325212326612530e+02 1.393267534068654925e+02 1.501430731296486132e-01
2.521154262767500995e+02 1.401477547158324057e+02 1.509446885368996849e-01
2.520056607746243174e+02 1.395720984566366667e+02 1.419049527655731613e-01
2.518209455002993309e+02 1.376347386124950560e+02 1.375328510111515912e-01
2.517468886667816719e+02 1.373042688557193856e+02 1.297132956540268389e-01
2.517840749967022020e+02 1.374355498675812441e+02 1.396865582287343532e-01
2.517997052287647932e+02 1.371641776846505820e+02 1.379209749266877005e-01
2.518472085519172765e+02 1.376541942750453984e+02 1.350138506965936347e-01
2.519452707227729888e+02 1.382865166259094281e+02 1.542361315461030224e-01
2.518438397378007210e+02 1.383405394161398760e+02 1.384422786171626840e-01
2.518430875891670269e+02 1.383035611003439840e+02 1.279591277612606715e-01
2.519150566711651891e+02 1.386450518005905508e+02 1.387251270915566548e-01
2.518860348956377777e+02 1.383214350945195861e+02 1.332723665919168798e-01
2.518488270032774778e+02 1.381576290448600162e+02 1.373666933871802442e-01
2.518934155919270097e+02 1.385736610993292857e+02 1.462707126259500112e-01
2.519099210053677780e+02 1.385699079664336182e+02 1.524337652585970593e-01
2.519778350803137528e+02 1.389795765644184371e+02 1.572536047325750197e-01
2.520006887296932518e+02 1.390987902202920452e+02 1.445964525981471571e-01
2.519070367119562377e+02 1.387598185203600281e+02 1.352421588822031173e-01
2.520095458189160809e+02 1.393088083834765882e+02 1.417654310965895947e-01
2.521186745948798205e+02 1.408244069060689299e+02 1.460005479396454531e-01
2.520398943186776251e+02 1.405626845491167103e+02 1.494391228906860325e-01
2.518883611023733806e+02 1.389057353552982761e+02 1.364864384937747865e-01
2.518954437296425226e+02 1.389295910239368368e+02 1.393136548589055390e-01
2.520074415784720543e+02 1.397864316445292161e+02 1.437707379935261875e-01
2.519440137593733198e+02 1.393081995616482800e+02 1.396624590313644831e-01
2.518375397002567126e+02 1.387092634777932290e+02 1.306747267912045651e-01
2.518909562054164724e+02 1.391450378484236694e+02 1.366589380117908537e-01
2.519067576686182690e+02 1.392078086472993732e+02 1.443491187304035417e-01
2.517940064027762332e+02 1.380928186928595380e+02 1.313545778327972202e-01
2.517687098558106982e+02 1.376742105610293265e+02 1.288799707765522495e-01
2.517876733873831938e+02 1.378374141307546381e+02 1.377053505291676305e-01
2.518714168298647280e+02 1.385660939513551284e+02 1.431327434526285802e-01
2.519153598137005190e+02 1.387940076711550432e+02 1.426520278840397449e-01
2.519211131799778798e+02 1.387669988127974250e+02 1.348020314355004023e-01
2.519614514312386575e+02 1.390405120191576032e+02 1.361579283822589304e-01
2.520116652799058272e+02 1.396998609856825340e+02 1.427052997940152779e-01
2.519046724538563922e+02 1.389521681667360156e+02 1.369405181073758693e-01
2.518147532749540858e+02 1.381603103976621298e+02 1.272805450984769438e-01
2.518778500471836992e+02 1.385802959888788450e+02 1.396003084697263474e-01
2.519925267120577246e+02 1.394931088979310232e+02 1.488721575630891636e-01
2.519181641992470873e+02 1.391887068624367032e+02 1.389458250043124898e-01
2.518531762742133537e+02 1.389367890736776019e+02 1.283155422065732354e-01
2.519742379580115994e+02 1.394919863826850985e+02 1.432215299692544963e-01
2.520912230723178880e+02 1.402691233473024113e+02 1.622928737404998323e-01
2.520836445089344693e+02 1.406560105934998148e+02 1.465193148725025540e-01
2.520446000040588217e+02 1.406200545910239441e+02 1.354286105671175244e-01
2.520694678389869239e+02 1.409727285872289428e+02 1.458458057249545914e-01
2.520788234010816780e+02 1.413159988229444650e+02 1.500390660673154020e-01
2.520597063956733166e+02 1.414815539669815507e+02 1.437961055697050128e-01
2.520671188014327697e+02 1.417626964718775184e+02 1.454031415206339939e-01
2.521319075909935066e+02 1.423770256009578929e+02 1.483178760235817073e-01
2.520571112926302249e+02 1.422029203153697097e+02 1.439470426479690646e-01
2.519681142251220081e+02 1.417016874511674018e+02 1.392400888879869181e-01
2.519802576838388291e+02 1.417088715487412571e+02 1.359042526204706225e-01
2.518813964343334817e+02 1.407637923511684335e+02 1.251445951842193316e-01
2.517261912613773518e+02 1.387183996103540267e+02 1.200583961603636646e-01
2.517082766790798587e+02 1.383205561080049790e+02 1.289040699739221196e-01
2.518359491532303025e+02 1.389351389128471510e+02 1.379222433054966557e-01
2.518698364298687977e+02 1.393782774908422937e+02 1.386845389696705344e-01
2.518941613986666823e+02 1.394753858408336669e+02 1.359575245304461555e-01
2.519561660967417822e+02 1.398985893090886918e+02 1.464470172803928882e-01
2.520694614970928740e+02 1.408342165477772880e+02 1.549375450274477206e-01
2.520987737313675154e+02 1.413274142322249531e+02 1.509548355673712150e-01
2.520667408245477077e+02 1.415444680926626688e+02 1.452813771549756050e-01
2.520767229657740529e+02 1.416005190206086297e+02 1.461996834126493006e-01
2.520770869904922336e+02 1.418382474556321142e+02 1.497295816379336508e-01
2.521089055412933533e+02 1.423727397489624593e+02 1.511704599648912850e-01
2.521250583454252023e+02 1.427936461831944825e+02 1.479297521080455702e-01
2.518677296526671512e+02 1.430203181601404481e+02 1.278284847439396799e-01
2.518233148319144448e+02 1.425831777455327654e+02 1.120346318149993414e-01
2.518192192367403663e+02 1.424202912705096935e+02 1.210629521770453937e-01
2.517196743310570071e+02 1.419947146655031531e+02 1.126396485068644621e-01
2.517077997686477033e+02 1.417444483059532558e+02 1.169495996996478965e-01
2.517014680216334739e+02 1.416016351939604760e+02 1.172400584468955148e-01
2.516765215472192097e+02 1.414756750312021154e+02 1.243417113981593325e-01
2.517422933303568584e+02 1.415870082495357849e+02 1.288964597010684721e-01
2.517980233584641496e+02 1.416094344552566611e+02 1.274454343436393355e-01
2.518939584580572557e+02 1.420945348093880227e+02 1.342566285476555210e-01
2.519439338515083477e+02 1.425296001562642800e+02 1.383078304634148825e-01
2.518557929396961867e+02 1.420589479051455726e+02 1.295522115452912570e-01
2.517374963217014567e+02 1.402364461040476442e+02 1.256278475104260772e-01
2.515992455682844309e+02 1.392037282726710146e+02 1.320889691631743912e-01
2.517233183833751013e+02 1.395997643352172872e+02 1.344849367332650036e-01
2.517725923633448701e+02 1.397890939716492085e+02 1.326825704457590405e-01
2.519891363355014278e+02 1.423416479792188909e+02 1.433927611084616083e-01
2.520043061460563649e+02 1.459705812219054053e+02 1.411692930563870352e-01
2.520540773305192204e+02 1.484367269231159412e+02 1.467806009071445372e-01
2.520735406033424226e+02 1.505354549928463541e+02 1.506161784253838010e-01
2.520890845856460203e+02 1.513422745583505105e+02 1.333028076833314701e-01
2.520445010705117284e+02 1.512513089669308215e+02 1.203945165447331822e-01
2.519575625818104356e+02 1.463213780174731937e+02 1.275418311331188992e-01
2.517764900914247335e+02 1.440606906576290385e+02 1.229693255268845542e-01
2.517829220403648947e+02 1.428381193493724197e+02 1.164447849336891494e-01
2.517599960933932550e+02 1.417658712240362888e+02 1.201053261762945051e-01
2.517563520410751892e+02 1.381512072429503633e+02 1.236073200677821615e-01
2.517104494119795959e+02 1.360387768769469687e+02 1.250684924556828559e-01
2.517730743472922654e+02 1.362569925723736901e+02 1.374288439488183799e-01
2.518601117695406515e+02 1.370156606731540023e+02 1.505730535458797981e-01
2.517759865450375969e+02 1.361444784933689220e+02 1.400658034926078876e-01
2.517136520684721575e+02 1.354170683199561722e+02 1.408407829448711790e-01
2.518434199044149864e+02 1.359799329788637294e+02 1.420558898438372131e-01
2.517422819149475970e+02 1.348154153686923564e+02 1.367692869681687573e-01
2.516775679597365922e+02 1.326576328499964461e+02 1.446180150378991724e-01
2.516315765441243570e+02 1.318786706882730755e+02 1.459624965753772152e-01
2.516692943247658434e+02 1.307082360909579677e+02 1.468782660754330283e-01
2.516594884881939436e+02 1.300861533622185391e+02 1.492970644640845834e-01
2.518418483830706975e+02 1.354379090521658782e+02 1.489393816399630643e-01
2.518404607766537140e+02 1.355641076701403449e+02 1.497676330022019164e-01
2.517329403050197243e+02 1.321588035636370932e+02 1.469290012277906787e-01
2.517272757252590054e+02 1.290104666619313889e+02 1.573525382796724659e-01
2.516630868788749069e+02 1.283162702560095738e+02 1.614379864232732276e-01
2.516859341863603561e+02 1.265634100617954090e+02 1.528092053860437838e-01
2.519091802721433453e+02 1.296114917656847751e+02 1.706045600754939051e-01
2.519251212570141263e+02 1.338800544895536291e+02 1.795859504216091029e-01
2.518363804020253554e+02 1.333874301123276211e+02 1.659800509380929545e-01
2.517885422268673210e+02 1.327264233746994080e+02 1.531415206339864776e-01
2.519692139095493815e+02 1.351558698034520205e+02 1.630374121013485333e-01
2.520279994622073900e+02 1.366603991841787433e+02 1.706552952278515556e-01
2.520544299398281112e+02 1.385948645878783623e+02 1.622992156345445525e-01
2.519167461517386926e+02 1.375204564134306224e+02 1.461755842152794027e-01
2.517941357774147377e+02 1.360683783015900303e+02 1.399275502024332485e-01
2.517696814339783487e+02 1.323524672504591422e+02 1.494441964059217975e-01
2.517355607756390157e+02 1.290210690403953322e+02 1.574349829022536618e-01
2.517950223742021763e+02 1.250952603220667498e+02 1.765519883106208832e-01
2.517072213879108347e+02 1.242751671723270164e+02 1.809469208836034237e-01
2.518783180789641847e+02 1.260700398778297568e+02 1.913209911619364600e-01
2.516742968107883200e+02 1.244068540654077566e+02 1.629854085701819277e-01
2.517968754756420537e+02 1.303681241184767146e+02 1.589456220637030515e-01
2.517853776217390021e+02 1.274744675345760072e+02 1.703242483587178169e-01
2.518625965236273601e+02 1.279680584164544257e+02 1.614240342563748598e-01
2.517823220971882563e+02 1.270682616107396115e+02 1.565636066605108068e-01
2.516193924972856735e+02 1.249547061927327007e+02 1.550605777719150369e-01
2.515241714949619904e+02 1.234345744842771779e+02 1.637997077655224121e-01
2.518496248135483029e+02 1.260197917829347176e+02 1.805283558766526963e-01
2.516568426499984810e+02 1.240142324786151278e+02 1.598043145173564938e-01
2.517704285090968028e+02 1.248792833152377995e+02 1.877657253604732568e-01
2.516796328804375378e+02 1.218479695792026405e+02 1.738503414475753572e-01
2.519042069588334982e+02 1.241963171352903572e+02 2.094106097350610374e-01
2.517354846729104736e+02 1.232510679749571239e+02 1.837969680672951189e-01
2.517659993302959833e+02 1.232832543556128257e+02 1.868765918154052241e-01
2.518493140607401131e+02 1.278169057137928633e+02 1.988335988472973437e-01
2.519164899392192751e+02 1.284347723513713788e+02 2.050448498746841874e-01
2.519262678714574122e+02 1.316148821422410720e+02 1.867966839504419108e-01
2.517636756603180004e+02 1.289807510831955142e+02 1.777620216943511522e-01
2.517114869458453086e+02 1.287922788708384587e+02 1.781361934429889216e-01
2.516864998833091533e+02 1.275312769530496837e+02 1.691040679445160455e-01
2.515869042424734516e+02 1.263610427595864110e+02 1.722623311787805367e-01
2.518302718896814838e+02 1.329833258921776462e+02 1.677025093606356043e-01
2.517429782549137087e+02 1.321981195015778496e+02 1.701416018102302474e-01
2.517189500867571041e+02 1.309021280859656429e+02 1.553383527310732426e-01
2.517550088279164981e+02 1.309826320889691544e+02 1.562059238363892877e-01
2.516643222798348063e+02 1.300767978001237850e+02 1.613923247861513421e-01
2.515888575458392040e+02 1.293432537467909924e+02 1.602774198130917094e-01
2.517359184584631180e+02 1.301646888413105785e+02 1.760256111049101346e-01
2.518345856460107086e+02 1.307803079116396532e+02 1.823028178303619518e-01
2.518502019259063900e+02 1.308134265507199245e+02 1.787843350143580590e-01
2.518160140434901848e+02 1.308718683727207122e+02 1.743094945764122050e-01
2.519214074438615398e+02 1.314599661596533906e+02 1.771887144727095631e-01
2.518601282584651528e+02 1.311913032338586049e+02 1.745530233077289828e-01
2.517507305861939528e+02 1.286705627035748023e+02 1.725540583048370824e-01
2.517291364369717144e+02 1.286461159704112731e+02 1.720200708262726863e-01
2.517388978802853217e+02 1.284072383841868543e+02 1.842003125285385234e-01
2.516536729713549221e+02 1.271838959016143917e+02 1.663897372933810792e-01
2.518316848636746386e+02 1.342098684944850788e+02 1.764517863847145096e-01
2.519230981928138817e+02 1.360105960365698934e+02 1.875310752808190817e-01
2.517654831001207469e+02 1.341210122170246848e+02 1.776605513896358235e-01
2.517917106371320415e+02 1.302459335775385227e+02 1.860432669379306070e-01
2.518312079532424832e+02 1.309063238830656246e+02 1.967559943582510573e-01
2.518545004616898950e+02 1.308317546245091307e+02 1.782199064443790448e-01
2.517685563819748040e+02 1.296480007813213433e+02 1.666078984485190317e-01
2.516794337449645411e+02 1.277094689551602755e+02 1.601328246288723500e-01
2.517484754086716521e+02 1.234448103012653348e+02 1.848738216760864861e-01
2.516899346531237711e+02 1.217688886972227635e+02 1.877657253604732568e-01
2.518407360148552527e+02 1.248654021775527383e+02 2.043827561364166823e-01
2.518830681576036739e+02 1.261608291645949862e+02 2.095704254649876641e-01
2.518673212346906780e+02 1.352878978904323617e+02 1.658265771022110480e-01
2.519608578299560691e+02 1.403851254680317879e+02 1.800007102921330204e-01
2.519754099400310565e+02 1.418944632728232023e+02 1.731996631185883373e-01
2.518149257744721012e+02 1.406606630069710206e+02 1.609445870665949518e-01
2.518997295816379278e+02 1.413320564986656791e+02 1.633697273492912272e-01
2.519494665198729706e+02 1.417415348398291144e+02 1.541689074692291217e-01
