2.161152138998177463e+02 1.018338719077695576e+00 2.489103989108883042e+01
2.160548189188668005e+02 9.634070925730116031e-01 2.541308832274721752e+01
2.160288650192566990e+02 9.479824591323587901e-01 2.559553084555939151e+01
2.159584731674257227e+02 8.953554072230766048e-01 2.554146083928632294e+01
2.156541981370613996e+02 6.970181414807113951e-01 2.542889408596330014e+01
2.154519828387791449e+02 6.141854426221728946e-01 2.497281521434471685e+01
2.150778127599876086e+02 5.347591838187424340e-01 2.491061394519739380e+01
2.150235647942863295e+02 5.554024774918397966e-01 2.465179123579476084e+01
2.151073644060381582e+02 5.661630909179888871e-01 2.455470843572179618e+01
2.152345342134415773e+02 5.643226938311847185e-01 2.462977023954822187e+01
2.152721266596570331e+02 5.916453980433360460e-01 2.419802880273345735e+01
2.152823415308366748e+02 5.673910109726817419e-01 2.446293179260015194e+01
2.153094328877921271e+02 5.602251779965030654e-01 2.486578299923922231e+01
2.151712903986439471e+02 5.728632633903347759e-01 2.487343525465252725e+01
2.147885708523218398e+02 5.747911571960119259e-01 2.484389843855431579e+01
2.144939204610335537e+02 5.804784439227597126e-01 2.489298113185162364e+01
2.143519414632120856e+02 5.885014481448470614e-01 2.504112938985127101e+01
2.142331787557966436e+02 5.924210045513124134e-01 2.502932178178911471e+01
2.143241990713483744e+02 6.034055502579670494e-01 2.519878513030337785e+01
2.143763975376347162e+02 6.049434163168033729e-01 2.521814118411237615e+01
2.144777943708466807e+02 6.040728981137784004e-01 2.526899309072519983e+01
2.146349666548521498e+02 5.959401522442908661e-01 2.540506531852513206e+01
2.146576831758639514e+02 5.956064783163851351e-01 2.543549489775489292e+01
2.146565486845090902e+02 5.964903434765264079e-01 2.531876389381161019e+01
2.148160818969288641e+02 5.945105448376194479e-01 2.539350240467677366e+01
2.148858479247706157e+02 5.916661599766279700e-01 2.564239794397540706e+01
2.148225121642684030e+02 5.980786313733573722e-01 2.555286062365881605e+01
2.148588529625054377e+02 6.078293250443785878e-01 2.533095559763966520e+01
2.149122615529036295e+02 5.942643676285868093e-01 2.534861807089013652e+01
2.149438760453262773e+02 5.945135108280896752e-01 2.540696503542134010e+01
2.150548411637953450e+02 5.914704046055899722e-01 2.538869601711969537e+01
2.150558866754361134e+02 5.917002688670360833e-01 2.555812822273401963e+01
2.151075112225664441e+02 5.984389992154954818e-01 2.538720708990361885e+01
2.151417209566505733e+02 6.358697989503360182e-01 2.532072144752198994e+01
2.152163067190065249e+02 6.086064145475900133e-01 2.552958353044811801e+01
2.154472239070695991e+02 5.842348708533599000e-01 2.571923489309828881e+01
2.155736685298030011e+02 6.009778870580488874e-01 2.573351910320312186e+01
2.156067422895370100e+02 5.915178604531143858e-01 2.582134208102789330e+01
2.158011155090158582e+02 5.762934313692049670e-01 2.597078054488211052e+01
2.158224142865828981e+02 6.223775083010658626e-01 2.575486237062720463e+01
2.158051833649458615e+02 6.062855270046016987e-01 2.568998281208522627e+01
2.157807228415375107e+02 6.301587842998260802e-01 2.564923158601891373e+01
2.156647674441022104e+02 6.124325422542417074e-01 2.565108533006283409e+01
2.156102540222538266e+02 6.283332171653732701e-01 2.564111218710654327e+01
2.152184540961069956e+02 6.043428032465731903e-01 2.565617496970982359e+01
2.151723744681608252e+02 6.338825853352533235e-01 2.550561239546737369e+01
2.152402778539872656e+02 6.024341883789526841e-01 2.586691304160839877e+01
2.152471811968068209e+02 6.319828684390437212e-01 2.568775980222775601e+01
2.152587248317171031e+02 6.051421376783115980e-01 2.569566120084056138e+01
2.154247772911905656e+02 6.455700707833625929e-01 2.546839069806068778e+01
2.153982791323291508e+02 6.170031335689318830e-01 2.557827026401764314e+01
2.153371085448702331e+02 6.048885454931033356e-01 2.540590617682345354e+01
2.151707772822925904e+02 6.298310423528609148e-01 2.544482293778390058e+01
2.151488007759031120e+02 6.029873456016585642e-01 2.550902476750342274e+01
2.152332395586012979e+02 6.275131208003428274e-01 2.555671344527970135e+01
2.152809979371536144e+02 6.127306242965041561e-01 2.558835018263086170e+01
2.151352565804206165e+02 6.575052164357395590e-01 2.539877148674721141e+01
2.152507581813139552e+02 6.278112028426052760e-01 2.571511364933984467e+01
2.153078460828905349e+02 6.508406358490370636e-01 2.557790693018503347e+01
2.153156466378273421e+02 6.358445880313386978e-01 2.538403644609089937e+01
2.159558986876975268e+02 5.329795895365788683e-01 2.547255346568571355e+01
2.158189752206326091e+02 5.446715239703935341e-01 2.531483247344326415e+01
2.158288712478366733e+02 5.845937557002629514e-01 2.536285779113791605e+01
2.157789491792362924e+02 6.022606779364417795e-01 2.532052124316524555e+01
2.157356338544084338e+02 5.941472110050110000e-01 2.518801561890581553e+01
2.156820814134724174e+02 5.929519168454912004e-01 2.523450900252257512e+01
2.156433337139687865e+02 6.037674010953403281e-01 2.500747281298985314e+01
2.155065852403416216e+02 6.043517012179839831e-01 2.494412073954006459e+01
2.156316358475540085e+02 6.047877018171140540e-01 2.513307064544401470e+01
2.155846975653667243e+02 6.275872705620997305e-01 2.500313950091278414e+01
2.155764877037450162e+02 6.199720900296746828e-01 2.505112181174562025e+01
2.154974485066979355e+02 6.193403340595066142e-01 2.493288556763867092e+01
2.153715244152920434e+02 6.118897659981819004e-01 2.488698983110167262e+01
2.152929197358488977e+02 5.981601961112898991e-01 2.500876746783012550e+01
2.152527528099052176e+02 6.104304986868077654e-01 2.490504233209898644e+01
2.153175626676711545e+02 5.882701008881658922e-01 2.511634542518214985e+01
2.152921708232551339e+02 6.025661749548798518e-01 2.508910725169840106e+01
2.150785557406003932e+02 6.252960429238141327e-01 2.492940497782180742e+01
2.150555930423795417e+02 6.238486395743210178e-01 2.503058677672468590e+01
2.150368657785502648e+02 6.119579837789981269e-01 2.503934682957863700e+01
2.149730465616013930e+02 6.328726655801254486e-01 2.516650477302016498e+01
2.149956251640563494e+02 6.130984071148178893e-01 2.510749342662361983e+01
2.150254912050967562e+02 6.322616715432493040e-01 2.511820955019271651e+01
2.151963722970558024e+02 6.213987314458758737e-01 2.517985469612685989e+01
2.152518348358546803e+02 6.271186440677966045e-01 2.530016861655823490e+01
2.152317565633661616e+02 6.246628039584108949e-01 2.507245766419352506e+01
2.152418557609174457e+02 6.256163698946035634e-01 2.540918211329787013e+01
2.152369752235986198e+02 6.333249791268420470e-01 2.519883703513660578e+01
2.152332069327061390e+02 6.116317248272681306e-01 2.529707508849774200e+01
2.152161035486593050e+02 6.473200051608234418e-01 2.523212731217494564e+01
2.152140688791967023e+02 6.324055220810576028e-01 2.530540952171920566e+01
2.152427648369965709e+02 6.574651755643908801e-01 2.523329591242023184e+01
2.154651488704766678e+02 6.211125133654945563e-01 2.546110622546569857e+01
2.155784170805459325e+02 6.316254665873758389e-01 2.563597064262632585e+01
2.157829725453092067e+02 6.191015718266497103e-01 2.566383908908500544e+01
2.158526970492843873e+02 6.506359825065881619e-01 2.545564435401469083e+01
2.158666980072993056e+02 6.254280294997411893e-01 2.548011674138491145e+01
2.158354305357617022e+02 6.558220168438598785e-01 2.542008657726182719e+01
2.157447453771331141e+02 6.241748985260510141e-01 2.554904339392357571e+01
2.156170609703831076e+02 6.341154155871697728e-01 2.561010868872078206e+01
2.154312802252966321e+02 6.439180140914206874e-01 2.554400565910981769e+01
2.153480085598484948e+02 6.173293925206618793e-01 2.557046822608559111e+01
2.153027979671101377e+02 6.542930487564343478e-01 2.521665670588200570e+01
2.150273760920406119e+02 6.372089436476640056e-01 2.523775824508275889e+01
2.150787514959714315e+02 6.420182971952110851e-01 2.537882520083462978e+01
2.150274116839262604e+02 6.179478015337136476e-01 2.531413991466845559e+01
2.150605595934220275e+02 6.398635051185580513e-01 2.534534361741095765e+01
2.150065385259917150e+02 6.297583755863392918e-01 2.509982485826273191e+01
2.150211964508958147e+02 6.288596804738466606e-01 2.538253862090341073e+01
2.150911048462801318e+02 6.073206576787268940e-01 2.534039634530654084e+01
2.152161272765830518e+02 6.293134770157983171e-01 2.543395999768652871e+01
2.154161581228839566e+02 6.266262896497313273e-01 2.575110742669183850e+01
2.154122178045441842e+02 6.323180253621845104e-01 2.565005019938870845e+01
2.154061449390563041e+02 6.296234230199417858e-01 2.554572148459687142e+01
2.153270182452903896e+02 6.585655580288620747e-01 2.530193189789281050e+01
2.152023102099772984e+02 6.418699976716975009e-01 2.521565865008875562e+01
2.152022968630201660e+02 6.560059082530167451e-01 2.497080427280587145e+01
2.152625183335285897e+02 6.275635426383374682e-01 2.502987345601658475e+01
2.152131449731652140e+02 6.256163698946035634e-01 2.516763926437504395e+01
2.152636068520311881e+02 6.503349344738554860e-01 2.504022327976260343e+01
2.157167538420698918e+02 5.341155638866932343e-01 2.493512044145802165e+01
2.156217620652784888e+02 5.719823642206637304e-01 2.500625972288750987e+01
2.155972125621560451e+02 6.140282451272484066e-01 2.492661842977498665e+01
2.155979377468260054e+02 6.255718800375494881e-01 2.502869447480465226e+01
2.153603648761476563e+02 6.130642982244097761e-01 2.517118955496795962e+01
2.152659959573549884e+02 6.170149975308129031e-01 2.513853993187120039e+01
2.151607967243601252e+02 6.242327353402213896e-01 2.511783880138393243e+01
2.151531770948419933e+02 6.351920701278787051e-01 2.501687055379490943e+01
2.151218488204997357e+02 6.388876942538384007e-01 2.495259457431363259e+01
2.151851875469924096e+02 6.492567969379113846e-01 2.489849342514062513e+01
2.152200527649704611e+02 6.410261733829049069e-01 2.495031965962293441e+01
2.153656117132895531e+02 6.387794356016733843e-01 2.506894593147672268e+01
2.154340000385578833e+02 6.549945055026538121e-01 2.491758402280253648e+01
2.156983617351637577e+02 6.430193189789281671e-01 2.528528675937364056e+01
2.158364389725215915e+02 6.486665648343271640e-01 2.534018131099744764e+01
2.160565228803919808e+02 6.262214319505391424e-01 2.570365157916747734e+01
2.162986085055708827e+02 6.285171085745301367e-01 2.585003062385160533e+01
2.163601172159433759e+02 6.279328084518864816e-01 2.592500937994486065e+01
2.163736495474639980e+02 6.460742891633088902e-01 2.568891060653022151e+01
2.164254535370177734e+02 6.211747991653703282e-01 2.574911131510534545e+01
2.163728591110036632e+02 6.318078750012976474e-01 2.570117646012003476e+01
2.165417381593952939e+02 6.149595661349139819e-01 2.557010637524821561e+01
2.166724419444440457e+02 6.081718969436951117e-01 2.578964454087208935e+01
2.165046751424787601e+02 6.489112590481246334e-01 2.562251542685793382e+01
2.165357364776787108e+02 6.295730011819472560e-01 2.551963263242035040e+01
2.165781516243988278e+02 6.274908758718158452e-01 2.548371745381582087e+01
2.165902558315080171e+02 6.488652861958355000e-01 2.555901060489892629e+01
2.167185838581900725e+02 6.293624158585578998e-01 2.555041219852560630e+01
2.167235726541610745e+02 6.511402008865345703e-01 2.555155855384236574e+01
2.166285452854839946e+02 6.322676035241898695e-01 2.549880396434286212e+01
2.165268340572821728e+02 6.415541196866134666e-01 2.564786574740735503e+01
2.164543912230410001e+02 6.132214957193342642e-01 2.562855270046017253e+01
2.164042378071839323e+02 6.354026554512680613e-01 2.559076301587843005e+01
2.163104798824281261e+02 6.240458779405941847e-01 2.555109141034330023e+01
2.162789944105909683e+02 6.422348144995410069e-01 2.566042226806325388e+01
2.163318528097569242e+02 6.174628620918241051e-01 2.565235773997457969e+01
2.162996080443593598e+02 6.455404108786598760e-01 2.572919765508793333e+01
2.163281097297834492e+02 6.221891679062034886e-01 2.564440888551425246e+01
2.163810956665396361e+02 6.138873605799104460e-01 2.582749057927276937e+01
2.163924657910074245e+02 6.596066206839277246e-01 2.556600589342306407e+01
2.163325305385793911e+02 6.544858381370021183e-01 2.561426552436487114e+01
2.163238253565491220e+02 6.536968846719095616e-01 2.554872010096231705e+01
2.163375089535837219e+02 6.120973853311009183e-01 2.570677476713267495e+01
2.163727286074229710e+02 6.534329115200553373e-01 2.551412182212658664e+01
2.163683433905126776e+02 6.600604172258794922e-01 2.554296607944998598e+01
2.163982420574482717e+02 6.347100966764593899e-01 2.560974832087864428e+01
2.163576065050102955e+02 6.698615327348953485e-01 2.541268049905755788e+01
2.163362009517863385e+02 6.642558107460800887e-01 2.521039698299449228e+01
2.163654886246850424e+02 6.779334757997422800e-01 2.521224924404317846e+01
2.164519680088267819e+02 6.565560994852523979e-01 2.522083578645461799e+01
2.164641196717834930e+02 6.694522260499976563e-01 2.523153559707612814e+01
2.164657124086660360e+02 6.396380898428173367e-01 2.528916775790399285e+01
2.163709089722694614e+02 6.731048433141384457e-01 2.516599758864974845e+01
2.163806433529929052e+02 6.793971920968218114e-01 2.509333082212806687e+01
2.164425702680217398e+02 6.456931593878788567e-01 2.529738355150664830e+01
2.163882036627016419e+02 6.186062514181142058e-01 2.557825840005575913e+01
2.163709104552647204e+02 6.306852476082994707e-01 2.551876804619826800e+01
2.163446777525503819e+02 6.499463897222498288e-01 2.538951759647996198e+01
2.162468742167931453e+02 6.379771351794646383e-01 2.522212006032824760e+01
2.162646479146862362e+02 6.528634413497629296e-01 2.527654450246251372e+01
2.166419485964191551e+02 5.353138240366833722e-01 2.523063986795410329e+01
2.164307389320358084e+02 5.638273734226492140e-01 2.487219250464548281e+01
2.164128821864095471e+02 5.963776358386559950e-01 2.497345438529105976e+01
2.164193495286299651e+02 6.066236499182128261e-01 2.513696499093148518e+01
2.164761512121261546e+02 6.026833315784556611e-01 2.517545316626897645e+01
2.163975153897830523e+02 5.928139982886234671e-01 2.538914091569023768e+01
2.164156301765802368e+02 5.937779451914620976e-01 2.555307120898220674e+01
2.163962162859570810e+02 6.144553477549676845e-01 2.529155982921826862e+01
2.162766216182147332e+02 6.304524173563830214e-01 2.524497005091122759e+01
2.162592498120303617e+02 6.461706838535927755e-01 2.529189202015093940e+01
2.162913433119139484e+02 6.572560732362366931e-01 2.523421092048031156e+01
2.163482191451718961e+02 6.156536079049578225e-01 2.557732411305762454e+01
2.164003197337727045e+02 6.239835921407184127e-01 2.552245180636234778e+01
2.165437001620913691e+02 6.438453473248990644e-01 2.545862517443731576e+01
2.166843222192727012e+02 6.447321784755105645e-01 2.556845580155150799e+01
2.165973712426462043e+02 6.684081974044617791e-01 2.542374809249738021e+01
2.166936265313779586e+02 6.592343888799084839e-01 2.560462902132695362e+01
2.167651736364971100e+02 6.310426494599672420e-01 2.564248247470380804e+01
2.167287408925555212e+02 6.545421919559372137e-01 2.547316297672735530e+01
2.166346581918432435e+02 6.602324446731552277e-01 2.555205090826043346e+01
2.165694256804353017e+02 6.449605597417215064e-01 2.545712734924982712e+01
2.164727195611520472e+02 6.563351331952170797e-01 2.555810746080072704e+01
2.165432300526018423e+02 6.363235954922876747e-01 2.562083371026128731e+01
2.166500101585173468e+02 6.424068419468168534e-01 2.544363654159579013e+01
2.167117976719940771e+02 6.017060377185008413e-01 2.569090375212624267e+01
2.167242058931264523e+02 6.366053645869635957e-01 2.548804928289765570e+01
2.167305427317662065e+02 6.150900697156059804e-01 2.546052340833828964e+01
2.167514322026483455e+02 6.536687077624420139e-01 2.518809570064851400e+01
2.168045352960280923e+02 6.222825966060171465e-01 2.520621790242187998e+01
2.167551204117981172e+02 6.302744579281667203e-01 2.538762974354563440e+01
2.167373956527477787e+02 6.279239104804755778e-01 2.548478076139941351e+01
2.167740849548650317e+02 6.004425257781647041e-01 2.561674064341231372e+01
2.168448964943475517e+02 6.154800974624468068e-01 2.521727956388076208e+01
2.167906574266176847e+02 6.292897490920361658e-01 2.520737167271481383e+01
2.166492834908521559e+02 6.088451767804470283e-01 2.532976030348014618e+01
2.167408703105836878e+02 6.391234904962250774e-01 2.528837732144366512e+01
2.166994339407187624e+02 6.257542884514711856e-01 2.525308500083789198e+01
2.167091371785422496e+02 6.253182878523411148e-01 2.546271379230058685e+01
2.167467370397338868e+02 6.115293981560436798e-01 2.541267456707661765e+01
2.167914953189255414e+02 6.366468884535474437e-01 2.541609732007930944e+01
2.168450358958996560e+02 6.340753747158209830e-01 2.529508194290171730e+01
2.168129231170780145e+02 6.417780519671190120e-01 2.542335954774577189e+01
2.167577912862165874e+02 6.440544496530532514e-01 2.537725025989491456e+01
2.167435070761117686e+02 6.254873493091466230e-01 2.560766916155898443e+01
2.167336822326789729e+02 6.403558595366233286e-01 2.569541205764105740e+01
2.166770258827158386e+02 6.338128845592019278e-01 2.571326732027209871e+01
2.166977744690506427e+02 6.567207119563525097e-01 2.570560913287785709e+01
2.166367862900056593e+02 6.683281156617644214e-01 2.555118483904311333e+01
2.165596008370025061e+02 6.427138219604900948e-01 2.560738887545954157e+01
2.163705589853939841e+02 6.603644312490823953e-01 2.569397206926774047e+01
2.164101653391387572e+02 6.557330371297517280e-01 2.577819730065207438e+01
2.164692226583875936e+02 6.780654623756693367e-01 2.574157918230608644e+01
2.164845049242856874e+02 6.529212781639333052e-01 2.602146635602859703e+01
2.164618076822119122e+02 6.323091273907737175e-01 2.588055659777165118e+01
2.164773984111189122e+02 6.647451991736750276e-01 2.579842387266409887e+01
2.163843656710330947e+02 6.454188052693786704e-01 2.585377518682032516e+01
2.163998644542355123e+02 6.652004787108618533e-01 2.569001395498516160e+01
2.164069205455642759e+02 6.676919107058909564e-01 2.556671921413116522e+01
2.164077703018340344e+02 6.273203314197751679e-01 2.555600457355730626e+01
2.165013873420424773e+02 6.498752059509632639e-01 2.549060448368779319e+01
2.169207027617820245e+02 5.374374732133985200e-01 2.568995166918528739e+01
2.167538064780197828e+02 5.647898373302526753e-01 2.547163252564469360e+01
2.166046305043221878e+02 6.106707439148998384e-01 2.557000553157222811e+01
2.166085559927095971e+02 6.405857237980694396e-01 2.548766370413651927e+01
2.166153065870199441e+02 6.462893234724036429e-01 2.556657239760288647e+01
2.165214819274785611e+02 6.365015549205040868e-01 2.562564306380883750e+01
2.163889288473716022e+02 6.335652243549341200e-01 2.576775998018718283e+01
2.162869432650512920e+02 6.314623371115108963e-01 2.580841036257750432e+01
2.162837192334100962e+02 6.221194671301520929e-01 2.589097315630325014e+01
2.162872576600411492e+02 6.311805680168349753e-01 2.573238461184824288e+01
2.163016634757552481e+02 6.345706951243565985e-01 2.573671050894913392e+01
2.162866748429137260e+02 6.333768839600718570e-01 2.578311936183748898e+01
2.163687838400975352e+02 6.263400715693500098e-01 2.579973780644242964e+01
2.164141145554499417e+02 6.247250897582865559e-01 2.587663259237947955e+01
2.164528637379488032e+02 6.402431518987529158e-01 2.576467535009809851e+01
2.165036251818522999e+02 6.367877730008852932e-01 2.576756719080661640e+01
2.165372876906946544e+02 6.521768145558948238e-01 2.574460449258576489e+01
2.165938357820056410e+02 6.496824165703956044e-01 2.578650207396883687e+01
2.167202388808724720e+02 6.198475184299232499e-01 2.588666357214994207e+01
2.166829074418184007e+02 6.390181978345303992e-01 2.576939424093630393e+01
2.167090274368948428e+02 6.461810648202387375e-01 2.572504230243908196e+01
2.166979539114740874e+02 6.395965659762334887e-01 2.567561555424722286e+01
2.167681796678387229e+02 6.412248947444131320e-01 2.567032126125778646e+01
2.167527105445410314e+02 6.169823716356399590e-01 2.577013573855387207e+01
2.166397878723615520e+02 6.492879398378492706e-01 2.566685698438850949e+01
2.166761701944651577e+02 6.490536265906977631e-01 2.553483333358050089e+01
2.166540320415950589e+02 6.537473065099042024e-01 2.559000965429898145e+01
2.165970790925848632e+02 6.466867661954202040e-01 2.560579613857700565e+01
2.165402106743030970e+02 6.572679371981178242e-01 2.569829648337339734e+01
2.165568157719509372e+02 6.335756053215800820e-01 2.568305277535143105e+01
2.165365076352009623e+02 6.425818353845629272e-01 2.595228166231902023e+01
2.165640616866697883e+02 6.607841189006259386e-01 2.592014367257838003e+01
2.164758649940457644e+02 6.292081843541036390e-01 2.603919853005512408e+01
2.164848430471992913e+02 6.559095135627329709e-01 2.590282080523675390e+01
2.165479014875925259e+02 6.318835077582896087e-01 2.604004532033438579e+01
2.164967292540088977e+02 6.668999912503280614e-01 2.600030253102796607e+01
2.164991598831992974e+02 6.461944117773549268e-01 2.581795788590131124e+01
2.166267656912018253e+02 6.498203351272632267e-01 2.608207933727909023e+01
2.167338231172263363e+02 6.567132969801767750e-01 2.602250000370748850e+01
2.167967495710436197e+02 6.362331327829443550e-01 2.609864439405556169e+01
2.167766268086980688e+02 6.621099166408378478e-01 2.602161762154258184e+01
2.168236674175565781e+02 6.591557901324462954e-01 2.607755620181192313e+01
2.168210929378283822e+02 6.307163905082372457e-01 2.613697833788859981e+01
2.168346134053871310e+02 6.573480189408151819e-01 2.619278641457724888e+01
2.169460590143123966e+02 6.302833558995775132e-01 2.637342709817873398e+01
2.169848230267636211e+02 6.457613771686951942e-01 2.628268113674550932e+01
2.170436134068701222e+02 6.485316122679297690e-01 2.634847866933803573e+01
2.171650840635849136e+02 6.265921807593232140e-01 2.631392339736412467e+01
2.172084438782698328e+02 6.244448036588458040e-01 2.648748277871783330e+01
2.172588063964550429e+02 6.245041234682513487e-01 2.648339267785932449e+01
2.172278548029025274e+02 6.497194914512739450e-01 2.651567748412824344e+01
2.170749520621790225e+02 6.301217094189476287e-01 2.644941577402711630e+01
2.170425486162912989e+02 6.439862318722370249e-01 2.646562787793762794e+01
2.170632705087118666e+02 6.543049127183154789e-01 2.646390167148392791e+01
2.170120953091377771e+02 6.282323734893839884e-01 2.657761329712847598e+01
2.169878320240956953e+02 6.516548002331268297e-01 2.652212554741061723e+01
2.169949118433482340e+02 6.612764733186912158e-01 2.648134614443483770e+01
2.169055539654551126e+02 6.260835133936715202e-01 2.653018562651358181e+01
2.169000045972852320e+02 6.454143562836732739e-01 2.651985953069132762e+01
2.168048926978797510e+02 6.631450473149629321e-01 2.645361265054255284e+01
2.174783534600503287e+02 5.369169418858656950e-01 2.675741015644116771e+01
2.172881637701298132e+02 5.511433151765283700e-01 2.634557348167240320e+01
2.172349761460216371e+02 5.898168649184130086e-01 2.650826547394303390e+01
2.172486686410276491e+02 6.145591574214271935e-01 2.651127150528465393e+01
2.172396994858455628e+02 6.301691652664720422e-01 2.636415541196866030e+01
2.171747472605370604e+02 6.116272758415627342e-01 2.639170501445178729e+01
2.171326316788544091e+02 6.191445786884687275e-01 2.637038250896099711e+01
2.171323721546882553e+02 6.133549652904964899e-01 2.635645570070783350e+01
2.171394920148121628e+02 6.292111503445739773e-01 2.631630508771175414e+01
2.171634957756880624e+02 6.444385454189536233e-01 2.617508093446495820e+01
2.171420323856499408e+02 6.335103535312340828e-01 2.639103766659597738e+01
2.172133585244790481e+02 6.374877467518696994e-01 2.634347800940515683e+01
2.172379065446062611e+02 6.351980021088192707e-01 2.632395882612029325e+01
2.173684160572792052e+02 6.350096617139568966e-01 2.642889853494900620e+01
2.173473486269688522e+02 6.346314979289972014e-01 2.634993497065893919e+01
2.172125977479234393e+02 6.244003138017917287e-01 2.645769533642488369e+01
2.171717219502573641e+02 6.307282544701183769e-01 2.641575919716569842e+01
2.171091647622536129e+02 6.275768895954537685e-01 2.639456867825083819e+01
2.170951949471386229e+02 6.259189009225712974e-01 2.644064534020652246e+01
2.171308476355865480e+02 6.313941193306945587e-01 2.629550014755802678e+01
2.171073480930905646e+02 6.335444624216421960e-01 2.629802420544822894e+01
2.171162238195728662e+02 6.240013880835401094e-01 2.635265330092494551e+01
2.171863086913901668e+02 6.400562944991258219e-01 2.618520534293523383e+01
2.171463938746364875e+02 6.480244278975131333e-01 2.598624818518458213e+01
2.170525217592475826e+02 6.134721219140722992e-01 2.589362030279796656e+01
2.170821549700360720e+02 6.201011106151316232e-01 2.604267318789104735e+01
2.171032832031510793e+02 6.236869930936912443e-01 2.605880224406838863e+01
2.169618988864188793e+02 6.392465791007413412e-01 2.592991216219222395e+01
2.170686241215107088e+02 5.963553909101290129e-01 2.616204688934334399e+01
2.171066585003062244e+02 5.960899347630396194e-01 2.625213143490169898e+01
2.171758209490872957e+02 6.160288056994472905e-01 2.622083726944985216e+01
2.171388068710135144e+02 5.985027680106064230e-01 2.626537458235146616e+01
2.170973438072343527e+02 6.245886541966541028e-01 2.610424418406343605e+01
2.170577493174514530e+02 6.343467628438509420e-01 2.617838356485360762e+01
2.171073836849762131e+02 6.441597423147479295e-01 2.609289630452417441e+01
2.170782606245486193e+02 6.215336840122732687e-01 2.609081417921404267e+01
2.171251351379407879e+02 6.322498075813682838e-01 2.616213883504792292e+01
2.172323720063887436e+02 6.201708113911830189e-01 2.592846179285226071e+01
2.172609003857270693e+02 6.315705957636758017e-01 2.598962941432069229e+01
2.172297307918749709e+02 6.359632276501495651e-01 2.586241808305069867e+01
2.170606085322647800e+02 6.112239011376056075e-01 2.572341249067566693e+01
2.170328765213677400e+02 6.250068588529624769e-01 2.576132971284763329e+01
2.169286768271613539e+02 6.110533566855649301e-01 2.599377883498860342e+01
2.169306121359432211e+02 6.270652562393317364e-01 2.596855012004846586e+01
2.168972032192860695e+02 6.270355963346290196e-01 2.596725694820342412e+01
2.169074106754895013e+02 6.053304780731739720e-01 2.603272228986328329e+01
2.169754875717584355e+02 6.293772458109092582e-01 2.590134819096826391e+01
2.169719728730511576e+02 6.258951729988091461e-01 2.586958836501258219e+01
2.169520310361242821e+02 5.952149675743091395e-01 2.593018355032025113e+01
2.170282866511149962e+02 6.055514443632092902e-01 2.598844895011352207e+01
2.170008631032268624e+02 6.092114766035257034e-01 2.592582057833848097e+01
2.170118031590764360e+02 6.122249229213226895e-01 2.600070738872716092e+01
2.170134285218541663e+02 5.935629108823673450e-01 2.599496523117671387e+01
2.169907950485755066e+02 6.283628770700759869e-01 2.579699426525742467e+01
2.170304859330487091e+02 6.095288375838447958e-01 2.582040631103452100e+01
2.171019366434775577e+02 6.274538009909373937e-01 2.587503392351600340e+01
2.171181709923166068e+02 6.146955929830597576e-01 2.584119790423113372e+01
2.171238048912148884e+02 6.367032422724825391e-01 2.580424907794771272e+01
2.171717664401144248e+02 6.273663042720644123e-01 2.573083043284182025e+01
2.172006106974378383e+02 6.483225099397755820e-01 2.563832415606448834e+01
2.178891268272355148e+02 5.378452969030610431e-01 2.573869772256421840e+01
2.177049314040554009e+02 5.661097030895240190e-01 2.555946440144087717e+01
2.177167612570460733e+02 5.909305943400003924e-01 2.567835612944175594e+01
2.176409016017831561e+02 6.261383842173715575e-01 2.555882374749930008e+01
2.175840939863060157e+02 6.430252509598686217e-01 2.554852137960080682e+01
2.174977065478688587e+02 6.113707176658841336e-01 2.561167324869385098e+01
2.174840140528628467e+02 5.966341940143345957e-01 2.582819648500469256e+01
2.173781949278597097e+02 5.990752041713689469e-01 2.577409236984121677e+01
2.173912704968478806e+02 6.159605879186310640e-01 2.567802838749479122e+01
2.173326121033173024e+02 6.275724406097483721e-01 2.561566102288113456e+01
2.173187994856972409e+02 6.208885810849890108e-01 2.574449475093836526e+01
2.172557529092659081e+02 6.201708113911830189e-01 2.577122425705646336e+01
2.172422472716595223e+02 6.268872968111153243e-01 2.576788751777740671e+01
2.172483231031378637e+02 6.254621383901493026e-01 2.582371042441840459e+01
2.171663505415156976e+02 6.386667279638030825e-01 2.579701799318118915e+01
2.171782204353777388e+02 6.505929756447692558e-01 2.573905512441588428e+01
2.171807029694013522e+02 6.549010768028402651e-01 2.568319217690353540e+01
2.171594308857485771e+02 6.506849213493477446e-01 2.562964566794846988e+01
2.172787719613056936e+02 6.475424544460938181e-01 2.564320914236902382e+01
2.172966687478033236e+02 6.681649861858993678e-01 2.546540839464282868e+01
2.173049972490438506e+02 6.566539771707713413e-01 2.559426288463335197e+01
2.172745394929046086e+02 6.616027322704212121e-01 2.559340126440173790e+01
2.174818711247480678e+02 6.767678415449250862e-01 2.564796214209763647e+01
2.174073402332158196e+02 6.765958140976493507e-01 2.562398359214071775e+01
2.174662388719744968e+02 6.427909377127171142e-01 2.581754709622117971e+01
2.175671507657446000e+02 6.429511011981118296e-01 2.582806746441923806e+01
2.176116643507224353e+02 6.283673260557813833e-01 2.601874802576259427e+01
2.177450493911563001e+02 6.544220693418911772e-01 2.594293879233766020e+01
2.177801059155196981e+02 6.601538459256930391e-01 2.590194880403849353e+01
2.178015381626578915e+02 6.399613828040771057e-01 2.580527531065042623e+01
2.177953229296274174e+02 6.411359150303049814e-01 2.597007908813588983e+01
2.176089089455755641e+02 6.137464760325724855e-01 2.597227095509342121e+01
2.175918500513857907e+02 6.187975578034468072e-01 2.605545957280839175e+01
2.175481461818063167e+02 6.407414382977587586e-01 2.590610119069687300e+01
2.173773777974851384e+02 6.342548171392725642e-01 2.581367351266700538e+01
2.173164726661733255e+02 6.545985457748724201e-01 2.591753656695501107e+01
2.172871360544318691e+02 6.309551527410942606e-01 2.594346673864136932e+01
2.173156940936748640e+02 6.550983151691133211e-01 2.580205424499970945e+01
2.172913255159711241e+02 6.496245797562252289e-01 2.589744198151891297e+01
2.173252000931321106e+02 6.514842557810861523e-01 2.581512833099267112e+01
2.172429235174867301e+02 6.322809504813060588e-01 2.572690346145917673e+01
2.172783211307541933e+02 6.567518548562903957e-01 2.567963595432967949e+01
2.173059152230943880e+02 6.494065794566602490e-01 2.581797419884889777e+01
2.172853386642068756e+02 6.321756578196113807e-01 2.569057156119357543e+01
2.172780586405975782e+02 6.417335621100649368e-01 2.585338367607824850e+01
2.172666128833728010e+02 6.598335189549036084e-01 2.572363938894664415e+01
2.172582814161418128e+02 6.208900640802240689e-01 2.572878241642209574e+01
2.171768353178281359e+02 6.576030941212586134e-01 2.552294267778517778e+01
2.172269116179329842e+02 6.328919445181823145e-01 2.541669496715907073e+01
2.172841478190330520e+02 6.547349813365049842e-01 2.549639854607147171e+01
2.173477594166489837e+02 6.272610116103697342e-01 2.558805803256954192e+01
2.172900264121451244e+02 6.472844132751801594e-01 2.565253421640756315e+01
2.173780273493981383e+02 6.342533341440373951e-01 2.568065922104192111e+01
2.174372225872038200e+02 6.554438530589000722e-01 2.557388949609304873e+01
2.174400224822077519e+02 6.516992900901809049e-01 2.560253503205494141e+01
2.171737047148867532e+02 6.228535497715446123e-01 2.548338229689268175e+01
2.171284259043675604e+02 6.349088180379676150e-01 2.552251557515745617e+01
2.170213328864574294e+02 5.951081919173794033e-01 2.567335695250411121e+01
2.170279767051108593e+02 6.087339521378117846e-01 2.572366608286087697e+01
2.168885721870175587e+02 6.203784307241020368e-01 2.560947100076967331e+01
2.170181073718210030e+02 5.505871919633522626e-01 2.560050926056374720e+01
2.168342619355163947e+02 5.701464161195649583e-01 2.556749630363437475e+01
2.168515447619866734e+02 6.094561708173231729e-01 2.556297613415767955e+01
2.169252481421777077e+02 6.347204776431053519e-01 2.555166532949929703e+01
2.168401286646665937e+02 6.463456772913388493e-01 2.553659068293413625e+01
2.167627266943591451e+02 6.427049239890791910e-01 2.565506124028823365e+01
2.167743637579692404e+02 6.467979908380554477e-01 2.558161738426334608e+01
2.168196826093597736e+02 6.565234735900793428e-01 2.547608002835486829e+01
2.168368556941826455e+02 6.503631113833231447e-01 2.564031730166050949e+01
2.168942179498777136e+02 6.509978333439614406e-01 2.574634108000611121e+01
2.168035387232300764e+02 6.703672341100768151e-01 2.574772916354619667e+01
2.168555710940500774e+02 6.815312222401829212e-01 2.570562544582544362e+01
2.169840518692413411e+02 6.877761151753419844e-01 2.566324885698142211e+01
2.169008795644739678e+02 6.982727554496367395e-01 2.573078594298476673e+01
2.170243715436942296e+02 6.993434780094051062e-01 2.576184727818469611e+01
2.170466461321259715e+02 7.084876266292556846e-01 2.562902725893541600e+01
2.171285326800245059e+02 7.047949684937662163e-01 2.565489069583619397e+01
2.171753864314833891e+02 7.054178264925234920e-01 2.573902249852071122e+01
2.170754384846161429e+02 7.060851743483348431e-01 2.574164146810596421e+01
2.170099256871087618e+02 7.180292179721226020e-01 2.566707646768330875e+01
2.169503048296705856e+02 7.176421562157521139e-01 2.563500669572348656e+01
2.170332190932670642e+02 6.705288805907066996e-01 2.580676572086174048e+01
2.169941036109451034e+02 6.735957147369685538e-01 2.555531646376820021e+01
2.170380150998574891e+02 6.665158954844278005e-01 2.560025418538330300e+01
2.169918628051448195e+02 6.679395709101586531e-01 2.564709458988508217e+01
2.168323355247059681e+02 6.981911907117042126e-01 2.541840930965088674e+01
2.168708726388861976e+02 6.738596878888227781e-01 2.536520833858560664e+01
2.169501669111137119e+02 6.938593616298710520e-01 2.535946469803992542e+01
2.169660898309533650e+02 6.707735748045041690e-01 2.525623784870779076e+01
2.169247869306595931e+02 6.741073480930905859e-01 2.531958399017663908e+01
2.170142545502001212e+02 6.880549182795475671e-01 2.527516383389860266e+01
2.170637925230346355e+02 6.403306486176260082e-01 2.515433531412063672e+01
2.170125980445224911e+02 6.530117408732766249e-01 2.516459764114777897e+01
2.169709199464342078e+02 6.669904539596713811e-01 2.507683398313241341e+01
2.170421941804301014e+02 6.407444042882289859e-01 2.529666429881760692e+01
2.170532840187984505e+02 6.647051583023263488e-01 2.512840069344857241e+01
2.170498894427052221e+02 6.487258846437325976e-01 2.514142139161306844e+01
2.171275672501264182e+02 6.672203182211176031e-01 2.503206532297411613e+01
2.170256736135106905e+02 6.879066187560339829e-01 2.508450848347424156e+01
2.169044031611526293e+02 6.728779450431625619e-01 2.499264137764325255e+01
2.169428765065377718e+02 6.875254889806039493e-01 2.491713615824152228e+01
2.169698032510221424e+02 6.665055145177818385e-01 2.486045459735937868e+01
2.168440808469682395e+02 7.004394114881709044e-01 2.463531367573715869e+01
2.166067452555274997e+02 6.473704269988180826e-01 2.481994954850210178e+01
2.166228757947000645e+02 6.602339276683903968e-01 2.483263657273869285e+01
2.165788160062641623e+02 6.656527922575784517e-01 2.478004214672458261e+01
2.165328891268272287e+02 6.501643900218148087e-01 2.458810845440753567e+01
2.165518655338560450e+02 6.597163623313277991e-01 2.464209244695696910e+01
2.165007496540913507e+02 6.342785450630347155e-01 2.465369688467190912e+01
2.164368859472854467e+02 6.587227555237864518e-01 2.456503156555357847e+01
2.164432643097917719e+02 6.617628957558159275e-01 2.456223315354487724e+01
2.163413217343332633e+02 6.360477583785523192e-01 2.451074207598571064e+01
2.163387279756670125e+02 6.565546164900172288e-01 2.440101674153320843e+01
2.164110966601464270e+02 6.594968790365276501e-01 2.440469605271158215e+01
2.163671273344198767e+02 6.303426757089829469e-01 2.464841148965388484e+01
2.163950847605926526e+02 6.575586042642045381e-01 2.449104938225833550e+01
2.164215814364588368e+02 6.360447923880820920e-01 2.453026422526104255e+01
2.164271189406668441e+02 6.690533003317460370e-01 2.437194113695312581e+01
2.164516906887178038e+02 6.709411532660745081e-01 2.439868843901404460e+01
2.164332585409403009e+02 6.340931706586426797e-01 2.446670749846880710e+01
2.170376191401296921e+02 5.472623166461766386e-01 2.458327240694575622e+01
2.168058699917397121e+02 5.702190828860866922e-01 2.422837533423005141e+01
2.167256162215950894e+02 6.137702039563346368e-01 2.405502653819973347e+01
2.167580700893207961e+02 6.435561632540475197e-01 2.398174136266500156e+01
2.167945784660194022e+02 6.374432568948156241e-01 2.396217917251831864e+01
2.166592240079132523e+02 6.104453286391591238e-01 2.401090298096872289e+01
2.164203535164041625e+02 6.000866069217319909e-01 2.404439791134950966e+01
2.161240139935430307e+02 6.182607135283274546e-01 2.401753345266501682e+01
2.159050541960608598e+02 6.543953754276587986e-01 2.384180889826800964e+01
2.159326379074344118e+02 6.651426418966915888e-01 2.404103151216575185e+01
2.158608238631729250e+02 6.695827296306896548e-01 2.382297189279130833e+01
2.158529491584743596e+02 6.658040577715623742e-01 2.394180874996848729e+01
2.158842507389023808e+02 6.726540127626570165e-01 2.390301656060779223e+01
2.159353399247528102e+02 6.692742666217813552e-01 2.389864172466413805e+01
2.159767851925891762e+02 6.584439524195808691e-01 2.413496146436881418e+01
2.159774525404450003e+02 6.699030566014790855e-01 2.394972349553840729e+01
2.159361540891369202e+02 6.778207681618718672e-01 2.396970685633187159e+01
2.159401863531812467e+02 6.853128600897805400e-01 2.393653966789804599e+01
2.159090923920861371e+02 6.952074042986099434e-01 2.395248483266623296e+01
2.157894117106201861e+02 6.919418487908398641e-01 2.400743573810897402e+01
2.158720516200981479e+02 6.783309185227588411e-01 2.392820375168134461e+01
2.159147974747557157e+02 6.622359712358244499e-01 2.402308578682536577e+01
2.159583219019117166e+02 6.844690358009879461e-01 2.391965280115555004e+01
2.159934199501417140e+02 6.598616958643711561e-01 2.402205362214171203e+01
2.160134092429161115e+02 6.840686270875011576e-01 2.387955854197840466e+01
2.160053788237178480e+02 6.497536003416820583e-01 2.409026102199133490e+01
2.159684952492247589e+02 6.864354874827787167e-01 2.384542592364650559e+01
2.160673561605846658e+02 6.793868111301758494e-01 2.366211881461224920e+01
2.160944134086497286e+02 6.800126351194033525e-01 2.368976629478089535e+01
2.161167725278098715e+02 6.609487313717260504e-01 2.365468900848421541e+01
2.160790451290280032e+02 6.538451841954231458e-01 2.390595734015906615e+01
2.158458411623123538e+02 6.354145194131490815e-01 2.372954022698725041e+01
2.157679008647345142e+02 6.481564144734403010e-01 2.394945803939132034e+01
2.156304153424755157e+02 6.255985739517818667e-01 2.390602852393035249e+01
2.156430460128931657e+02 6.460609422061927010e-01 2.395502816949448999e+01
2.155928154812838500e+02 6.386385510543354238e-01 2.378108914136058871e+01
2.156113232618183702e+02 6.589793136994650524e-01 2.381184794553255202e+01
2.155559304237955587e+02 6.624702844829759574e-01 2.373944218617225488e+01
2.155059015795382322e+02 6.540691164759288023e-01 2.356361233911355413e+01
2.155360568046494905e+02 6.691007561792704506e-01 2.363994062087078518e+01
2.155671492827493410e+02 6.437385716679692171e-01 2.363307435293210546e+01
2.155132053310712763e+02 6.472161954943638218e-01 2.375439967611384162e+01
2.155301885925040608e+02 6.493235317234925530e-01 2.363424888515833189e+01
2.155624941607062510e+02 6.628840401535789351e-01 2.360235262364102127e+01
2.156135625846234234e+02 6.463664392246307733e-01 2.359531284525982642e+01
2.155444431427041820e+02 6.676755977583044288e-01 2.364541287328843922e+01
2.155988720338241649e+02 6.693424844025975817e-01 2.382332484565727171e+01
2.156412293437301173e+02 6.580020198395102327e-01 2.376051109947783857e+01
2.157625769118403696e+02 6.472087805181881981e-01 2.388108751006582864e+01
2.157271170127730500e+02 6.787950960313564597e-01 2.380258812328435880e+01
2.158474190692425339e+02 6.853959078229481250e-01 2.375516638465040486e+01
2.158864767147503017e+02 6.604311660346635637e-01 2.383706924549651518e+01
2.159438167255168537e+02 6.410365543495508689e-01 2.396063240848807041e+01
2.159138424258242992e+02 6.820858624581239704e-01 2.371318575553416608e+01
2.159335262215802516e+02 6.816706237922857126e-01 2.377319219173348941e+01
2.158194972349553780e+02 6.534447754819363574e-01 2.394508023745719782e+01
2.158059026176348993e+02 6.487110546913812392e-01 2.403497495962545472e+01
2.156209671798324621e+02 6.277162911475565599e-01 2.397015620388811641e+01
2.155923527867705047e+02 6.499063488509011499e-01 2.394162337556409526e+01
2.154962724914764749e+02 6.257053496087117139e-01 2.394265702324298317e+01
2.156939364773820955e+02 5.570085613314924577e-01 2.406176823453866120e+01
2.156930140543458378e+02 5.840346664966165058e-01 2.393546746234304479e+01
2.156727726523814681e+02 6.138250747800347851e-01 2.406300653555999958e+01
2.155193760742446614e+02 6.376746041514969043e-01 2.408588025406674404e+01
2.156387809185969218e+02 6.367225212105394050e-01 2.413123914632862110e+01
2.155547173336932190e+02 6.464272420292713761e-01 2.384344019302665885e+01
2.155052194017300735e+02 6.490358306478761774e-01 2.384746504209481799e+01
2.155541908703847298e+02 6.067882623893129379e-01 2.410270780099983412e+01
2.155013665801091918e+02 6.218421470211815683e-01 2.404354222309883582e+01
2.154689290253310503e+02 6.318390179012355334e-01 2.396568793924465268e+01
2.154840214678390282e+02 6.329764752465850686e-01 2.397346921524341212e+01
2.154697402237246706e+02 6.407399553025235894e-01 2.411470819844255686e+01
2.155973771746271268e+02 6.330951148653959359e-01 2.424957771710679566e+01
2.156116257928463256e+02 6.354560432797329295e-01 2.426078767808919068e+01
2.155957859207398428e+02 6.570529028890230716e-01 2.404721263630580097e+01
2.156242920551496240e+02 6.486710138200325604e-01 2.402593906965777037e+01
2.156647125732785071e+02 6.462611465629360952e-01 2.415382368076451414e+01
2.156612824052996302e+02 6.439936468484126486e-01 2.425581816105624711e+01
2.156046646132126057e+02 6.513196433099860405e-01 2.422781476203116924e+01
2.155398117485848388e+02 6.509192345964992521e-01 2.429516202464441577e+01
2.153743213443055140e+02 6.545703688654048724e-01 2.417477098846081418e+01
2.152108923034030283e+02 6.524407877077490481e-01 2.403705411894511457e+01
2.151184394144541727e+02 6.523399440317598774e-01 2.426007287438585536e+01
2.151472332499395748e+02 6.551858118879864135e-01 2.434257189931648924e+01
2.149719046552703503e+02 6.416149224912540694e-01 2.419090152763339319e+01
2.148789312349939280e+02 6.332271014413231036e-01 2.417414368147635173e+01
2.148331066822282196e+02 6.471257327850206131e-01 2.416199201851964418e+01
2.148206643522054264e+02 6.589674497375840323e-01 2.406804130438328926e+01
2.148062288765866299e+02 6.527255227928953074e-01 2.420902076341628728e+01
2.146919566787431961e+02 6.377294749751969416e-01 2.414151037132717548e+01
2.146417335621100619e+02 6.539134019762394834e-01 2.427075488906454126e+01
2.146967393383765170e+02 6.430934687406849593e-01 2.426867128075917535e+01
2.147378034764374206e+02 6.547750222078536630e-01 2.433103419638712595e+01
2.146865615420777544e+02 6.425536584750952684e-01 2.419836395965659648e+01
2.147840136079642832e+02 6.373735561187642285e-01 2.419923151186915078e+01
2.148187260774331264e+02 6.317693171251840267e-01 2.433576495118721184e+01
2.147738743695416588e+02 6.289649731355413387e-01 2.432687291175733435e+01
2.148620117423562590e+02 6.468306167332283918e-01 2.436462700445343543e+01
2.148593245549901951e+02 6.267671741970692878e-01 2.444154700130948399e+01
2.147986982267825908e+02 6.638405720802419419e-01 2.436981748777641243e+01
2.148789979697795332e+02 6.526513730311384043e-01 2.424566557567650449e+01
2.148640093369380111e+02 6.728942579907490895e-01 2.425331189910886920e+01
2.149822574450068373e+02 6.359083568264495279e-01 2.448598198753987276e+01
2.149236776502237092e+02 6.547601922555023046e-01 2.438937522893738929e+01
2.147516190600479717e+02 6.598483489072549668e-01 2.431262281054290852e+01
2.146569787531272766e+02 6.343779057437888280e-01 2.457270161690970411e+01
2.143844205418567981e+02 6.118289631935412975e-01 2.446600159273688391e+01
2.143099029972816822e+02 6.333338770982528398e-01 2.453477253077585729e+01
2.141222106713371147e+02 5.981053252875898618e-01 2.471912366845565501e+01
2.139084739830730939e+02 6.279624683565891985e-01 2.452461253041994027e+01
2.138085957369818857e+02 6.296427019579986517e-01 2.450158013142303659e+01
2.136187189590559967e+02 6.093835040508014389e-01 2.440423335819821915e+01
2.134829047724269628e+02 6.557122751964598040e-01 2.423822687157706213e+01
2.133655301485516418e+02 6.433871017972419004e-01 2.412995190646452315e+01
2.135057503140242545e+02 6.579441830253399681e-01 2.421046816676577862e+01
2.135345189385906508e+02 6.350556345662461410e-01 2.428124114837218883e+01
2.135219505539728573e+02 6.547542602745617391e-01 2.430337485225659933e+01
2.135013962400138894e+02 6.464480039625633001e-01 2.425135137940801755e+01
2.135796450006006069e+02 6.366987932867771427e-01 2.417858080321988012e+01
2.136100211920019092e+02 6.631435643197278740e-01 2.409762557632902258e+01
2.141533772991987519e+02 5.664507919936053737e-01 2.403058381073421756e+01
2.139644852301089486e+02 5.702101849146758994e-01 2.390908201111949793e+01
2.139553069725986916e+02 6.170758003354535060e-01 2.390959661046608886e+01
2.139210408846956284e+02 6.381817885219134290e-01 2.378155035287871755e+01
2.136138324897562200e+02 6.463234323628118672e-01 2.368590160919812959e+01
2.132478292657245618e+02 6.273796512291806016e-01 2.363516537621364577e+01
2.129049830122895912e+02 6.257661524133523168e-01 2.351856784184152360e+01
2.126184045640661395e+02 6.300994644904206465e-01 2.355611134921423400e+01
2.123503012704820208e+02 6.450065325940107508e-01 2.361925432033586958e+01
2.121874357677688749e+02 6.556574043727597667e-01 2.364366590490144659e+01
2.121107397031933317e+02 6.683918844568752515e-01 2.348272088101780852e+01
2.120974520658865003e+02 6.679677478196262008e-01 2.353776521516036269e+01
2.120437305634937104e+02 6.762324802650409028e-01 2.356204333015477914e+01
2.120166866623857516e+02 6.850874448140398254e-01 2.349666251922332449e+01
2.120891695374982646e+02 6.738834158125850404e-01 2.352951086368159395e+01
2.120538505229782800e+02 6.909185820785957999e-01 2.334003597746440306e+01
2.120539587816304277e+02 6.956804797786184658e-01 2.325129799157955190e+01
2.120379587460385551e+02 6.918068962244424691e-01 2.321043702386584329e+01
2.120489581216975523e+02 6.924534821469618961e-01 2.323389207650475896e+01
2.120747251639080559e+02 6.969217467904275098e-01 2.312576392792049873e+01
2.121412597451324302e+02 6.953482888459479039e-01 2.305253214021423247e+01
2.121835695991908892e+02 6.838446948069956122e-01 2.315630621478813111e+01
2.122043819543207803e+02 6.845802604436231897e-01 2.314885712972204246e+01
2.122230454493549701e+02 6.575348763404422758e-01 2.317775180888343911e+01
2.122753076844363989e+02 6.682302379762453670e-01 2.319149620872268258e+01
2.121863650452091008e+02 6.862456640926812845e-01 2.308940978272636713e+01
2.121759010308299764e+02 6.639325177848203197e-01 2.308219649390266426e+01
2.121369813038790824e+02 6.542485588993802725e-01 2.307682508516100128e+01
2.120090655498723891e+02 6.896951110096083415e-01 2.299689905696332914e+01
2.119876407177103772e+02 6.731359862140763317e-01 2.300390324345887905e+01
2.118215066934990034e+02 6.807897246226147780e-01 2.298993639433436442e+01
2.115737337815933472e+02 6.792236816543107958e-01 2.295452840010025142e+01
2.113773051307186108e+02 6.431646525119715241e-01 2.283650719030239884e+01
2.113449357937213051e+02 6.635706669474471520e-01 2.297111570180524964e+01
2.112336651782337924e+02 6.751617577052725361e-01 2.287443775943147983e+01
2.110222894183841049e+02 6.563099222762197593e-01 2.270834674208191828e+01
2.109337323579179326e+02 6.767500456021035005e-01 2.266824506792859850e+01
2.108597561066036405e+02 6.608330577433855213e-01 2.279643221006330833e+01
2.107460993517827887e+02 6.662044664850491626e-01 2.277726449664917396e+01
2.107226487481295862e+02 6.596036546934574973e-01 2.246561897996621582e+01
2.108085660770771881e+02 6.809632350651256827e-01 2.246287543878121440e+01
2.108105785016112748e+02 6.527833596070655720e-01 2.259539737598823095e+01
2.107088998993046118e+02 6.635380410522740968e-01 2.255257737156890485e+01
2.107589183625952955e+02 6.869115289532574664e-01 2.259980335483182046e+01
2.108612984216481721e+02 6.577083867829532915e-01 2.282993752141074495e+01
2.109374873018533094e+02 6.818159573253290695e-01 2.271598861652857337e+01
2.109432101804656838e+02 6.655682615291756976e-01 2.265884287813783260e+01
2.109062079663538043e+02 6.808683233700769666e-01 2.274134338606370065e+01
2.108996368144669020e+02 6.862738410021488322e-01 2.264786278141688314e+01
2.109261468372902186e+02 6.598720768310171181e-01 2.272698206020664102e+01
2.109662959672910461e+02 6.678861830816937850e-01 2.270123577992944064e+01
2.108994855489529243e+02 6.599343626308928901e-01 2.279282556565145867e+01
2.107875831774952644e+02 6.873668084904442921e-01 2.265355006814363037e+01
2.105556308587580645e+02 6.515065007096132454e-01 2.271365438202846931e+01
2.104595846723544526e+02 6.718546783309184978e-01 2.279379989352094071e+01
2.104540812770368632e+02 6.458414589113925519e-01 2.264293033926481868e+01
2.104840451957627749e+02 6.567740997848173778e-01 2.274085696362657671e+01
2.104652927210144924e+02 6.455329959024841413e-01 2.260422861261346839e+01
2.104728411667613273e+02 6.596867024266250823e-01 2.260186471820865961e+01
2.103871181101895047e+02 6.665084805082521768e-01 2.267741442746744340e+01
2.108196129085837356e+02 5.756972672846801808e-01 2.287190332057463138e+01
2.106588577080901814e+02 6.054506006872200086e-01 2.262973316466734275e+01
2.106416519973721222e+02 6.291458985542279780e-01 2.266650254852731194e+01
2.106033936862960729e+02 6.518728005326919206e-01 2.270533329576412029e+01
2.106309017649126361e+02 6.622285562596487152e-01 2.261942338179267509e+01
2.106804560506947155e+02 6.455552408310112344e-01 2.269467204301872698e+01
2.107271333257206152e+02 6.426530191558494920e-01 2.274413586609146165e+01
2.107692355604461341e+02 6.528100535212980615e-01 2.263421032728221860e+01
2.107960495972926367e+02 6.480333258689240372e-01 2.272781105454308204e+01
2.108255434065290217e+02 6.445601510282347180e-01 2.277065033790046300e+01
2.108458040874314747e+02 6.552362337259810543e-01 2.267265549575789052e+01
2.107176095303205727e+02 6.857147517985024976e-01 2.270117052813909453e+01
2.107726657284250109e+02 6.861507523976325684e-01 2.277418728153626404e+01
2.107665750669943066e+02 7.025096728364211840e-01 2.277172550944593965e+01
2.107868327819062699e+02 7.069512435656544191e-01 2.269771070025552007e+01
2.106266737454972429e+02 7.112993855950741073e-01 2.274526739145587229e+01
2.105613626353418510e+02 7.061118682625672216e-01 2.265213380769407436e+01
2.104750137547808038e+02 6.954817584171102407e-01 2.259235130377525991e+01
2.104256433604078893e+02 6.488890141195976513e-01 2.265754080832138229e+01
2.104391593789809178e+02 6.697532740827303321e-01 2.253183026822934920e+01
2.103266801223767573e+02 6.353818935179761374e-01 2.247070120463703091e+01
2.103703750939848192e+02 6.639873886085203569e-01 2.240881877946526046e+01
2.103160811554312488e+02 6.541314022758044633e-01 2.253319017485996767e+01
2.102255754392261053e+02 6.301024304808908738e-01 2.248866472592023413e+01
2.102970365306216252e+02 6.423178622327085918e-01 2.259085199559253709e+01
2.103534971252137495e+02 6.564626707854387400e-01 2.260646496942805328e+01
2.103496650655261533e+02 6.435517142683420122e-01 2.263105006443614187e+01
2.104037943916086135e+02 6.600678322020551159e-01 2.273265451698103590e+01
2.104708895450318948e+02 6.760426568749434706e-01 2.262661294269261347e+01
2.105050221633637761e+02 6.841249809064363641e-01 2.241794661513752729e+01
2.105381063040644563e+02 6.998091385132380049e-01 2.243332379273065413e+01
2.105523845821883242e+02 7.017222023665637964e-01 2.250305274569152658e+01
2.105629776171529102e+02 6.774248084340904752e-01 2.254430374115208124e+01
2.105969841808898195e+02 6.957546295403752579e-01 2.240741438297758847e+01
2.106115382961274634e+02 6.805405814231119122e-01 2.234671835399392847e+01
2.106527121758357737e+02 6.939305454011576169e-01 2.234348394138609706e+01
2.107256028746379570e+02 6.645301648645802750e-01 2.246316313985683166e+01
2.107421442034906818e+02 7.072374616460357366e-01 2.209594830871808568e+01
2.105954092399501008e+02 6.820117126963670673e-01 2.225952416614885365e+01
2.103529617639338483e+02 6.809573030841852281e-01 2.205490493259044982e+01
2.102285607086344328e+02 6.886688783068940500e-01 2.202633651238078727e+01
2.099854681296909007e+02 6.537932793621934469e-01 2.176620876717123210e+01
2.100315536896179935e+02 6.718235354309806118e-01 2.176371585218096527e+01
2.099943690670921796e+02 6.452408458411622583e-01 2.185973831066080919e+01
2.099131869419303484e+02 6.617851406843430206e-01 2.182123530537096556e+01
2.098473241575474901e+02 6.357407783648790778e-01 2.206490773545144535e+01
2.098142652277658158e+02 6.340842726872318869e-01 2.195648150482492511e+01
2.097618650741275133e+02 6.785162929271508769e-01 2.175575365076351986e+01
2.097803980655810108e+02 6.712748271939802391e-01 2.171285653059196719e+01
2.098681024037869634e+02 6.579382510443994025e-01 2.179125655669268369e+01
2.100009683958885489e+02 6.754835676712970249e-01 2.188879760229330529e+01
2.102080449525515746e+02 6.610495750477153321e-01 2.207455165346553727e+01
2.103583302066850536e+02 6.569832021129715649e-01 2.221545547974154289e+01
2.104215147016732601e+02 6.790679671546214768e-01 2.218400559979000874e+01
2.105549768578593444e+02 6.540735654616341987e-01 2.238757635571716875e+01
2.108122023813937460e+02 6.671016786023066247e-01 2.239206241630345673e+01
2.109585473171874810e+02 6.585967009287999607e-01 2.247801682013195546e+01
2.109188074938715260e+02 6.678861830816937850e-01 2.257893316288774699e+01
2.109349943868630248e+02 6.573895428073989189e-01 2.265833124478171001e+01
2.109962954779026347e+02 6.715966371600048390e-01 2.262907174879246952e+01
2.118839660038172212e+02 5.733615497893405077e-01 2.291705162751312130e+01
2.117008309222302387e+02 5.955679204402716254e-01 2.277716068698271101e+01
2.115993006194471207e+02 6.284993126317085510e-01 2.285219134790919782e+01
2.115412339410153493e+02 6.412931125252294695e-01 2.282340937638567269e+01
2.112339484303236929e+02 6.290287419306521688e-01 2.290736321964197586e+01
2.110230353649873791e+02 6.114255884895841708e-01 2.299911020285891894e+01
2.107101545132735509e+02 6.396618177665794880e-01 2.310082143106074071e+01
2.107008620651301953e+02 6.411893028587699606e-01 2.319954442386376670e+01
2.106313911533402177e+02 6.535960409959202799e-01 2.312901613647115440e+01
2.106629033190916402e+02 6.702471114960307785e-01 2.292452147451250255e+01
2.106674294205492686e+02 6.566969840325903585e-01 2.291556714928275085e+01
2.106099470422401509e+02 6.548669679124321519e-01 2.303510842919661528e+01
2.106708047177044421e+02 6.542381779327343105e-01 2.297722860816448076e+01
2.106668925762741651e+02 6.619719980839701146e-01 2.293821396951851455e+01
2.106227971959526144e+02 6.595398858983465562e-01 2.302908895153719726e+01
2.106971649580089831e+02 6.523962978506949728e-01 2.298435588326454848e+01
2.109379826222618419e+02 6.391635313675737562e-01 2.314785610793832404e+01
2.109302458361201218e+02 6.450169135606567128e-01 2.325071665744738070e+01
2.108928728731994511e+02 6.522479983271813886e-01 2.323771968720664560e+01
2.108735791051903448e+02 6.590623614326327484e-01 2.328465055441776954e+01
2.108608594550585735e+02 6.697903489636087837e-01 2.315407134096878039e+01
2.107692622543603704e+02 6.394230555337225841e-01 2.321105394988365944e+01
2.107876706742141266e+02 6.749674853294695964e-01 2.321445297496259030e+01
2.108211893325186850e+02 6.560785750195384791e-01 2.334728485817375088e+01
2.109173853014410156e+02 6.766551339070547844e-01 2.332866733599184883e+01
2.109060730137874202e+02 6.602220637065092657e-01 2.324211973406929488e+01
2.109820394447072545e+02 6.509325815536154414e-01 2.329426629552239092e+01
2.109361926470130300e+02 6.971530940471087900e-01 2.312247316149373333e+01
2.108284352472375645e+02 6.712585142463937116e-01 2.318921536205104061e+01
2.107492373697003245e+02 6.967141274575084919e-01 2.307573953264888189e+01
2.107105178471061606e+02 6.814719024307774875e-01 2.312052302275952798e+01
2.106486339389391560e+02 6.660932418424139190e-01 2.301399650902921579e+01
2.106645049539455954e+02 6.689316947224648313e-01 2.307640094852375157e+01
2.106481564144734477e+02 6.836311434931359177e-01 2.294848816050754081e+01
2.106000361850837237e+02 6.648119339592561960e-01 2.290270216561794214e+01
2.106259574587986947e+02 6.821318353104131038e-01 2.287008665141159014e+01
2.106550627232834643e+02 6.568497325418093391e-01 2.289986519573312762e+01
2.106859683439837170e+02 6.730010336476789368e-01 2.284768452538962080e+01
2.106463456772913503e+02 6.750534990531075197e-01 2.274420704986274799e+01
2.107036560281531763e+02 6.904707175175845979e-01 2.274757493204174352e+01
2.107897112756576803e+02 6.765409432739493134e-01 2.282411676511283360e+01
2.107673061836452177e+02 7.071618288890437753e-01 2.256417142831720213e+01
2.108908945575557823e+02 6.891493687630781961e-01 2.264788799233588179e+01
2.109176937644499219e+02 6.989875591529723931e-01 2.267795572072827071e+01
2.108851790939195610e+02 6.736876604415470426e-01 2.274176752270095037e+01
2.109104018768787796e+02 7.078054488210929751e-01 2.243642176977685310e+01
2.108685591663193861e+02 7.128328026682050345e-01 2.253499498006112844e+01
2.109394745154683903e+02 6.802395333903792363e-01 2.266933803541689230e+01
2.109130638533258377e+02 7.004542414405222628e-01 2.263436307579143758e+01
2.110715871459904918e+02 6.703790980719579462e-01 2.281109458395310341e+01
2.111244559261231188e+02 7.010251946060497286e-01 2.259059692041209644e+01
2.112284168580966366e+02 6.743090354450691493e-01 2.256264987520595255e+01
2.111614522082540475e+02 6.932720955167570587e-01 2.274567224915506358e+01
2.111262696292956775e+02 6.868433111724412399e-01 2.272049692204338811e+01
2.109126856895408935e+02 7.128075917492077140e-01 2.271644093007529008e+01
2.106651381929109732e+02 6.841427768492579498e-01 2.278915070345879101e+01
2.105982106179492916e+02 6.998299004465298179e-01 2.269147470529177113e+01
2.105991167280379557e+02 7.014789911480014961e-01 2.275542442582132097e+01
2.105817063639774460e+02 6.800156011098735798e-01 2.265779884949229483e+01
2.105810775739977601e+02 6.916052088724639058e-01 2.270188384884719213e+01
2.108780607167909125e+02 5.721944325392882558e-01 2.284686739501506025e+01
2.106935034427734479e+02 6.194263477831445375e-01 2.257017459302903362e+01
2.106797323490199574e+02 6.452349138602218037e-01 2.260407883009471774e+01
2.105831611823031153e+02 6.771237604013577993e-01 2.260998856610673613e+01
2.105532209915009503e+02 6.774455703673823992e-01 2.248765628916034132e+01
2.105916958198813234e+02 6.753649280524861576e-01 2.254955799327016663e+01
2.106886080755022590e+02 6.944095528621067048e-01 2.238991355620774470e+01
2.107424526664995881e+02 7.081257757918824058e-01 2.222345623903510514e+01
2.107557610657397049e+02 6.810655617363501335e-01 2.251809773235198620e+01
2.108242546836696931e+02 6.858437723839593270e-01 2.252877826403543793e+01
2.109166393548377414e+02 6.951688464224964337e-01 2.243400152155311034e+01
2.110429089841334473e+02 6.892368654819511775e-01 2.249000831960326963e+01
2.110737893939146659e+02 6.978159929172147447e-01 2.239114889123861118e+01
2.110581808690648700e+02 7.035537014819571722e-01 2.237793392069831455e+01
2.110801514434734258e+02 7.086655860574719856e-01 2.239673830027984280e+01
2.110342586729268817e+02 7.065196919522297447e-01 2.246897054919762482e+01
2.109139818273763751e+02 7.229631431194211144e-01 2.240136969439917181e+01
2.109355252991572058e+02 7.039140693240952817e-01 2.247028151698548726e+01
2.108378404030187880e+02 7.120364342269368541e-01 2.240596697962809358e+01
2.107485136680255948e+02 7.021700669275749984e-01 2.247215602296269665e+01
2.107694416967838151e+02 6.820903114438293668e-01 2.234882272423258698e+01
2.108071068097658269e+02 7.012446779008498776e-01 2.237273305640869125e+01
2.108416220408683728e+02 6.862441810974461154e-01 2.236732012380044310e+01
2.110052661160799801e+02 6.880163604034340574e-01 2.249278448668344410e+01
2.109705076737588456e+02 6.851349006615641279e-01 2.234031626356384592e+01
2.109566876411626026e+02 6.968164541287328317e-01 2.234345279848615817e+01
2.109348564683061795e+02 6.791005930497945320e-01 2.233082212806850109e+01
2.109498569651095750e+02 6.748933355677128043e-01 2.224898451901274044e+01
2.109323887642349007e+02 7.051849962406070427e-01 2.218216371970796885e+01
2.108902227607142663e+02 6.873475295523875372e-01 2.226913545826777252e+01
2.109924634182150385e+02 6.982030546735853438e-01 2.233847586647704020e+01
2.111145480349571528e+02 6.674175565873906590e-01 2.234542369915365612e+01
2.111595421103911860e+02 6.860454597359378903e-01 2.227459732971878026e+01
2.112694706151909259e+02 6.498366480748497542e-01 2.235145059178924853e+01
2.112799375955605115e+02 6.706297242666959812e-01 2.217834945596319685e+01
2.113807916525164217e+02 6.553370774019703360e-01 2.222323823873554005e+01
2.115217948394731877e+02 6.633230067431793442e-01 2.230407927499328835e+01
2.116131873868289119e+02 6.531778363396117948e-01 2.236145784363595013e+01
2.115677810387195166e+02 6.588428781378324883e-01 2.239584998613399591e+01
2.114849097819848680e+02 6.694196001548247121e-01 2.249664324028526963e+01
2.113613629319409029e+02 6.833567893746357313e-01 2.240037312160115945e+01
2.111429192168005500e+02 6.602457916302715279e-01 2.237834322738321191e+01
2.110568150304532935e+02 6.890589060537348765e-01 2.222014915966074966e+01
2.110917929560692414e+02 6.530399177827441726e-01 2.242805026167451032e+01
2.110419005473735297e+02 6.748206688011911814e-01 2.239094720388663262e+01
2.110316055944512357e+02 6.579293530729886097e-01 2.238051284941221653e+01
2.110363719411369630e+02 6.875714618328930827e-01 2.227953125486607888e+01
2.110295931699171490e+02 6.886273544403102020e-01 2.219576426900940191e+01
2.110991471294402686e+02 6.529064482115819468e-01 2.241562721058977203e+01
2.110293647886509234e+02 6.678298292627585786e-01 2.225783503457603274e+01
2.111854203772443270e+02 6.514768408049105286e-01 2.225729967329614922e+01
2.112503488746290543e+02 6.708017517139717167e-01 2.227733197293236955e+01
2.112946429763121046e+02 6.471983995515422361e-01 2.227284294635561324e+01
2.113593060175497556e+02 6.701566487866874589e-01 2.216268902628015880e+01
2.114963066003668928e+02 6.434553195780582380e-01 2.238543935958333719e+01
2.114987342635668028e+02 6.679455028910992187e-01 2.224416626749378167e+01
2.115137332773749677e+02 6.488059663864299553e-01 2.236237285169602629e+01
2.116610896159190531e+02 6.766699638594061428e-01 2.216072554058883881e+01
2.117296929754964765e+02 6.738537559078822126e-01 2.223991007116894281e+01
2.118798121341636147e+02 6.567162629706471133e-01 2.235543984897176628e+01
2.120352003749011942e+02 5.709665124845954010e-01 2.234823100913376592e+01
2.117615017402949036e+02 5.964072957433588229e-01 2.204981380994822970e+01
2.115787270265500695e+02 6.190986058361794830e-01 2.220032892834315419e+01
2.115505634640395840e+02 6.400562944991258219e-01 2.221253397912832384e+01
2.115663336353700288e+02 6.410276563781400760e-01 2.225111706616086593e+01
2.115099709184634378e+02 6.672025222782959064e-01 2.221815898005519685e+01
2.114189787798211739e+02 6.730010336476789368e-01 2.212677533067086344e+01
2.113878596078070871e+02 6.778237341523422055e-01 2.205966683029047459e+01
2.113376972939786071e+02 6.979776393978446292e-01 2.188946643314434937e+01
2.113828100090314308e+02 6.858348744125485341e-01 2.219021490083952486e+01
2.114825384726038919e+02 6.883263064075775262e-01 2.199352672579863111e+01
2.114148486380913141e+02 7.125436185973534897e-01 2.180194450335230982e+01
2.115535279715146260e+02 6.921820940189319371e-01 2.189813602328895570e+01
2.116037777820619965e+02 6.942746002957091989e-01 2.189302413871344299e+01
2.118354661276473223e+02 7.067465902232056285e-01 2.183089998531834652e+01
2.118414262854973344e+02 6.962277050203837803e-01 2.188393189492682112e+01
2.119859174772471420e+02 6.609872892478396711e-01 2.200370748808784072e+01
2.120218890096706161e+02 6.613684190232697047e-01 2.208855112848522495e+01
2.122835234780390579e+02 6.532208432014308119e-01 2.224648270605106504e+01
2.123459397814954741e+02 6.762013373651030168e-01 2.219816968728079587e+01
2.124791290665583006e+02 6.734385172420440657e-01 2.194127932066954401e+01
2.123966196606610310e+02 6.598854237881334184e-01 2.196017712895088536e+01
2.122765014956006837e+02 6.891063619012591790e-01 2.175990603742190288e+01
2.121269265961848589e+02 6.642291168318475991e-01 2.181982942588805585e+01
2.120027939630230094e+02 6.860499087216432867e-01 2.183753638899558069e+01
2.118868771234637904e+02 6.588161842236001098e-01 2.179223978253357785e+01
2.117799605819866429e+02 6.320362562675085893e-01 2.181960252761707864e+01
2.118014269380152541e+02 6.445512530568239251e-01 2.181793564097278448e+01
2.117301616019907726e+02 6.363769833207525428e-01 2.174528815338916488e+01
2.116862041402260957e+02 6.454425331931408216e-01 2.181636811500924722e+01
2.116593604434748954e+02 6.380853938316296547e-01 2.181291570210185071e+01
2.116642305998270785e+02 6.390908646010520222e-01 2.190227654598545826e+01
2.115937408703105973e+02 6.621440255312459611e-01 2.184286330788019015e+01
2.115908208526925876e+02 6.402105260035799716e-01 2.190305956746960803e+01
2.117304374391045201e+02 6.453327915457407471e-01 2.188417065715967880e+01
2.117702069223251726e+02 6.702278325579740237e-01 2.189451899791045975e+01
2.119661328378151950e+02 6.382767002169622561e-01 2.185681532705235242e+01
2.121055002810275880e+02 6.401141313132960864e-01 2.171573057535766083e+01
2.121623805632712561e+02 6.587301704999621865e-01 2.178699887737260710e+01
2.123233330021310508e+02 6.340086399302399256e-01 2.213431042946059080e+01
2.123206947536077678e+02 6.561453098051196475e-01 2.210146949997849575e+01
2.124320869747045606e+02 6.865422631397085640e-01 2.198422389668861854e+01
2.127074969858121847e+02 6.557374861154571244e-01 2.216268754328492463e+01
2.128372116130390737e+02 6.689435586843459625e-01 2.213432970839864566e+01
2.130041301417298598e+02 6.652953904059106804e-01 2.217169080735743592e+01
2.131038941971879410e+02 6.381995844647351257e-01 2.235526782152448888e+01
2.130150019797986261e+02 6.507071662778747267e-01 2.231621907398811544e+01
2.128381725939514695e+02 6.717701476025157437e-01 2.224390229434192889e+01
2.127494865128998356e+02 6.497120764750983213e-01 2.212677088168515738e+01
2.127389053418971230e+02 6.341332115299913585e-01 2.222382253885818315e+01
2.127563216379385835e+02 6.583549727054727185e-01 2.216213586905745103e+01
2.127483253276307096e+02 6.409624045877940768e-01 2.219220656344031184e+01
2.128022766942849842e+02 6.551339070547566035e-01 2.204189609838783426e+01
