1.690755296565491790e+02 5.467605544699216669e-01 1.318021678311847111e+01
1.690966948306645463e+02 5.626871546864236073e-01 1.311947322545725569e+01
1.691416101980852318e+02 5.614623019499234147e-01 1.307336990904106422e+01
1.691150623497490528e+02 5.339848308051341474e-01 1.289531463075171125e+01
1.690792604490306701e+02 4.493680673686578086e-01 1.314172442395017626e+01
1.689434353516750775e+02 4.407940982131560159e-01 1.291647101826207944e+01
1.688244453894926380e+02 5.030542238967539159e-01 1.301302877788868351e+01
1.689398346009475347e+02 5.398261658067509128e-01 1.284783533199308359e+01
1.690553222223784360e+02 6.113913061815523520e-01 1.283518965008224200e+01
1.691734985449382123e+02 6.232725534577048254e-01 1.274534309935189924e+01
1.692706555510255839e+02 6.407983157835542842e-01 1.276925672351014285e+01
1.694794164991353966e+02 6.264831789233948900e-01 1.287146075550744406e+01
1.695669574447146886e+02 6.333156429686072064e-01 1.288711145632705879e+01
1.696394135468361242e+02 6.470069308740211689e-01 1.283852504533888172e+01
1.697429812599288539e+02 6.409670185994854608e-01 1.292538590769144236e+01
1.698769049359632106e+02 6.613536995121677142e-01 1.274254192967904231e+01
1.699623933306153560e+02 6.552716115336492120e-01 1.276492668456791080e+01
1.698709212579606742e+02 6.730170389844090106e-01 1.279516842164457202e+01
1.696675728585286436e+02 6.727323529825252058e-01 1.280178473520687099e+01
1.693581789233948598e+02 6.917061478117838558e-01 1.277819621543349626e+01
1.691995701592835815e+02 6.773365340006466395e-01 1.287914903487930651e+01
1.691651881739325916e+02 6.776862408795040205e-01 1.266831269066932819e+01
1.691279364833897887e+02 6.603625704685720521e-01 1.287837405631862353e+01
1.690951624467531644e+02 6.499820753258073180e-01 1.305503402173454575e+01
1.690501908450605129e+02 6.738464944960705916e-01 1.286851372819164574e+01
1.690150602409638623e+02 6.658858303693185876e-01 1.291763963672660331e+01
1.690207609902855381e+02 6.847823030746088557e-01 1.289640944173426540e+01
1.690465408893450103e+02 6.904935963222785800e-01 1.281383995726195302e+01
1.690312820711082509e+02 6.823132670706162362e-01 1.291412148008603822e+01
1.691367230883862192e+02 6.585613164443069323e-01 1.289990651052283788e+01
1.691599566293177475e+02 6.720874161757883769e-01 1.290132818321125896e+01
1.692349467883201442e+02 6.793539385078235515e-01 1.281806279962323103e+01
1.694238183773600781e+02 6.828299194444054088e-01 1.268712656928765270e+01
1.694711342452657732e+02 6.827051496534563002e-01 1.271822939365396188e+01
1.694510761833799677e+02 6.925180301134526983e-01 1.260319164639889777e+01
1.693714906299644269e+02 6.922649758895559335e-01 1.270391952875680097e+01
1.694107087627054398e+02 6.724757841166298933e-01 1.283967609059341264e+01
1.695391495972220355e+02 6.856100012652711628e-01 1.276852743529544121e+01
1.695916495620756166e+02 6.876730961184294166e-01 1.278090248977239263e+01
1.697031111610971266e+02 6.564103555411845425e-01 1.286276377388199244e+01
1.697909034035793070e+02 6.754895896304002889e-01 1.281408949684385234e+01
1.699286967004540827e+02 6.826717605544698753e-01 1.285982904781318936e+01
1.699843194247233953e+02 6.783856546372186713e-01 1.285791708256597055e+01
1.701217471988303203e+02 6.875729288214702528e-01 1.273021959483206977e+01
1.701525249188117641e+02 6.868243100757757125e-01 1.283517383419324887e+01
1.701143611786703502e+02 6.940170249258410529e-01 1.281914530935878815e+01
1.699307914270852393e+02 6.826664885914720537e-01 1.309987909631524872e+01
1.698421029508934339e+02 6.762821414010768972e-01 1.304077687646736372e+01
1.697428424315699260e+02 6.824081624045774674e-01 1.294813267070616192e+01
1.697189165061646747e+02 6.876555229084365672e-01 1.300146912035540048e+01
1.696927253939913669e+02 6.859597081441284327e-01 1.276925848083114268e+01
1.696383802420885445e+02 6.822623047616369618e-01 1.291403712867807307e+01
1.696349517088189316e+02 7.048719967384122764e-01 1.294787610184026683e+01
1.696705532749434155e+02 6.929837201782625966e-01 1.307325216853411298e+01
1.696304055193938041e+02 6.957462287891355013e-01 1.281759183759542253e+01
1.696005398490109712e+02 6.818106732648212542e-01 1.299627096483952116e+01
1.695890856307376566e+02 6.814082467559854361e-01 1.297768553795110513e+01
1.695846343366464737e+02 6.923528419395200695e-01 1.275829631243761497e+01
1.696936497448369892e+02 7.020216220775751248e-01 1.286203624298828885e+01
1.697086344209978677e+02 7.014540073948067889e-01 1.286427155529937671e+01
1.700306670087584848e+02 5.724859765784257037e-01 1.286774753623595835e+01
1.701265657730103555e+02 6.085040277797303387e-01 1.282290597629725504e+01
1.701108746538077696e+02 6.476272651867680530e-01 1.286882653132951937e+01
1.701151115547370409e+02 6.688187991171219426e-01 1.284263190451420655e+01
1.701212621782345309e+02 6.650054125486778434e-01 1.296676554526155911e+01
1.701617490967369974e+02 7.002484851892986084e-01 1.296718730230138839e+01
1.701784946085391823e+02 7.025189439203722852e-01 1.300750200334593920e+01
1.701968480690556760e+02 7.025031280313787097e-01 1.304530373536151622e+01
1.702713479354992785e+02 7.044519970195836089e-01 1.325989371722596388e+01
1.702901354543026287e+02 7.021200320535350148e-01 1.319133183843893597e+01
1.703544428589503923e+02 7.296361642603084174e-01 1.310413181313351494e+01
1.703515995135735466e+02 7.263886350536334913e-01 1.321623834896177563e+01
1.702191924055615573e+02 7.192433678705486555e-01 1.327316149077054952e+01
1.700201986475657634e+02 7.119118246615400158e-01 1.331491895235551226e+01
1.698408605249469190e+02 6.980869803601804646e-01 1.332108539174199713e+01
1.697726659262487487e+02 6.748710126386526786e-01 1.327444433510002675e+01
1.697348729808381620e+02 6.768409694788488640e-01 1.319889183337785177e+01
1.697139995220086917e+02 6.907870689291588651e-01 1.319012807355442796e+01
1.696600111062687120e+02 6.789304241469963364e-01 1.317567235101432566e+01
1.696991940925897211e+02 6.575596434747156271e-01 1.319393443083887441e+01
1.697285536545247453e+02 6.468294414530936232e-01 1.334069182213099758e+01
1.697311808494186778e+02 6.522578060198788164e-01 1.332714287722652635e+01
1.696847260688026324e+02 6.733017249862929265e-01 1.323453908984830818e+01
1.697320735684863280e+02 6.923440553345235893e-01 1.310358352898173706e+01
1.697718417427000759e+02 7.004101587212326896e-01 1.306149569104890951e+01
1.698191470666797898e+02 6.809952763211539750e-01 1.316591921946830546e+01
1.699288917630850051e+02 6.882038070602128910e-01 1.285884846269559034e+01
1.700097478595830296e+02 6.742998833138856840e-01 1.296041282984915100e+01
1.700217450900451297e+02 6.761134385851457207e-01 1.294819066229913851e+01
1.699789877128115734e+02 6.765597981189636068e-01 1.300597313407656230e+01
1.700197716185629417e+02 6.749167029846340204e-01 1.297012027104919163e+01
1.701285533030605563e+02 6.802378709704629545e-01 1.306131820162798185e+01
1.702132702337939918e+02 7.093039602986039860e-01 1.307583367308206057e+01
1.702839321111751474e+02 7.123089792073779014e-01 1.293431485568880035e+01
1.703557046154278680e+02 7.082671409090269821e-01 1.290853847127131715e+01
1.704272908436546743e+02 7.011622921089257776e-01 1.307223116503353033e+01
1.705206362204945663e+02 6.886958569400121188e-01 1.291219194162882644e+01
1.706020212706133634e+02 6.819758614387538831e-01 1.299827079613670477e+01
1.706615259169701062e+02 7.082935007240162006e-01 1.287375933137450623e+01
1.704697986813063153e+02 7.026718308473098862e-01 1.302020216220775772e+01
1.702829269235635650e+02 6.934212931070841135e-01 1.307455961535757893e+01
1.701482757166355100e+02 6.830495845693157486e-01 1.314081061703054942e+01
1.700066866064022690e+02 7.093109895826010813e-01 1.283536713950316965e+01
1.699077160450436565e+02 6.911104159930269164e-01 1.307010656394539616e+01
1.697800027414207591e+02 6.985104947210076798e-01 1.282760329532833765e+01
1.697477435998369231e+02 7.014188609748210901e-01 1.301113965781445536e+01
1.696447540453529541e+02 6.986756828949403086e-01 1.296471826629739432e+01
1.696594399769439576e+02 7.024627096483951894e-01 1.312181221970730149e+01
1.696929134273382829e+02 7.100279765503085816e-01 1.299829715595169510e+01
1.696205082875258370e+02 7.075185221633324417e-01 1.284575114928793305e+01
1.696635731959342763e+02 7.068032925166242153e-01 1.306828246474814037e+01
1.696841373662678620e+02 6.961802870759584705e-01 1.277019864756575807e+01
1.697414506333385020e+02 6.925707497434311355e-01 1.304791511436645024e+01
1.697640743838832691e+02 6.971520855885618984e-01 1.303896683583810123e+01
1.697996741926867230e+02 6.849387046435450044e-01 1.286265833462203467e+01
1.698906753033135999e+02 6.738710969900606473e-01 1.296220178262642087e+01
1.699305401301823508e+02 6.960625465690064573e-01 1.269485175240050090e+01
1.699313309246320216e+02 6.893776974877339203e-01 1.282122773474293886e+01
1.699831349903698765e+02 6.848666544825744440e-01 1.290890047939716823e+01
1.699907354036917866e+02 7.013204509988613111e-01 1.269115259169701027e+01
1.703736433481885513e+02 5.731520012371539297e-01 1.272749750460418028e+01
1.703938806568162931e+02 6.127778324499866258e-01 1.268426389337981952e+01
1.704388628024349543e+02 6.350641773628937781e-01 1.282373367448791690e+01
1.704361899171950370e+02 6.579690992675486516e-01 1.289174023983916939e+01
1.704369912555707174e+02 6.581378020834798281e-01 1.296428245068957352e+01
1.704657357551559755e+02 6.587317765812373827e-01 1.297865206450070907e+01
1.704023456720698562e+02 6.757654890272877246e-01 1.293219552656366389e+01
1.702576742208038638e+02 6.664868341510733485e-01 1.298749138912710421e+01
1.699842491318834163e+02 6.645485090888642032e-01 1.290006818405477240e+01
1.698179608750052694e+02 6.779709268813878253e-01 1.305563854015829861e+01
1.697366619336154372e+02 7.057506572380537468e-01 1.306572029073118557e+01
1.697045099886125570e+02 7.192240373395566433e-01 1.308417216122365723e+01
1.696708098438093089e+02 6.967830481787125052e-01 1.309955926389337932e+01
1.696642690950499741e+02 6.838351070559952616e-01 1.318146096638596454e+01
1.697483481182606795e+02 6.797581223376586435e-01 1.324599506544263328e+01
1.697902233203525952e+02 6.764420576120115935e-01 1.316931787828091771e+01
1.698169064824056989e+02 7.064904893787519180e-01 1.310299834108897699e+01
1.698417374281255832e+02 7.168709845215166521e-01 1.306873233892395803e+01
1.698681886238067875e+02 7.302916449930410003e-01 1.293403368432891476e+01
1.699126330291996396e+02 7.140258818236774330e-01 1.302911002235312310e+01
1.699949494594480655e+02 7.131929116700173044e-01 1.297927591345545473e+01
1.700337317765812486e+02 7.081370991550800520e-01 1.304718758347274665e+01
1.700928937453431047e+02 7.121683935274353283e-01 1.304479059762972604e+01
1.701680051594944416e+02 7.119575150075213577e-01 1.301072668737962346e+01
1.702845471735249134e+02 6.971854746875483233e-01 1.298534218554497954e+01
1.703676965739269917e+02 7.191678030675795474e-01 1.269011401498643288e+01
1.704107685116194091e+02 6.919961057766655932e-01 1.290789880642757659e+01
1.704454650574292600e+02 6.882547693691920543e-01 1.299649062996443227e+01
1.705601601270894605e+02 6.768655719728388087e-01 1.285212846719433166e+01
1.706366650967932515e+02 6.883760245181426152e-01 1.284207834839943274e+01
1.707936571255851845e+02 6.927939295103400230e-01 1.313979312817196465e+01
1.708597692988992094e+02 6.967549310427240128e-01 1.285847239600174241e+01
1.708203315010333085e+02 7.043114113396409248e-01 1.303735361516075919e+01
1.705822303215194609e+02 7.199550828752583342e-01 1.302987269966681261e+01
1.704655301485990719e+02 7.137095640438064770e-01 1.317226139095471815e+01
1.703949807397618486e+02 7.207160028679479025e-01 1.317256716480859247e+01
1.703716224290393768e+02 7.116868875736317435e-01 1.299408310019541446e+01
1.702914921061140774e+02 6.936620460839858504e-01 1.288601488802350659e+01
1.701670720220438398e+02 6.951663128593721375e-01 1.305947301457873522e+01
1.701551995613726831e+02 7.028493202682374319e-01 1.282272145759232984e+01
1.701070384220663243e+02 6.875237238334903633e-01 1.277776567178867140e+01
1.701280208347977805e+02 6.604996415065161885e-01 1.298231783610521362e+01
1.700396803081638097e+02 6.876361923774444440e-01 1.283123743515485593e+01
1.700211651741153673e+02 6.725513489195990013e-01 1.294510656394539616e+01
1.700472789641647182e+02 6.861477414910517325e-01 1.304004583093166048e+01
1.701445501961170237e+02 6.704302624734644889e-01 1.278551370007451027e+01
1.702264149948686338e+02 6.842955251578074494e-01 1.290357228212734242e+01
1.703329473084871495e+02 6.842305042808339843e-01 1.252905027343914668e+01
1.703259707441200135e+02 6.826084969984956841e-01 1.268903677721387346e+01
1.703357098170980350e+02 6.922368587535673301e-01 1.262505799159297659e+01
1.704500674811263821e+02 6.867276574208150963e-01 1.265660893281410360e+01
1.705625395397224793e+02 6.754333553584231931e-01 1.272276152451111386e+01
1.706333736345615932e+02 6.852479931394188650e-01 1.271765299236619740e+01
1.706763436476360596e+02 7.018810363976325517e-01 1.255494615568458272e+01
1.707419356539342914e+02 7.089191069997610173e-01 1.264944960706302446e+01
1.708467247051215452e+02 7.046505742925025517e-01 1.259896001743262417e+01
1.709014072626562211e+02 6.945143467686381022e-01 1.274439063137028860e+01
1.709812072092336734e+02 6.969974413406250235e-01 1.246735600511731867e+01
1.709360827206140812e+02 7.069034598135833791e-01 1.269830313084309203e+01
1.706748903431696363e+02 7.171240387454134169e-01 1.255183921215784970e+01
1.699645741659754492e+02 5.720677341805963101e-01 1.230435218118682350e+01
1.699561724142778871e+02 6.065217696925391255e-01 1.241445361375490286e+01
1.699856743192138424e+02 6.280717971067466543e-01 1.249586853833068645e+01
1.699572953423964350e+02 6.430494439836358378e-01 1.260550603815495307e+01
1.699460713331739896e+02 6.621163768258565563e-01 1.252226701438191547e+01
1.699376326777354507e+02 6.583750404183830174e-01 1.260760955139109463e+01
1.699542991100926486e+02 6.609178839043454712e-01 1.249089531990271418e+01
1.699662295623567729e+02 6.529958808395777137e-01 1.260310905231193068e+01
1.699530004498741675e+02 6.511735389633211968e-01 1.267038281480648365e+01
1.699640996893056410e+02 6.516374717071319322e-01 1.260110922101474706e+01
1.699208397182663077e+02 6.412341313913765273e-01 1.274909849432736841e+01
1.699809594269727597e+02 6.655695125894476316e-01 1.270975559179541925e+01
1.700566894181158659e+02 6.677099295665743783e-01 1.275029347260688084e+01
1.701246713809731261e+02 6.951135932293937003e-01 1.274418853945537045e+01
1.701395435885900724e+02 6.935091591570482494e-01 1.270866781009686441e+01
1.702017422080386950e+02 6.793838129648114288e-01 1.272962913497631199e+01
1.702600009138069197e+02 6.793346079768314283e-01 1.264251346107885432e+01
1.703083114253982160e+02 6.854043947083550137e-01 1.257565794098213097e+01
1.704844125627363667e+02 6.310908745835148714e-01 1.261377774809857932e+01
1.705071189073680955e+02 6.608932814103555264e-01 1.246286429264315210e+01
1.705906145000070353e+02 6.710734419592020439e-01 1.240654391193712947e+01
1.706873479917335601e+02 6.886185348160436259e-01 1.226419915367420721e+01
1.707676558040797943e+02 6.910840561780376978e-01 1.221469366380340560e+01
1.708096346881106626e+02 7.035733365199420275e-01 1.229245511802167812e+01
1.707909315207153043e+02 7.217317344055333983e-01 1.223092603787378252e+01
1.705816135018486932e+02 7.041198633507190774e-01 1.239753588449480581e+01
1.703707420112187378e+02 6.851794576204467413e-01 1.268222364369965227e+01
1.701938483221099148e+02 6.819530162657632122e-01 1.274285473281691594e+01
1.701459226638174584e+02 7.035188595689643165e-01 1.267826615680926672e+01
1.699827501370710365e+02 7.016560993097242793e-01 1.258097207968396347e+01
1.699549897372453700e+02 6.722473323867230732e-01 1.279048867582348059e+01
1.698066138533129106e+02 6.762505096230897461e-01 1.261558778872784004e+01
1.697976392149695641e+02 6.905498305942556758e-01 1.268713535589264829e+01
1.698234876495480137e+02 6.920857291476290030e-01 1.266907009602001999e+01
1.697109575993589203e+02 6.966020441157864118e-01 1.247343985041683645e+01
1.696924986995824725e+02 6.735319340371990204e-01 1.278955202373086308e+01
1.697015682332597635e+02 6.793310933348328806e-01 1.281723158679056951e+01
1.697280176716199662e+02 7.038492359168294632e-01 1.238608869550547631e+01
1.697954900113874430e+02 6.901245589124291868e-01 1.267408021818897446e+01
1.698780225921187537e+02 6.843640606767794621e-01 1.253646441073512285e+01
1.699531006171711454e+02 6.878277403663662914e-01 1.264436919205409815e+01
1.700051050175029275e+02 6.927148500653723673e-01 1.257607266873796270e+01
1.700517126850459135e+02 6.938711672829005472e-01 1.271330889485597027e+01
1.701156510522838232e+02 6.932965233161350049e-01 1.276799672435365807e+01
1.701670667500808349e+02 6.844993743937242137e-01 1.264206710154503632e+01
1.702433186655607358e+02 7.008811207490405204e-01 1.271182747325357454e+01
1.702510825097355678e+02 7.115955068816690599e-01 1.255273544586748358e+01
1.704154763745764853e+02 6.347461022620235482e-01 1.276209388311706583e+01
1.704215338600610039e+02 6.695269994798329627e-01 1.255868573477105699e+01
1.705035216712825559e+02 6.864078249989455927e-01 1.269107702689404071e+01
1.705568106732648346e+02 6.865062349749054826e-01 1.254985168210766133e+01
1.705898957557183167e+02 6.645608103358592311e-01 1.272742369712221056e+01
1.703415423654946608e+02 7.038053028918473952e-01 1.251685798034612240e+01
1.701335774837974952e+02 6.962751824099197018e-01 1.271843500021087792e+01
1.699486897414629425e+02 7.091458014086685635e-01 1.279050449171247372e+01
1.698881307025066292e+02 7.042007001166861180e-01 1.286641197227650402e+01
1.698351949220452468e+02 6.970712488225949688e-01 1.271569182213099758e+01
1.697830306055025176e+02 6.882125936652092602e-01 1.283493483853734674e+01
1.697252252885521102e+02 6.932859793901393619e-01 1.292149519899903076e+01
1.696971116672055757e+02 7.008143425510677815e-01 1.263982475994995092e+01
1.695422266662917821e+02 5.796769341074917703e-01 1.262008828780700398e+01
1.695355488464944926e+02 6.322928821470245042e-01 1.247936729414741741e+01
1.695097144704840275e+02 6.417999887531455894e-01 1.276174417623820823e+01
1.695162411606753778e+02 6.757461584962956014e-01 1.263079213001363676e+01
1.695834727474659474e+02 6.724757841166298933e-01 1.265667922565407544e+01
1.696578583880445876e+02 6.722578763127188273e-01 1.256698380452967001e+01
1.697235751641337913e+02 6.708660780812866209e-01 1.266355562272426916e+01
1.697690985646202080e+02 6.727956165384993970e-01 1.262709824127314384e+01
1.698613667036875654e+02 6.622850796417877328e-01 1.267301176702141063e+01
1.699255071628404039e+02 6.516445009911290276e-01 1.279824900535631471e+01
1.700409578805302999e+02 6.780552782893534136e-01 1.273179942641042572e+01
1.701161747339415911e+02 6.823905891945846180e-01 1.280652422994193884e+01
1.701949835514754454e+02 6.938096610479256299e-01 1.282158271358479418e+01
1.702700861790218028e+02 7.067786900226342706e-01 1.275586066553260878e+01
1.703857460179106056e+02 7.047191098114745644e-01 1.289546751767864841e+01
1.705354961268645297e+02 7.146954211244043176e-01 1.276616559587240474e+01
1.705713138434718985e+02 7.241831971995332795e-01 1.289574693171753594e+01
1.706310750586945346e+02 7.295395116053479123e-01 1.300632459827641974e+01
1.705599738510635177e+02 7.248896402412450257e-01 1.296603449972585764e+01
1.703637777480985847e+02 7.136375138828359166e-01 1.292926607245786030e+01
1.701641443252590307e+02 7.239371722596336101e-01 1.283411768427268029e+01
1.700590125964769186e+02 7.257630287778886746e-01 1.290071136354050907e+01
1.700112134652964357e+02 7.075466392993209341e-01 1.293876966442198118e+01
1.700213163037213064e+02 7.004435478202190035e-01 1.289479446373592353e+01
1.699266705093419318e+02 7.083620362429883244e-01 1.280067235101432566e+01
1.699546259717985208e+02 7.105463862450970280e-01 1.270172287750769691e+01
1.699935488746116334e+02 6.978796164822651527e-01 1.287182452095429497e+01
1.699760881331627616e+02 6.931120046112102528e-01 1.269345292488507049e+01
1.699220909308177738e+02 6.967145126597404925e-01 1.276857488296242060e+01
1.699234300094192349e+02 6.881686606402271922e-01 1.280903895629191247e+01
1.700006958991157262e+02 7.052234609382688202e-01 1.281021811868243176e+01
1.700528988767204055e+02 7.072689825814342246e-01 1.271556880966104863e+01
1.701068152422994331e+02 7.319734011893548331e-01 1.282390413462484702e+01
1.701298906243410158e+02 7.274482996162010551e-01 1.281586614837412696e+01
1.701839229731059504e+02 7.279807678789838032e-01 1.298174846410144667e+01
1.702801046660387101e+02 7.178357537501229846e-01 1.272664168927753003e+01
1.703719826798442227e+02 7.132702337939857973e-01 1.270045057710421688e+01
1.704287160309850719e+02 7.181485568879953929e-01 1.294203125219665118e+01
1.704827800115280354e+02 7.036541732859090681e-01 1.300476761187105446e+01
1.705395959567558464e+02 7.160643741828457420e-01 1.282365810968494735e+01
1.705714421279048452e+02 7.198689741462934721e-01 1.275545999634477212e+01
1.706543349594410302e+02 7.016859737667121566e-01 1.300285037466083793e+01
1.707363895488605579e+02 7.279561653849938585e-01 1.280334523625423593e+01
1.708047141893126764e+02 7.312423556536531422e-01 1.285940553345236204e+01
1.707681127075396148e+02 7.338098016336056517e-01 1.303036650686761000e+01
1.705684511675640636e+02 7.155758389450450618e-01 1.293303552600132100e+01
1.703485944946647805e+02 7.116394399066511278e-01 1.289358366956741797e+01
1.702151347513742223e+02 6.834555257201501144e-01 1.281544263401329964e+01
1.700871156738974435e+02 6.787951104300515848e-01 1.276328886139657826e+01
1.699953149822159162e+02 6.849650644585342230e-01 1.274261925180301169e+01
1.699825814342551098e+02 6.822341876256484694e-01 1.279939477864784614e+01
1.699080903544164869e+02 6.882020497392136171e-01 1.278543989259254055e+01
1.699064929496281593e+02 6.923528419395200695e-01 1.271182571593257471e+01
1.699610068043469084e+02 6.869982848547047105e-01 1.275534928512181665e+01
1.699738475488886706e+02 6.731488380593553256e-01 1.262464502115814469e+01
1.699585166804909306e+02 6.700418945326228615e-01 1.285156260983256260e+01
1.699676547496871990e+02 6.868489125697656572e-01 1.262168920723735077e+01
1.700246727868299388e+02 6.835152746341257579e-01 1.262562033431274777e+01
1.701381799074946173e+02 6.878857319593426611e-01 1.249614795236957221e+01
1.702595088639271239e+02 7.032499894560739762e-01 1.266227980767878947e+01
1.703786148092955273e+02 5.798175197874344544e-01 1.267014206182958169e+01
1.704170983818588354e+02 6.077395931450422228e-01 1.262459405884916563e+01
1.704572057190254668e+02 6.420143819150581077e-01 1.267941368742179975e+01
1.705150549690008575e+02 6.634115224023281465e-01 1.267777059228746950e+01
1.705055548916787416e+02 6.719503451378442405e-01 1.277329856180849355e+01
1.705224796502228344e+02 6.911367758080162460e-01 1.272673306996949272e+01
1.705940219454246289e+02 6.851355245954646733e-01 1.292957887559573216e+01
1.706301243480339167e+02 6.795999634477232210e-01 1.289205831494004073e+01
1.706846452320366723e+02 6.708221450563045529e-01 1.294101727798006429e+01
1.707540980725703150e+02 6.730627293303903524e-01 1.308605952397688732e+01
1.707717099436251544e+02 6.872689122885943247e-01 1.294777593454330678e+01
1.707174913188342771e+02 7.080211159691274236e-01 1.304597854662524092e+01
1.705309393935133642e+02 6.938641379989034519e-01 1.302736675992183457e+01
1.703090864039589007e+02 6.851513404844582489e-01 1.307024539230434002e+01
1.701880052297873078e+02 6.855010473633155188e-01 1.316694725225288565e+01
1.701410548846494635e+02 6.929608750052719257e-01 1.311070419367083240e+01
1.701223780770690723e+02 6.886325933840379276e-01 1.314686107323108111e+01
1.700909905667008672e+02 6.881264849362443980e-01 1.303815319621543267e+01
1.701047749926192409e+02 6.862777832449986626e-01 1.307322229407712477e+01
1.700666956038857904e+02 6.908134287441480836e-01 1.311431724564535806e+01
1.701204239361178736e+02 7.058560964980107322e-01 1.314446760203005660e+01
1.700724473155164276e+02 7.176934107491811377e-01 1.314575044635953383e+01
1.700671208755676105e+02 7.166864658165919000e-01 1.301724459096596398e+01
1.700796031266255284e+02 7.113705697937607875e-01 1.307876839915086187e+01
1.701173802561471007e+02 7.127764265931871845e-01 1.318520230279343686e+01
1.701681053267914194e+02 6.955054758122337644e-01 1.315950851246292075e+01
1.702330963293078980e+02 6.990148458478019355e-01 1.302298048670762398e+01
1.702690353010642355e+02 6.960467306800128817e-01 1.317362331472916104e+01
1.702757570538864798e+02 6.833202120032053628e-01 1.329594867216825271e+01
1.703478001855731065e+02 7.162102318257862477e-01 1.303340315755437118e+01
1.704071238278668829e+02 7.057699877690458701e-01 1.294978982440848547e+01
1.704956840196257701e+02 7.151347513742249973e-01 1.304742657912865056e+01
1.705691470666797898e+02 7.014048024068267884e-01 1.325854233737751464e+01
1.706000583430571851e+02 7.156145000070293083e-01 1.317735059256864183e+01
1.707208565885478890e+02 7.179288917630850531e-01 1.318886807439794140e+01
1.707777832449986590e+02 7.195491417244239685e-01 1.301135405097636699e+01
1.708205177770592229e+02 7.193734096244956966e-01 1.309581617016490718e+01
1.707903340315755543e+02 7.183295609509214863e-01 1.324949213423120753e+01
1.705968793493694591e+02 7.101175999212719914e-01 1.334712361698837313e+01
1.704408380312381439e+02 7.151452953002207513e-01 1.327688701128903048e+01
1.702684378119244855e+02 6.834906721401358132e-01 1.313199062293514707e+01
1.702274307264061974e+02 6.825259029115294807e-01 1.324140845763450614e+01
1.702515815888993416e+02 6.883971123701340122e-01 1.322109382688279311e+01
1.702881971292404160e+02 6.817684975608384601e-01 1.318866422516202519e+01
1.702195104806624499e+02 6.981273987431639849e-01 1.293513376727446484e+01
1.701659455792832887e+02 6.916059805148248030e-01 1.278376340835922420e+01
1.701866907536798408e+02 7.004822088822032500e-01 1.297386512209866360e+01
1.701098659515541840e+02 7.088980191477696202e-01 1.310307039124994688e+01
1.700958548312268874e+02 7.023186093264539576e-01 1.283489266283336327e+01
1.701610162938802944e+02 6.984226286710435438e-01 1.282412379974975813e+01
1.702263341581026452e+02 7.017791117796741140e-01 1.296430705318356225e+01
1.702848564620207696e+02 7.040267253377571199e-01 1.285138863505363283e+01
1.703315818700707212e+02 7.266750783765165700e-01 1.303793528841152316e+01
1.703235509131039862e+02 7.250513137731791069e-01 1.284887039406166132e+01
1.704760020244337966e+02 7.337026050526493925e-01 1.295327986391306219e+01
1.705215078517102256e+02 7.434557365986700361e-01 1.273131967777762164e+01
1.705027027596968878e+02 7.309014353797922414e-01 1.295789283153617966e+01
1.705036253532215085e+02 7.223309808662889964e-01 1.280892824506895700e+01
1.705434480043862777e+02 7.287610184026654947e-01 1.289662734953817669e+01
1.705670540973696347e+02 7.279069603970139690e-01 1.293815460207223289e+01
1.707839936174101183e+02 5.764610366788038842e-01 1.264944784974202463e+01
1.708038109263190449e+02 6.135862001096568097e-01 1.262721070981709737e+01
1.708034928512181807e+02 6.422656788179555987e-01 1.291268223418762595e+01
1.707471777424751451e+02 6.585560444813091108e-01 1.295603885788193566e+01
1.706187404226005526e+02 6.819442296607667320e-01 1.299558736697080086e+01
1.703949122042428712e+02 7.027878140332626256e-01 1.301694760371708526e+01
1.702533916295286076e+02 7.138817815017362012e-01 1.284509391123420130e+01
1.702027052199462958e+02 7.317168323234595206e-01 1.281580464213915249e+01
1.700704228817252783e+02 7.129908197550997029e-01 1.289651488099422139e+01
1.699341461528728701e+02 7.046927499964853459e-01 1.295195484387960327e+01
1.698657828513587731e+02 7.138642082917433518e-01 1.279393653962407384e+01
1.698529245336069948e+02 7.307696363048460375e-01 1.273808009166186395e+01
1.698363424526577603e+02 7.205877184350002462e-01 1.266234834319776148e+01
1.697870179668499020e+02 7.057805316950415131e-01 1.281699259113466738e+01
1.698167202063797845e+02 6.845274915297128171e-01 1.271864587873079167e+01
1.697789079304382085e+02 6.901368601594242147e-01 1.273594318932673453e+01
1.698501321505391388e+02 7.042059720796839395e-01 1.275074510410369655e+01
1.699372091633746322e+02 7.369325610493314693e-01 1.265926951680701862e+01
1.700209086052494740e+02 7.524778226089890998e-01 1.260136754720164198e+01
1.700246147952369711e+02 7.413223489055404958e-01 1.265371813977028381e+01
1.700594343535167638e+02 7.490932223643699261e-01 1.260358528630273689e+01
1.701124123096821279e+02 7.480405870857994577e-01 1.249430979460432134e+01
1.701572714428308473e+02 7.484834319776187961e-01 1.250376769622246265e+01
1.702320630245603184e+02 7.432975777087346136e-01 1.249822159114872555e+01
1.702973404703996891e+02 7.255468782949768825e-01 1.240912365916407722e+01
1.703331880614640568e+02 7.202766726181271117e-01 1.237332703040868331e+01
1.704069885141499583e+02 7.293989259254052282e-01 1.222351365789880617e+01
1.704436339289480031e+02 7.060915775119146476e-01 1.232092196088906455e+01
1.705242193980121215e+02 7.133739157329433977e-01 1.242879862507204969e+01
1.705706267309611803e+02 7.050828752583261361e-01 1.252974968719686188e+01
1.704222209725717221e+02 7.117975987965865503e-01 1.240409596378512802e+01
1.701491385612461613e+02 7.153122407951526540e-01 1.259042998130210478e+01
1.698769435970252175e+02 7.013889865178333238e-01 1.232177250425271708e+01
1.697252938240710876e+02 6.999954309654018436e-01 1.219641401076886389e+01
1.697329698021959530e+02 6.706534422403733764e-01 1.261680561218034313e+01
1.696697730244197260e+02 6.739923521390110972e-01 1.240520131869367759e+01
1.697030514121831573e+02 6.915005412548678176e-01 1.247988746116320513e+01
1.696630688448074693e+02 6.921929257285852621e-01 1.240368650799229577e+01
1.696684269165342869e+02 6.888821329659361448e-01 1.260161708678353953e+01
1.695938040376207141e+02 6.936725900099816045e-01 1.249530092364791756e+01
1.696319835936511424e+02 7.041198633507190774e-01 1.261985983607709727e+01
1.696155438557028674e+02 7.000042175703983238e-01 1.260680997033642115e+01
1.695780180230841552e+02 7.063639622668035356e-01 1.247027315797612879e+01
1.696658594705543237e+02 6.885517566180708871e-01 1.267612925447413907e+01
1.697405087092828637e+02 6.942015436307658049e-01 1.262889422333441125e+01
1.698818623385022022e+02 6.873181172765742142e-01 1.250441790499219685e+01
1.699883243592807673e+02 6.695410580478272644e-01 1.263245631299995786e+01
1.700243283519140789e+02 6.854782021903248479e-01 1.259771759148613057e+01
1.700783255542590382e+02 6.977003697403382221e-01 1.243933376446275219e+01
1.701740257412379833e+02 6.659315207152999294e-01 1.263853840097847581e+01
1.702613839254333641e+02 6.699469991986616302e-01 1.245228522022746809e+01
1.703032239811052762e+02 6.858489969211736259e-01 1.231074531498221525e+01
1.703491375068535660e+02 6.930241385612461169e-01 1.255789494032137910e+01
1.703924308669919014e+02 7.044642982665785258e-01 1.245693509159157131e+01
1.704490095738848083e+02 6.991466449227481395e-01 1.257547693691920543e+01
1.705868784355625678e+02 6.910120060170671374e-01 1.260535315122801592e+01
1.706767689193178796e+02 6.680385485934402512e-01 1.283212839690149210e+01
1.707252920667500860e+02 7.081037100560937381e-01 1.256035167507837613e+01
1.706707254924013455e+02 7.028458056262388842e-01 1.272864152057471365e+01
1.704764308107576198e+02 7.057629584850486637e-01 1.274287582066890678e+01
1.697231938254769261e+02 5.705072331332330382e-01 1.249309724311481595e+01
1.696928079880783287e+02 6.023041992942599343e-01 1.265256182255275519e+01
1.696520908605249360e+02 6.571958780278640555e-01 1.263872291968340100e+01
1.696190321378864212e+02 6.867364440258115765e-01 1.263352124952552380e+01
1.696137795054195863e+02 6.895499149456636445e-01 1.272530612531807570e+01
1.696657962069983512e+02 7.188708158187007147e-01 1.275379581335845103e+01
1.696959588646300574e+02 7.279385921750010091e-01 1.274293205494088355e+01
1.697971823115097436e+02 7.117027034626253190e-01 1.282984563692342306e+01
1.698223471482194782e+02 7.240074650996050076e-01 1.272585968143284951e+01
1.697867034063910125e+02 7.142437896275884990e-01 1.277311052846157047e+01
1.697994000506108421e+02 7.027403663662818989e-01 1.279897126428702059e+01
1.698317294850346570e+02 7.059105734489884432e-01 1.287195807735024111e+01
1.698951195681208048e+02 7.028862240092224045e-01 1.277541437629163035e+01
1.699490148458478131e+02 7.009004512800326436e-01 1.266372256821920139e+01
1.700188244225443270e+02 6.959694085560444998e-01 1.265070257693551348e+01
1.700592305042808334e+02 7.004540917462147576e-01 1.274551883145182885e+01
1.701206629317737793e+02 7.278735712980275441e-01 1.272904394708355014e+01
1.701872038914116274e+02 7.354810139039237304e-01 1.264653772616721206e+01
1.702305482138589241e+02 7.261074636937481230e-01 1.269951392501159759e+01
1.702873975481857372e+02 7.247121508203174800e-01 1.263535413532777518e+01
1.703930107829216638e+02 7.014504927528082412e-01 1.271957022957641570e+01
1.705249943765728062e+02 6.829757770873459144e-01 1.274840259521165109e+01
1.705970216923704186e+02 6.941136775808016690e-01 1.275545999634477212e+01
1.706925900802744138e+02 7.098909055123645562e-01 1.277637738819923818e+01
1.707854029888515583e+02 7.023713289564325057e-01 1.277606282774036650e+01
1.707752650040066840e+02 7.335567474097088869e-01 1.268287209514838842e+01
1.708295925826995187e+02 6.988830467728557316e-01 1.291160148177306688e+01
1.706802782893534527e+02 7.090263035807172765e-01 1.267407846086797640e+01
1.704436620460839720e+02 7.224047883482588306e-01 1.255409561232092841e+01
1.702931422305323963e+02 7.277909772110612296e-01 1.243353460516511788e+01
1.702520894546681518e+02 6.951364384023843712e-01 1.250516828105889111e+01
1.702698524553289019e+02 6.839423036369515208e-01 1.246950696602044140e+01
1.702692549661891519e+02 6.790657378639411990e-01 1.261508695224304510e+01
1.702777006509116973e+02 6.887942669159718978e-01 1.247401625170460093e+01
1.702450830158440169e+02 6.762206351661019799e-01 1.268677861972979493e+01
1.701830882456312963e+02 6.866064022718645354e-01 1.243579451997019625e+01
1.702396845257342193e+02 6.804346909223826234e-01 1.254635461331908708e+01
1.702159888093798656e+02 6.884182002221254093e-01 1.249338368643769925e+01
1.702166829511745902e+02 6.893091619687619076e-01 1.244383953550491384e+01
1.702957307643643503e+02 6.920997877156233047e-01 1.246356194907986747e+01
1.703111653147010429e+02 6.909803742390799863e-01 1.240748759331374451e+01
1.703067034766838788e+02 6.834766135721415115e-01 1.263063572844469995e+01
1.703630607611308676e+02 6.986914987839338842e-01 1.251966793662397492e+01
1.704493821259366655e+02 7.073006143594213757e-01 1.265363730300431655e+01
1.705786629598908917e+02 6.975984451223797844e-01 1.252773579733168319e+01
1.706121153224332545e+02 7.012800326158777908e-01 1.252067663887756410e+01
1.706998864770634441e+02 6.909680729920850695e-01 1.240160759725014472e+01
1.707395439400542614e+02 6.910928427830340670e-01 1.245411986335071930e+01
1.708000520167015850e+02 7.021604504365185351e-01 1.229568858866035974e+01
1.708560437783807231e+02 6.907958555341553453e-01 1.249587732493568204e+01
1.709555766824591387e+02 6.977302441973260994e-01 1.251508132881584601e+01
1.710715950148317859e+02 6.845292488507120909e-01 1.251064233597165831e+01
1.712061284812529038e+02 6.857751894392036807e-01 1.253822524637640434e+01
1.711970273157976123e+02 6.838755254389787819e-01 1.267544389928441895e+01
1.710550041472775717e+02 6.943632171626997751e-01 1.253312725815748330e+01
1.708269689024475895e+02 6.906078221872320455e-01 1.264199329406306660e+01
1.706285023407515666e+02 6.910752695730413286e-01 1.278301830425552765e+01
1.704517650532116875e+02 6.966284039307756304e-01 1.267480599176167999e+01
1.704198802210006818e+02 6.876010459574587452e-01 1.238534183408077993e+01
1.704096227383278688e+02 7.004505771042162099e-01 1.252688876861002854e+01
1.703662889598065533e+02 5.674459799524820269e-01 1.220006748112637318e+01
1.703733305450506919e+02 6.035220227467630316e-01 1.221941734264947854e+01
1.703579803461219342e+02 6.289680308163810851e-01 1.244929953184968596e+01
1.704092870900170169e+02 6.916762733547960895e-01 1.242920983818588176e+01
1.704198960368896962e+02 7.019425426326074691e-01 1.255684406236380823e+01
1.704090990566701009e+02 7.078699863631890965e-01 1.244220698429657901e+01
1.703870112890301129e+02 6.760642335971658312e-01 1.248309808662889608e+01
1.704294787082987739e+02 6.735582938521882390e-01 1.257055468080021399e+01
1.705348968804037497e+02 6.663146166931436243e-01 1.262627581504547969e+01
1.706386912879054023e+02 6.712140276391447280e-01 1.269366731804698389e+01
1.707064764308107669e+02 6.845731818756941589e-01 1.262854100181355577e+01
1.707467577427563299e+02 6.823027231446204821e-01 1.269595886463004852e+01
1.707903568767485467e+02 7.061478117838917434e-01 1.259155642406264519e+01
1.708687685397365499e+02 6.868840589897513560e-01 1.275214041697712730e+01
1.709529002825772181e+02 6.993452221956671933e-01 1.258403157554371532e+01
1.710796066412675316e+02 6.728623947364721358e-01 1.265826081455342944e+01
1.711256185769917408e+02 6.861055657870689384e-01 1.278391278064416348e+01
1.711328060198788137e+02 6.935302470090396465e-01 1.274093222364369993e+01
1.711995631299995750e+02 6.833711743121845261e-01 1.284327332667894517e+01
1.712752685186486872e+02 6.760079993251887354e-01 1.277823663381647989e+01
1.714525857221183571e+02 7.099014494383601992e-01 1.277709437516694635e+01
1.714109758754973143e+02 7.247543265243002741e-01 1.279066089328141054e+01
1.712575828401118940e+02 7.166442901126091058e-01 1.288027020567684922e+01
1.710322029073118699e+02 7.185052930508498692e-01 1.274757313969998940e+01
1.708324429573603709e+02 7.234380930958372868e-01 1.278585110570637262e+01
1.706511489364693261e+02 7.421834361951891168e-01 1.260430403059144311e+01
1.706581360447624718e+02 7.139098986377248046e-01 1.270227291898047284e+01
1.706156598388888028e+02 7.014135890118232686e-01 1.279509812880460018e+01
1.705956492246699838e+02 6.920681559376361536e-01 1.265087830903544130e+01
1.705520342747887810e+02 6.957110823691499135e-01 1.262052761805682444e+01
1.705557615526282405e+02 6.811797950260786161e-01 1.268231502439161495e+01
1.706154964080358809e+02 7.025628769453543532e-01 1.256053443646230150e+01
1.706610531976212997e+02 7.183752512969029391e-01 1.243285452193839546e+01
1.706944475685706664e+02 7.140663002066609533e-01 1.239679605235410698e+01
1.707042534197466637e+02 7.099436251423429933e-01 1.247960101784032361e+01
1.707374087950401247e+02 7.243290548424737851e-01 1.237871146195048588e+01
1.708286366000759244e+02 7.280405167929594468e-01 1.244467777762157112e+01
1.708852223362528377e+02 7.142385176645906775e-01 1.247465240190634184e+01
1.709029747929875782e+02 7.098329139193881865e-01 1.247179324064050832e+01
1.709668657125585298e+02 7.054396114211806124e-01 1.252281529853369157e+01
1.710680118373142591e+02 7.266329026725337759e-01 1.265135630034724734e+01
1.710900240401512633e+02 7.307889668358380497e-01 1.245849559263893447e+01
1.711715760357649856e+02 7.165406081736513944e-01 1.241776967848054980e+01
1.712445030999142546e+02 7.065150918727418627e-01 1.253296382730455072e+01
1.712837985547792243e+02 6.931910840561780196e-01 1.271094354079093591e+01
1.713490355822355866e+02 6.957040530851527071e-01 1.267132649618309870e+01
1.714054614022015812e+02 6.932473183281551155e-01 1.258067157779308687e+01
1.714285069097861651e+02 6.837876593890146459e-01 1.261995121676905995e+01
1.714724293908422510e+02 6.754192967904288913e-01 1.271248822594930417e+01
1.715204833335676540e+02 6.863305028749770997e-01 1.247789465915001905e+01
1.714594463032995577e+02 6.781431443393175496e-01 1.269075016518817378e+01
1.712794263401329999e+02 6.999831297184069268e-01 1.277431429334608026e+01
1.710804027076802072e+02 6.942015436307658049e-01 1.267424716368390669e+01
1.708750492049879881e+02 6.991466449227481395e-01 1.237724937087908295e+01
1.708412893112707422e+02 6.820057358957416493e-01 1.256891685762888144e+01
1.708689284559474686e+02 7.119961760695056041e-01 1.265187295272103540e+01
1.708365550884986988e+02 7.159519056388916614e-01 1.243660288762986532e+01
1.709650539146082622e+02 7.243624439414600991e-01 1.258848989891889580e+01
1.710264195639032323e+02 6.658418973443365196e-01 1.247222026964333352e+01
1.709946700454091797e+02 6.750098409975959779e-01 1.252067136691456639e+01
1.706969517509946570e+02 5.754699076352083331e-01 1.223984619926614315e+01
1.706924811263724564e+02 6.065305562975354947e-01 1.240215060943892311e+01
1.707367287118134129e+02 6.447505307109417938e-01 1.251506727024785270e+01
1.707479474490728251e+02 6.787177883060830919e-01 1.244612229548298288e+01
1.707938012259071172e+02 7.018212874836569082e-01 1.237940208910320372e+01
1.708069336857347764e+02 7.012694886898820368e-01 1.248139348525959136e+01
1.709283575375012276e+02 7.025839647973457502e-01 1.260882737484359772e+01
1.709382582840111979e+02 7.112827037437966515e-01 1.261326285304578931e+01
1.710002758993968826e+02 6.811692511000829731e-01 1.279014424090762070e+01
1.710417205578439734e+02 6.884920077040952435e-01 1.271942085729147642e+01
1.710888940827487374e+02 6.879929285402989203e-01 1.264053296031266171e+01
1.712360890469696812e+02 6.936532594789894812e-01 1.263403438725731398e+01
1.713069178698457904e+02 6.820795433777115946e-01 1.289224283364496415e+01
1.713566641126934940e+02 6.917219637007774313e-01 1.273222997005525059e+01
1.714460168562230251e+02 6.727323529825252058e-01 1.282223819431752609e+01
1.714717053745905559e+02 6.841865712558519164e-01 1.284565098199097477e+01
1.715423057457367406e+02 6.771537726167212723e-01 1.284871574981372433e+01
1.714959300445656538e+02 7.039037128678072852e-01 1.278407445417609800e+01
1.712688753848532883e+02 7.141875553556115142e-01 1.267356180849418656e+01
1.710784239642350144e+02 7.056417033360982138e-01 1.266822306729836534e+01
1.709090006466941247e+02 7.082214505630456403e-01 1.261298519632790160e+01
1.708672800888501513e+02 6.948447231165033600e-01 1.259335592076591048e+01
1.708761457732915403e+02 7.037420393358732040e-01 1.263284292361979944e+01
1.708474627799412247e+02 7.259264596308220296e-01 1.263387447104637928e+01
1.708129366942683305e+02 7.175950007732212477e-01 1.225090150567263159e+01
1.707932160380143785e+02 6.895534295876621922e-01 1.238454752498910416e+01
1.707396985843022037e+02 6.865589546048839198e-01 1.230595661525916995e+01
1.707278454541620363e+02 6.732771224923029818e-01 1.246690964558350068e+01
1.707315657027175178e+02 6.708625634392880732e-01 1.242806933685734805e+01
1.707747905273368758e+02 6.645660822988570526e-01 1.242784615709043905e+01
1.708452081370991493e+02 6.837314251170375501e-01 1.219057091844624630e+01
1.709125767949276735e+02 6.877187864644107584e-01 1.214487881514388867e+01
1.709814848659515576e+02 7.084850487129380481e-01 1.206939133429868782e+01
1.710077076099028659e+02 6.989779421068169629e-01 1.213203455596013036e+01
1.710372007282338132e+02 6.943017109277248577e-01 1.228183914186501013e+01
1.710477534408345264e+02 6.948851414994868803e-01 1.219947702127061362e+01
1.710558054856532237e+02 7.135127440918868080e-01 1.237479439344308396e+01
1.711401973120017885e+02 7.131788531020230026e-01 1.206801886659824774e+01
1.711885412126920869e+02 7.041567670917040500e-01 1.214747789290182922e+01
1.713036773699230935e+02 7.161610268378062472e-01 1.223488703940616595e+01
1.713975024953958268e+02 7.108082270739902730e-01 1.211844870731467338e+01
1.715149530443829065e+02 7.019091535336210441e-01 1.209913926417455166e+01
1.715880277234960829e+02 7.115252140416976623e-01 1.229068022381240333e+01
1.715369810631089251e+02 7.286151607597249891e-01 1.227632994053225701e+01
1.713537979221436558e+02 7.205560866570130951e-01 1.232631342171486466e+01
1.710411230687042234e+02 7.154124080921117068e-01 1.235730202021622048e+01
1.707177443730581672e+02 7.036190268659234803e-01 1.224611456327058612e+01
1.706310768160155078e+02 7.032289016040825791e-01 1.229267654046758729e+01
1.706351784032278545e+02 7.089314082467559341e-01 1.239181756196313877e+01
1.705509482504112100e+02 7.131911543490180305e-01 1.207631166439386483e+01
1.705210351323614191e+02 7.011166017629444358e-01 1.224479305787912509e+01
1.705124453473169126e+02 7.026771028103077077e-01 1.238557907241568401e+01
1.704757841166298817e+02 7.102529136382168540e-01 1.206524405674038114e+01
1.704846937340962540e+02 7.074535012863589767e-01 1.231421602395579917e+01
1.704562532510438473e+02 7.264817730665954487e-01 1.196813801296199919e+01
1.704916755704263949e+02 6.607298505574221714e-01 1.202342508892044215e+01
1.705097548888670076e+02 6.912826334509566406e-01 1.220456798020553713e+01
1.704930304649168420e+02 6.983576077940700788e-01 1.204722448721373240e+01
1.705411670017292067e+02 6.951434676863814666e-01 1.234388135974469591e+01
1.705585363624861088e+02 7.087556761468276623e-01 1.215131061000126600e+01
1.705737740928709059e+02 5.654074875933137179e-01 1.206553401470526232e+01
1.706240457746973789e+02 5.761956812079122026e-01 1.201976634659993515e+01
1.706047767499402426e+02 6.159005918657125545e-01 1.223978469303116867e+01
1.706629335310905162e+02 6.346722947800537140e-01 1.224466653076717648e+01
1.707047138378484874e+02 6.750766191955687168e-01 1.224197255767527537e+01
1.707425876200250343e+02 6.800814694015268058e-01 1.222048930845904025e+01
1.707809323642293862e+02 6.659666671352856282e-01 1.228576323965640782e+01
1.708804828415177610e+02 6.713546133190873011e-01 1.223781122154897361e+01
1.709655512364510628e+02 6.925479045704404646e-01 1.221417701142961576e+01
1.710465479186290167e+02 6.678171261475306375e-01 1.243972213240359359e+01
1.710686181130590171e+02 6.751416400725421818e-01 1.233531617719419060e+01
1.709600771815382814e+02 6.993873978996499874e-01 1.233664998383264688e+01
1.707804034106085851e+02 7.097432905484247767e-01 1.241137830200615788e+01
1.705792130013636836e+02 7.069280623075733239e-01 1.236774753623595835e+01
1.704657744162179540e+02 7.070545894195217063e-01 1.241673461641197207e+01
1.704091060859540789e+02 7.116007788446668814e-01 1.234724135749532614e+01
1.703156763577061952e+02 7.087064711588477728e-01 1.238982124530795303e+01
1.702983439006902699e+02 7.050494861593398221e-01 1.241409160562905001e+01
1.702081950907480632e+02 7.167163402735797773e-01 1.239204074173004777e+01
1.702333476262107865e+02 7.287170853776834267e-01 1.232539961479523782e+01
1.702671989006199738e+02 7.057945902630358148e-01 1.241296516286850959e+01
1.702760276813203859e+02 6.981959342621361087e-01 1.234382864011471703e+01
1.702685608243944273e+02 6.970132572296185991e-01 1.220317091001110654e+01
1.702832467559854308e+02 7.151365086952242711e-01 1.229529670607751868e+01
1.703175215447554649e+02 7.035434620629542612e-01 1.238336836259858487e+01
1.703560244478497339e+02 6.802765320324472009e-01 1.216854992900423227e+01
1.703787430937284739e+02 6.920488254066440303e-01 1.224432209585131659e+01
1.704152461655255877e+02 7.017703251746777449e-01 1.216064549914945658e+01
1.704241276658559627e+02 7.085940026148936921e-01 1.219455476515162218e+01
1.704450116686114427e+02 6.981273987431639849e-01 1.234186044059552145e+01
1.704886494636656380e+02 7.037596125458660534e-01 1.223785515457395512e+01
1.705549074946225971e+02 7.087714920358212378e-01 1.212224979263612212e+01
1.706200830158440169e+02 7.159167592189059626e-01 1.223176076534844192e+01
1.706835381198071104e+02 6.958727559010838837e-01 1.235751992802013177e+01
1.707451954843879491e+02 6.923510846185207956e-01 1.230918481393485209e+01
1.708194036355456831e+02 6.994260589616341228e-01 1.238545078798273558e+01
1.708634139826517355e+02 7.043852188216108701e-01 1.234793374196904381e+01
1.709175570426396291e+02 6.998741758164512827e-01 1.235293507753300268e+01
1.708710600863196021e+02 7.034134203090073312e-01 1.248095415500977090e+01
1.706271579901871291e+02 6.907167760891875785e-01 1.243299862226033703e+01
1.704446953508315517e+02 7.081195259450872026e-01 1.257617459335592081e+01
1.702594086966301745e+02 7.070774345925123772e-01 1.227512617564774899e+01
1.701995596153575718e+02 7.021217893745342886e-01 1.228290407839057430e+01
1.701988092392908811e+02 7.014592793578046104e-01 1.236681615610633855e+01
1.702127535814202020e+02 6.592167971770395152e-01 1.241888381999409496e+01
1.701474392318398543e+02 6.868243100757757125e-01 1.226992802013186967e+01
1.700916794365325870e+02 6.781853200433003437e-01 1.220927408584161533e+01
1.700414253279161017e+02 6.756811376193221363e-01 1.219407853116081597e+01
1.700832284798470369e+02 6.743701761538569706e-01 1.247514269446514135e+01
1.701122049458042227e+02 6.788618886280243236e-01 1.243391594382196175e+01
1.701618879250959537e+02 6.378969788137380803e-01 1.244268321828738522e+01
1.702488348961774705e+02 6.661722736922016663e-01 1.214958492077996866e+01
1.702745128706189917e+02 6.684708495592639466e-01 1.230575276602325374e+01
1.703099158594705500e+02 6.670052438458619060e-01 1.225633865684441304e+01
1.703785357298505687e+02 6.686711841531821632e-01 1.245591760273298476e+01
1.704788980894406052e+02 6.659069182213099847e-01 1.239831262037648862e+01
1.705647520068605729e+02 6.830952749152970904e-01 1.260620193727067040e+01
1.705990672140135871e+02 6.988707455258607038e-01 1.237170150848434602e+01
1.707074622878913601e+02 7.041163487087205297e-01 1.232762086853833061e+01
1.707368675401723692e+02 6.899013791455201883e-01 1.248996218245209455e+01
1.710328619026865908e+02 5.660067340540692049e-01 1.236636452460952285e+01
1.710249188117698225e+02 6.066113930635025353e-01 1.233929123729456911e+01
1.710958442873009062e+02 6.481210723875665547e-01 1.245444321041458657e+01
1.711269154798892203e+02 6.655097636754719881e-01 1.252781311945565257e+01
1.711351994910798453e+02 6.740415571269910977e-01 1.258500688869831663e+01
1.711861038084660720e+02 6.710892578481956194e-01 1.249663824492837172e+01
1.710979038675120592e+02 6.535019892873712433e-01 1.267865979671310761e+01
1.709071747901758727e+02 6.609495156823326223e-01 1.259820261208193415e+01
1.707233906454288501e+02 6.574366310047659034e-01 1.255122590712909947e+01
1.706086867891636416e+02 6.528746256906271528e-01 1.252491705444883330e+01
1.705720290731186140e+02 6.490981428631679151e-01 1.250534401315881894e+01
1.705170671015450239e+02 6.655695125894476316e-01 1.243658179977787448e+01
1.705002302090508977e+02 6.484865951554175112e-01 1.258351492316992548e+01
1.704978718842698697e+02 6.520451701789655718e-01 1.259211700946141654e+01
1.704830154925419379e+02 6.695111835908393871e-01 1.255080942205226968e+01
1.704791282984915028e+02 6.857171978462274220e-01 1.262435682051426156e+01
1.704250977070475699e+02 6.840161111189214660e-01 1.261212586635925348e+01
1.704146504337068109e+02 6.884972796670930650e-01 1.260658151860651444e+01
1.704643509862085580e+02 7.009039659220311913e-01 1.245077040952608627e+01
1.705092417511352210e+02 6.873743515485513100e-01 1.257082882287610204e+01
1.705698833841784960e+02 6.890473211398686626e-01 1.262164703153336731e+01
1.705662966920189376e+02 6.902001237153982949e-01 1.260165574784552511e+01
1.706821884972796681e+02 7.049686493933727816e-01 1.258312831255008390e+01
1.707094023702745744e+02 7.095956755844849972e-01 1.253413068844807476e+01
1.707756920330095056e+02 7.111719925208418447e-01 1.252753722005876469e+01
1.708040024743079641e+02 7.217739101095161924e-01 1.238396409441734214e+01
1.708216565210667568e+02 7.138062166987670931e-01 1.256819811334017523e+01
1.708824422544319646e+02 6.991378583177517703e-01 1.267006298238461426e+01
1.709741339922115628e+02 7.014311622218161180e-01 1.269693593510564966e+01
1.710063702886224064e+02 7.080685636361080393e-01 1.269141794716790095e+01
1.710291750432300830e+02 7.077329153252449601e-01 1.266458189818785129e+01
1.711244165694282344e+02 7.051285656043075889e-01 1.254415269010698530e+01
1.711318061042302361e+02 7.091299855196749879e-01 1.250788334200278307e+01
1.710934982637668611e+02 6.939326735178754646e-01 1.252035153449269700e+01
1.709691238700426084e+02 7.060406152029354843e-01 1.253721127215981745e+01
1.706951733421433630e+02 7.108662186669665317e-01 1.243113059003809795e+01
1.706427436701297609e+02 6.993364355906707130e-01 1.252210006888698324e+01
1.706055271260069333e+02 7.116447118696489493e-01 1.244034949600033713e+01
1.706000126527112002e+02 7.121859667374281777e-01 1.244875300501890791e+01
1.705703912499472779e+02 6.975053071094178270e-01 1.237490334734503961e+01
1.705862914903487990e+02 6.918766079487143061e-01 1.229186114352392067e+01
1.706204256934388752e+02 6.811920962730736440e-01 1.219814848659515505e+01
1.705834077265889732e+02 6.845310061717113648e-01 1.219203476683864906e+01
1.706434009081834802e+02 6.222410060311256430e-01 1.251588266719151932e+01
1.705938936609916823e+02 6.539817379201754433e-01 1.225906777635630007e+01
1.705849963447723212e+02 6.611885113382350854e-01 1.225156225836836299e+01
1.707031498221591050e+02 6.499715313998115640e-01 1.244012631623342813e+01
1.708023980402356301e+02 6.697396353207462072e-01 1.233008814722132485e+01
1.708745079501202042e+02 6.773119315066566948e-01 1.225070468572071292e+01
1.709553552600132207e+02 6.828211328394089286e-01 1.251071262881162838e+01
1.709892908858303713e+02 6.972961859105031301e-01 1.240390617311720689e+01
1.710380354557084956e+02 7.036137549029255478e-01 1.219861066201796618e+01
1.711140360742854796e+02 6.956548480971728177e-01 1.224659431190339021e+01
1.711869016321997492e+02 7.106518255050540134e-01 1.209114521094881312e+01
1.712431007577568209e+02 6.964368559418537830e-01 1.233589433580295491e+01
1.713321740872474663e+02 7.021973541775035077e-01 1.226270543082481623e+01
1.713926751346107835e+02 7.048350929974273038e-01 1.221761081666221394e+01
1.714555116615821646e+02 6.978655579142708509e-01 1.236438578116433007e+01
1.715412531104581717e+02 7.018265594466547297e-01 1.216555369670045472e+01
1.715183640044425033e+02 6.924354360264863839e-01 1.232357903023997991e+01
1.711581764631454519e+02 5.705406222322194632e-01 1.189885211792326913e+01
1.709766381746355250e+02 5.868977660935457141e-01 1.210018838481112269e+01
1.708685611758586163e+02 6.185892929946155139e-01 1.217437017615385741e+01
1.708306891510030709e+02 6.552909420646413352e-01 1.213471798512603428e+01
1.708049303397955896e+02 6.858999592301527892e-01 1.219959651909856468e+01
1.707008442170080684e+02 6.909838888810785340e-01 1.234739072978026542e+01
1.706675728585286436e+02 6.898082411325582308e-01 1.228213261447188920e+01
1.706867469879518069e+02 6.734880010122168414e-01 1.231697853256667230e+01
1.706927306659543717e+02 7.103847127131630579e-01 1.223617339837764106e+01
1.706925760217064294e+02 7.017931703476684158e-01 1.226343999100251736e+01
1.706275779899059444e+02 7.148166762733547674e-01 1.231958815425060827e+01
1.706252512969028885e+02 7.035891524089356031e-01 1.229359737667121166e+01
1.707144124924435289e+02 7.190430332766304389e-01 1.221702562876945386e+01
1.707723214913328889e+02 7.001008702253588289e-01 1.219430171092772497e+01
1.707837335339022502e+02 6.865765278148767692e-01 1.235199666811938535e+01
1.708322109909884716e+02 7.129890624341004290e-01 1.232532756463426615e+01
1.708337117431218530e+02 7.061478117838917434e-01 1.242490967370063615e+01
1.709378699160703547e+02 6.950063966484374411e-01 1.241731277502073638e+01
1.710048660218470218e+02 6.953367729963025878e-01 1.229261503423261281e+01
1.710535350269221624e+02 6.811692511000829731e-01 1.245099183197199544e+01
1.710695442212256125e+02 6.835310905231193335e-01 1.245746580253335445e+01
1.710847784369684064e+02 7.018476472986461268e-01 1.230446816437277668e+01
1.711532981400514473e+02 7.108170136789866422e-01 1.218807727994826529e+01
1.712037859723608619e+02 7.162805246657575342e-01 1.220961852075747522e+01
1.712718575585890903e+02 6.900226342944707492e-01 1.230575979530724950e+01
1.713195776103246146e+02 6.990078165638048402e-01 1.244389752709789043e+01
1.714367083268898284e+02 7.232746622429039318e-01 1.243829518775217480e+01
1.714266476641689394e+02 7.177057119961760545e-01 1.238507472128888942e+01
1.712254484683190299e+02 7.318293008674136013e-01 1.257013292376038649e+01
1.708620344856672943e+02 7.060792762649196197e-01 1.248622963264961783e+01
1.707415103822524713e+02 7.214277178726574702e-01 1.238529438641380054e+01
1.706514775554962000e+02 7.142490615905864315e-01 1.241131855309218146e+01
1.706214730567544393e+02 6.968304958456931208e-01 1.248203490742432997e+01
1.704816254516314871e+02 7.121191885394553278e-01 1.209881064514768489e+01
1.704426656450773976e+02 7.077452165722399879e-01 1.227582031744246471e+01
1.704580299025741112e+02 6.876906693284221550e-01 1.224157013116643888e+01
1.704972568219201321e+02 7.031867259000997850e-01 1.234733625282928671e+01
1.704548825406644141e+02 7.031463075171162647e-01 1.229655319059200558e+01
1.704877462006720066e+02 6.944001209036847477e-01 1.237133598571649529e+01
1.704356627208952375e+02 6.796526830777016581e-01 1.216815804642139121e+01
1.704322130997736622e+02 6.888012961999691042e-01 1.212116201093756551e+01
1.705095229224951083e+02 6.851829722624454000e-01 1.222761875975313117e+01
1.705640455638188655e+02 6.957356848631398583e-01 1.214588048811348031e+01
1.706723474996836956e+02 6.764719320689994708e-01 1.212521263584091358e+01
1.707362331472916139e+02 6.645239065948742585e-01 1.231297008336730769e+01
1.707231270472789504e+02 6.944528405336632959e-01 1.213685313014016387e+01
1.708132442254431851e+02 6.991677327747395365e-01 1.216168231853903414e+01
1.708778099562778436e+02 7.152015295721977362e-01 1.235787666418298691e+01
1.709000347949557863e+02 7.178902307011008066e-01 1.214895404254122724e+01
1.709377064852174044e+02 7.072883131124263478e-01 1.230069343886631650e+01
1.710147316219369884e+02 7.095007802505236549e-01 1.216832147727432556e+01
1.710738900760568413e+02 6.944458112496660895e-01 1.225105966456256823e+01
1.711627138659655998e+02 7.125005271962997488e-01 1.208419852103864756e+01
1.711845327634927116e+02 7.168006916815453655e-01 1.230522029776047077e+01
1.712610851808634891e+02 7.199006059242805122e-01 1.221612763773882016e+01
1.712098891481913654e+02 7.117800255865937009e-01 1.221870035568177038e+01
1.710774047180554192e+02 7.023906594874246290e-01 1.234498495733224566e+01
1.708709915508006247e+02 6.984243859920428177e-01 1.236290435956193434e+01
1.706560465900943200e+02 6.931541803151930470e-01 1.213095380354557129e+01
1.706176754860750009e+02 6.837876593890146459e-01 1.232042463904626750e+01
1.705812022887348576e+02 5.643232205367560983e-01 1.203714273664084544e+01
1.705550164485245546e+02 6.089802617705361021e-01 1.210701381957233913e+01
1.705207750488535225e+02 6.480226624116067757e-01 1.217025453037353699e+01
1.705151937973598137e+02 6.648208938437530913e-01 1.228836758937734608e+01
1.705166348005792258e+02 6.747409708847056375e-01 1.224429222139432838e+01
1.705288200643882419e+02 6.753033136044762630e-01 1.221836822201290573e+01
1.705358440764223644e+02 6.721137759907775955e-01 1.221770219735417662e+01
1.705482876664183038e+02 6.625240752976901959e-01 1.222061407824998902e+01
1.706248137239740856e+02 6.446433341299855346e-01 1.241808423893942148e+01
1.707031041318131201e+02 6.574331163627672447e-01 1.240102240935738287e+01
1.707578499529037970e+02 6.645116053478792306e-01 1.242606423359716494e+01
1.708317663887756339e+02 6.693424807749083216e-01 1.241414608258002872e+01
1.709114116911051440e+02 6.611375490292559221e-01 1.244552480634322578e+01
1.709739195990496512e+02 6.596526127848617582e-01 1.252925236535406484e+01
1.710245568036439749e+02 6.773822243466280923e-01 1.251153856968129219e+01
1.710817558448496527e+02 6.689418115870717774e-01 1.255135594888304595e+01
1.711199705473000563e+02 6.682353685453599201e-01 1.258771492035821282e+01
1.712198303130843158e+02 6.915409596378513379e-01 1.265114893646933147e+01
1.712374738159170988e+02 7.027614542182732960e-01 1.265539989596659609e+01
1.712995125191548027e+02 7.085553415529094456e-01 1.246449684385148515e+01
1.714166748674979885e+02 7.178164232191308614e-01 1.266284039307756082e+01
1.716106268715468559e+02 7.206949150159565054e-01 1.263284116629880138e+01
1.713888107857333694e+02 7.453114675739128669e-01 1.247437474518845590e+01
1.712066609495156797e+02 7.438335606135159095e-01 1.257782120313224894e+01
1.711810954436181191e+02 7.293145745174396399e-01 1.252968993828288724e+01
1.711572749574728221e+02 7.150187681882723689e-01 1.255867694816605962e+01
1.711432005735895814e+02 7.072408654454457322e-01 1.261002059580211210e+01
1.712231903108349513e+02 7.150908183492429293e-01 1.256328991578917709e+01
1.711734844863702278e+02 7.246172554863561377e-01 1.246976704952833437e+01
1.712391977478173999e+02 7.013169363568626524e-01 1.250183991508624892e+01
1.712337307221886249e+02 7.081335845130815043e-01 1.234352462358184255e+01
1.712344600104033532e+02 6.947094093995586084e-01 1.248913096961943481e+01
1.712780116967285835e+02 7.099770142413294183e-01 1.231783786253532220e+01
1.712963018936891046e+02 7.129574306561133890e-01 1.228988415739972773e+01
1.713521934880712934e+02 6.916165244408204460e-01 1.252751437488577402e+01
1.713910917883904403e+02 7.070510747775231586e-01 1.231123560754101653e+01
1.714471186964895821e+02 7.008723341440440402e-01 1.250783413701480384e+01
1.714833388396058069e+02 6.991765193797360167e-01 1.262876945354346248e+01
1.716165701311664407e+02 7.128414474701606496e-01 1.245975207715342137e+01
1.716868787870267568e+02 7.154405252281003103e-01 1.223072218863786453e+01
1.718114201262459346e+02 7.075712417933108789e-01 1.225960903122407863e+01
1.718998994812388332e+02 7.147077223713992344e-01 1.228668934782302991e+01
1.719320004639327522e+02 6.980219594832069996e-01 1.257641007436982505e+01
1.720234760512294088e+02 6.947041374365606758e-01 1.238700953170910068e+01
1.720999985941431873e+02 7.039863069547735996e-01 1.250188560543223026e+01
1.721495075986559868e+02 6.967356005117318896e-01 1.248806603309386887e+01
1.721159673700636858e+02 7.146971784454035914e-01 1.252921721893407891e+01
1.719158788010853129e+02 7.228230307460882242e-01 1.240451772082495729e+01
1.717258544094698607e+02 7.205596012990116428e-01 1.265803587746552061e+01
1.716240457746973789e+02 7.143632874555397860e-01 1.259446479031645794e+01
1.715960235340428142e+02 7.355864531638807158e-01 1.262934936947322484e+01
1.715950552501722086e+02 7.335198436687239143e-01 1.246489927036032164e+01
1.715759971039349807e+02 7.114865529797135268e-01 1.277293655368264247e+01
1.715503648198394444e+02 7.384104680097285378e-01 1.268271569357945161e+01
1.715793992773895980e+02 7.317203469654580683e-01 1.251071087149063032e+01
1.715864760090537118e+02 7.254027779730356507e-01 1.261652444082045754e+01
1.715742608707876968e+02 7.194753342424540232e-01 1.256726673321055543e+01
1.715679837201782618e+02 7.296783399642912116e-01 1.231273284503240539e+01
1.716010231122857874e+02 7.171257960664126907e-01 1.233910671858964392e+01
1.716575385556227218e+02 7.125497321842797493e-01 1.253097981189636023e+01
1.717506958991157262e+02 5.798965992324022212e-01 1.241473654243578828e+01
1.717802663395706588e+02 6.154559896528939422e-01 1.231462547974863320e+01
1.718579364130969509e+02 6.368390715721696793e-01 1.243065611336829157e+01
1.718565569161125381e+02 6.608019007183928428e-01 1.237096870562764472e+01
1.719145010614218734e+02 6.692194683049584869e-01 1.246796931014606891e+01
1.719244334397098442e+02 6.698977942106817407e-01 1.248361649632368398e+01
1.719492099084787355e+02 6.639123588871237436e-01 1.252624383180329204e+01
1.719238640677060630e+02 6.831954422122562542e-01 1.254738967538766481e+01
1.720308251676484304e+02 7.182575107899509259e-01 1.250522627265186770e+01
1.720580654004583039e+02 7.100525790442985263e-01 1.267333687140627774e+01
1.720170477710140347e+02 6.991202851077589209e-01 1.266980465619771934e+01
1.718675436870000510e+02 6.880263176392852342e-01 1.261639264174551123e+01
1.716939238869128701e+02 7.042130013636811459e-01 1.258203525888852958e+01
1.715301942894096783e+02 6.966125880417820548e-01 1.260504913469513966e+01
1.714724030310272553e+02 7.042077294006832133e-01 1.251132769116137844e+01
1.714479340934332470e+02 6.841584541198633129e-01 1.260040102065203627e+01
1.713601295497040553e+02 7.005402004751796197e-01 1.245430789669764238e+01
1.713441765896725713e+02 7.321596772152788590e-01 1.244480606205451956e+01
1.713478283027090754e+02 7.144757559994938667e-01 1.247373683766571517e+01
1.712800308585567564e+02 7.020058061885816603e-01 1.253727453571579176e+01
1.712632150539146210e+02 7.138870534647341337e-01 1.253969788137380270e+01
1.712130681418790630e+02 7.025259732043693806e-01 1.238196953508315623e+01
1.711946004554976071e+02 7.007809534520813566e-01 1.227678332935007255e+01
1.712284605165117739e+02 6.757285852863027520e-01 1.255067059369332583e+01
1.712682093601945610e+02 6.892863167957712367e-01 1.253024876636065876e+01
1.713393562581715344e+02 6.887907522739733501e-01 1.238745764856391673e+01
1.713847671901140188e+02 6.707887559573182390e-01 1.263933973935414912e+01
1.713815354767963299e+02 6.966969394497476431e-01 1.233893450113171397e+01
1.714593935836695664e+02 7.096360939674685175e-01 1.249003071797106834e+01
1.714948369909041048e+02 7.200429489252224702e-01 1.237617564774851964e+01
1.715165838382702361e+02 7.119311551925321391e-01 1.236795841475587210e+01
1.715821108236914938e+02 6.901895797894026519e-01 1.243502832801450886e+01
1.716200285388930240e+02 7.052058877282759708e-01 1.240666692440708019e+01
1.714870274563832879e+02 7.203452081370991245e-01 1.232076907396212562e+01
1.713477826123630905e+02 6.982996162010937091e-01 1.243577518943920346e+01
1.711148180821301423e+02 7.077557604982356310e-01 1.247882603927963885e+01
1.709425004569034456e+02 6.986668962899439395e-01 1.221295040137211707e+01
1.709175992183436108e+02 6.978163529262909615e-01 1.222502319663719028e+01
1.708044839802617787e+02 6.783645667852272743e-01 1.235510712628811625e+01
1.706637102669722026e+02 6.751170375785522371e-01 1.211460896093123907e+01
1.706810655691611203e+02 6.831146054462892137e-01 1.220869416991185297e+01
1.706904057302723174e+02 7.011763506769200793e-01 1.218711075339865957e+01
1.706733263274802823e+02 6.816085813499036528e-01 1.242604490306617393e+01
1.706567354599260398e+02 6.954474842192573947e-01 1.216167353193403677e+01
1.706412745497743515e+02 6.932490756491543893e-01 1.224093046632270010e+01
1.706207578271077239e+02 6.855467377092969716e-01 1.218038900057640106e+01
1.706898627180835319e+02 6.874235565365311995e-01 1.236129641084759179e+01
1.707308188412928303e+02 6.812413012610535334e-01 1.225526141907185362e+01
1.707308768328857980e+02 6.697044889007606194e-01 1.245479291729344418e+01
1.707517907100982768e+02 6.939309161968761908e-01 1.228594951568233284e+01
1.707905695125894567e+02 6.826928484064612723e-01 1.252882182170923997e+01
1.708352898173791914e+02 6.967584456847225605e-01 1.236509398152704087e+01
1.708229499093222330e+02 6.924846410144662734e-01 1.256947041374365526e+01
