3.792699999999999960e+01 5.571757225433525695e-01 5.163386127167630235e+00
3.791562196531791784e+01 5.522924855491329055e-01 5.106270520231213972e+00
3.791125549132947725e+01 5.505664739884392755e-01 5.081901734104046220e+00
3.798769826589595056e+01 5.131179190751444796e-01 5.080616184971098015e+00
3.804625317919074945e+01 4.580994219653179433e-01 4.835699421965317768e+00
3.808196300578034510e+01 4.387260115606936295e-01 4.507455491329479536e+00
3.800120462427745593e+01 5.012739884393063727e-01 4.132590751445087029e+00
3.817792601156069310e+01 5.313260115606935896e-01 4.043797687861271584e+00
3.853713179190751248e+01 5.802693641618497100e-01 3.970910982658959476e+00
3.868097109826589275e+01 5.912994219653179284e-01 4.063980346820809331e+00
3.894454335260115840e+01 5.955630057803468214e-01 4.114277456647398523e+00
3.916929017341040264e+01 5.992369942196531518e-01 4.122904046242774179e+00
3.930731445086705378e+01 5.872427745664740018e-01 4.182827745664740249e+00
3.939842427745664821e+01 5.966393063583814715e-01 4.171852023121386921e+00
3.950688323699422000e+01 5.996219653179191145e-01 4.193649710982659151e+00
3.961226820809248750e+01 6.015849710982659193e-01 4.142871676300577732e+00
3.947575144508670775e+01 5.976786127167630358e-01 4.210019653179190691e+00
3.945240578034682244e+01 5.984994219653179126e-01 4.210821965317919080e+00
3.960409710982658993e+01 6.107988439306358819e-01 4.216796531791907832e+00
3.962565549132948206e+01 6.034161849710982795e-01 4.230239306358381413e+00
3.963287052023121504e+01 6.049387283236994373e-01 4.294321387283236646e+00
3.968145433526011345e+01 6.018878612716762611e-01 4.286143352601156309e+00
3.976755144508670270e+01 5.980578034682081379e-01 4.209489017341040196e+00
3.977991791907514596e+01 5.943953757225433066e-01 4.187167630057803791e+00
3.979793988439306673e+01 5.941630057803468645e-01 4.220894797687861022e+00
3.980715838150288732e+01 6.028647398843930416e-01 4.233145664739883962e+00
3.974563930635838460e+01 5.997953757225433780e-01 4.236987283236993918e+00
3.969575375722543242e+01 6.042924855491329517e-01 4.240979190751445138e+00
3.975169364161849472e+01 6.196682080924855729e-01 4.117768786127167679e+00
3.970649595375722640e+01 6.119248554913294669e-01 4.177120231213872437e+00
3.965115953757225498e+01 6.068601156069364233e-01 4.195078612716763189e+00
3.984173294797687959e+01 5.952797687861272058e-01 4.252626589595375428e+00
3.997542312138727993e+01 5.962554913294797476e-01 4.203171098265896077e+00
4.014824393063583585e+01 5.927791907514451397e-01 4.236952601156069420e+00
4.037965317919075403e+01 5.868832369942196259e-01 4.264558381502889794e+00
4.048861271676300788e+01 5.953005780346820597e-01 4.252203468208092474e+00
4.047481849710982971e+01 5.918913294797687463e-01 4.242231213872832640e+00
4.047759306358381792e+01 5.770289017341040383e-01 4.286516763005780106e+00
4.048483005780347099e+01 5.837942196531792360e-01 4.214517919075144725e+00
4.042758265895953684e+01 5.841803468208092154e-01 4.284463583815028898e+00
4.035732023121387613e+01 5.803283236994219996e-01 4.276339884393063784e+00
4.030248323699422031e+01 5.810473988439306403e-01 4.219428901734104009e+00
4.031283815028901785e+01 5.865063583815028903e-01 4.268642774566473896e+00
4.027782774566473734e+01 5.927283236994219662e-01 4.253961849710982790e+00
4.029738843930635994e+01 5.863294797687861326e-01 4.271403468208092136e+00
4.028394104046243029e+01 5.881595375722543650e-01 4.251130635838149985e+00
4.024896184971098023e+01 5.848231213872832068e-01 4.275574566473988369e+00
4.022897341040462749e+01 5.855722543352601672e-01 4.257500578034681737e+00
4.012775028901734231e+01 6.052624277456647439e-01 4.208046242774566181e+00
3.987769942196531758e+01 5.932867052023121923e-01 4.238121387283237063e+00
3.968209132947976769e+01 5.929445086705201762e-01 4.251379190751444881e+00
3.968401849710982532e+01 6.140728323699421454e-01 4.231011560693641371e+00
3.970038497109826636e+01 5.881988439306358174e-01 4.255833526011560508e+00
3.962362774566474144e+01 6.106289017341040015e-01 4.237721387283237107e+00
3.967703121387283005e+01 6.048971098265896185e-01 4.237115606936415979e+00
3.968946358381502648e+01 6.031271676300578033e-01 4.246915606936416232e+00
3.962855144508670691e+01 6.040127167630058302e-01 4.211927167630057589e+00
3.957838381502890002e+01 6.021306358381502966e-01 4.205973410404624246e+00
3.947766127167630401e+01 5.999699421965317692e-01 4.228565317919074751e+00
3.946579884393063509e+01 6.214115606936416736e-01 4.210747976878613130e+00
3.933238265895953845e+01 7.197491329479769329e-01 4.392245086705202084e+00
3.958271445086705143e+01 6.331225433526012081e-01 4.135941040462427942e+00
3.968285202312138438e+01 6.227213872832370045e-01 4.170964161849711083e+00
3.978147745664740143e+01 6.581502890173410725e-01 4.157394219653179235e+00
3.982438612716762805e+01 6.711352601156069797e-01 4.118745664739884127e+00
3.975507745664739900e+01 6.675456647398844146e-01 4.090761849710983000e+00
3.976356300578034819e+01 6.463225433526011976e-01 4.162543352601155711e+00
3.973893872832370278e+01 6.463687861271676383e-01 4.188083236994219583e+00
3.971727745664740183e+01 6.339028901734103938e-01 4.189412716763006195e+00
3.983796416184971179e+01 6.281317919075144474e-01 4.214312138728323553e+00
3.989219537572254382e+01 6.256323699421965090e-01 4.233245086705202276e+00
3.988521734104045890e+01 6.456670520231213573e-01 4.233554913294797828e+00
3.991783005780347082e+01 6.532578034682080537e-01 4.227624277456647484e+00
3.996073988439306390e+01 6.539502890173410909e-01 4.235990751445086744e+00
3.993063236994219523e+01 6.582196531791907335e-01 4.253426589595375340e+00
3.999124855491329811e+01 6.397630057803468384e-01 4.239779190751445270e+00
4.002637687861271587e+01 6.466092485549133073e-01 4.219492485549133143e+00
4.007283352601156423e+01 6.515664739884392542e-01 4.205193063583815061e+00
4.021282774566473961e+01 6.407421965317918744e-01 4.218668208092485550e+00
4.040403236994219327e+01 6.422393063583815564e-01 4.233833526011560267e+00
4.057733179190751116e+01 6.267017341040462819e-01 4.214308670520231281e+00
4.073710982658959523e+01 6.125803468208091962e-01 4.300211560693641744e+00
4.076514797687861602e+01 6.144150289017340505e-01 4.270312138728323603e+00
4.079315144508670699e+01 5.976890173410404072e-01 4.255030057803468324e+00
4.077476531791907632e+01 5.944277456647398816e-01 4.274543352601155810e+00
4.076172369942196383e+01 6.022693641618497296e-01 4.253306358381502505e+00
4.072770289017341128e+01 6.031086705202312048e-01 4.287508670520231213e+00
4.080346705202312307e+01 5.931745664739884738e-01 4.368889017341040848e+00
4.078070635838150082e+01 6.012173410404624274e-01 4.274941040462428177e+00
4.086066127167629958e+01 5.992196531791907921e-01 4.249509826589595640e+00
4.094915606936416452e+01 5.973757225433525830e-01 4.218697109826589298e+00
4.087618843930636103e+01 5.929919075144508556e-01 4.314287861271676405e+00
4.084705664739884412e+01 6.062184971098265596e-01 4.289508670520230993e+00
4.071216647398843946e+01 5.991260115606936720e-01 4.261698265895954130e+00
4.069074566473988597e+01 6.021167630057803200e-01 4.233494797687860967e+00
4.072632369942196817e+01 6.046647398843930654e-01 4.258527167630058230e+00
4.071033988439306484e+01 6.013352601156068955e-01 4.294806936416184939e+00
4.080950635838150475e+01 6.179294797687860941e-01 4.241877456647398681e+00
4.099195953757225652e+01 5.940959537572254590e-01 4.232578034682080492e+00
4.109449826589595034e+01 5.938462427745664352e-01 4.207227745664740226e+00
4.129390635838150558e+01 6.011872832369942188e-01 4.188439306358381131e+00
4.140582774566473745e+01 5.913341040462427589e-01 4.227147976878613100e+00
4.130067514450867350e+01 5.927040462427746181e-01 4.223790751445086755e+00
4.125821156069363838e+01 5.955780346820809257e-01 4.242502890173410535e+00
4.121447630057803480e+01 5.911098265895953219e-01 4.281742196531792111e+00
4.114695260115606601e+01 6.000936416184970978e-01 4.262440462427745658e+00
4.096881965317918883e+01 5.997965317919075057e-01 4.261835838150289213e+00
4.092630289017341028e+01 6.096184971098266292e-01 4.251254335260115980e+00
4.089502427745664903e+01 6.087283236994219804e-01 4.232833526011560821e+00
4.081687861271676354e+01 6.023433526011561234e-01 4.258277456647398651e+00
4.084634566473988571e+01 6.106069364161850199e-01 4.251220809248555277e+00
4.091330982658959670e+01 6.089306358381503248e-01 4.264457803468207686e+00
4.094502774566473846e+01 6.196959537572254151e-01 4.230531791907514716e+00
4.097121271676300580e+01 6.049225433526012052e-01 4.250654335260115602e+00
4.108573063583815355e+01 6.080046242774566068e-01 4.262539884393063971e+00
4.108059421965317881e+01 5.948439306358381806e-01 4.229539884393063609e+00
4.109435838150289300e+01 6.055086705202311625e-01 4.254998843930636099e+00
4.106357225433526281e+01 5.960601156069363915e-01 4.240163005780346772e+00
4.109366358381502948e+01 6.153052023121386993e-01 4.209619653179190735e+00
4.109473641618497197e+01 5.969815028901733767e-01 4.274736416184970800e+00
4.097225549132947719e+01 7.034138728323698908e-01 4.283055491329479381e+00
4.105921849710982485e+01 6.236913294797687968e-01 4.164135260115607196e+00
4.114910751445086845e+01 6.026820809248555344e-01 4.176299421965318004e+00
4.118168901734104281e+01 6.388150289017341388e-01 4.158371098265895682e+00
4.116884508670520404e+01 6.579907514450866746e-01 4.134636994219652806e+00
4.121238728323699263e+01 6.283930635838150813e-01 4.224175722543352940e+00
4.119493294797688066e+01 6.162381502890172946e-01 4.241886705202311703e+00
4.121453063583815180e+01 6.108890173410405078e-01 4.255626589595375542e+00
4.124754566473988149e+01 6.270855491329480058e-01 4.275966473988439098e+00
4.123819999999999908e+01 6.290705202312139033e-01 4.277628901734104261e+00
4.123055491329479594e+01 6.211919075144508584e-01 4.294128323699421657e+00
4.120504161849711267e+01 6.237398843930636039e-01 4.318084393063584159e+00
4.114723815028902010e+01 6.225942196531791817e-01 4.282669364161849401e+00
4.102252832369941871e+01 6.245433526011561209e-01 4.323624277456647569e+00
4.094390982658959643e+01 6.393734104046242539e-01 4.333423121387283139e+00
4.091623352601155972e+01 6.378219653179191262e-01 4.281986127167630052e+00
4.085225317919075394e+01 6.355063583815029338e-01 4.279956069364161841e+00
4.078914913294797628e+01 6.343907514450867202e-01 4.255953757225433343e+00
4.078501965317919087e+01 6.353317919075144315e-01 4.231601156069364045e+00
4.080327514450866744e+01 6.316543352601156069e-01 4.250172254335260469e+00
4.076148323699421638e+01 6.296208092485549024e-01 4.240618497109826635e+00
4.070641040462427895e+01 6.418520231213873384e-01 4.253677456647398714e+00
4.061395375722543122e+01 6.137930635838150240e-01 4.263464739884392785e+00
4.056121734104046084e+01 6.132254335260115541e-01 4.257159537572253960e+00
4.057323236994219684e+01 5.943838150289016964e-01 4.253221965317918851e+00
4.069110173410404485e+01 5.947815028901733969e-01 4.232604624277456651e+00
4.076275953757225778e+01 5.969722543352601329e-01 4.230091329479768625e+00
4.081445433526011612e+01 6.020705202312138793e-01 4.184766473988439373e+00
4.084038381502890047e+01 6.093190751445086706e-01 4.224309826589595751e+00
4.085039884393063403e+01 6.030543352601156482e-01 4.256991907514450446e+00
4.086438843930636011e+01 6.177213872832370001e-01 4.252085549132948117e+00
4.086850404624277644e+01 6.112566473988438887e-01 4.294457803468207935e+00
4.092110289017340818e+01 6.078901734104046328e-01 4.235181502890173810e+00
4.096262312138728134e+01 6.047456647398844476e-01 4.265665895953757669e+00
4.091049017341040184e+01 5.989618497109826523e-01 4.277030057803468566e+00
4.098154682080924971e+01 6.104034682080924368e-01 4.288550289017341477e+00
4.090164855491329376e+01 6.003526011560693654e-01 4.265136416184970969e+00
4.084155028901734141e+01 6.120369942196531854e-01 4.235438150289017045e+00
4.067850520231213807e+01 6.080924855491329772e-01 4.220897109826589499e+00
4.057136763005780011e+01 5.945398843930636001e-01 4.228943352601156391e+00
4.052858843930636112e+01 6.124716763005780829e-01 4.233479768786127195e+00
4.039312023121387085e+01 6.182427745664740293e-01 4.254947976878613147e+00
4.025611676300577813e+01 6.073387283236993950e-01 4.230554913294797714e+00
4.016709826589595167e+01 5.982716763005779814e-01 4.246771098265895716e+00
4.012195953757225197e+01 5.989768786127167566e-01 4.239487861271676650e+00
4.003173294797687731e+01 6.121630057803467695e-01 4.232582658959537447e+00
4.009381271676300429e+01 6.208763005780346678e-01 4.216107514450866844e+00
4.015195144508670211e+01 6.051167630057803226e-01 4.238951445086705405e+00
4.027053872832370018e+01 6.054462427745664899e-01 4.220717919075144486e+00
4.040734566473988565e+01 6.071907514450867183e-01 4.247389595375722138e+00
4.064453063583815151e+01 5.927283236994219662e-01 4.218224277456647187e+00
4.085452138728323490e+01 5.933213872832370228e-01 4.251819653179190972e+00
4.113196647398844163e+01 5.979225433526011990e-01 4.275797687861271790e+00
4.146616531791907789e+01 5.925537572254335750e-01 4.247287861271676235e+00
4.172259884393063345e+01 5.992959537572254414e-01 4.277423121387283089e+00
4.184814450867052216e+01 5.992150289017340592e-01 4.244854335260115796e+00
4.193050751445086632e+01 6.069664739884392812e-01 4.240877456647399235e+00
4.200887976878613017e+01 5.960635838150288857e-01 4.239937572254334874e+00
4.209867052023121659e+01 6.076520231213873302e-01 4.266900578034682034e+00
4.222354219653179541e+01 6.040462427745664220e-01 4.350758381502890515e+00
4.251830867052023422e+01 7.092878612716763120e-01 4.373686705202311842e+00
4.279506589595375488e+01 6.236763005780346925e-01 4.187957225433525998e+00
4.291028670520231003e+01 6.151722543352601269e-01 4.205132947976878199e+00
4.287654682080924573e+01 6.360057803468207593e-01 4.300742196531792239e+00
4.274356763005780380e+01 6.698450867052022639e-01 4.233625433526011506e+00
4.266544739884393067e+01 6.732890173410404078e-01 4.251215028901734527e+00
4.259684739884392712e+01 6.414485549132947773e-01 4.287568786127167186e+00
4.254705086705202177e+01 6.290184971098266020e-01 4.281221965317919320e+00
4.259516184971098340e+01 6.261236994219653296e-01 4.258758381502889989e+00
4.260522774566474169e+01 6.287109826589595274e-01 4.321093641618497294e+00
4.254364277456647159e+01 6.263040462427745814e-01 4.332172254335260320e+00
4.233074335260115362e+01 6.192462427745665243e-01 4.384398843930635614e+00
4.216517919075144505e+01 6.201144508670519695e-01 4.360833526011560934e+00
4.201596416184970906e+01 6.058265895953757196e-01 4.407220809248554971e+00
4.197053988439306238e+01 6.044531791907514773e-01 4.337826589595375815e+00
4.191518959537572186e+01 6.012254335260115434e-01 4.302204624277456979e+00
4.203132138728323497e+01 6.196924855491329209e-01 4.315401156069364141e+00
4.220366820809248765e+01 6.108173410404624804e-01 4.293847398843930740e+00
4.233480924855491168e+01 6.152069364161849574e-01 4.278261271676300659e+00
4.230491560693641873e+01 6.156184971098266345e-01 4.317483236994219986e+00
4.220837687861271803e+01 6.079653179190751544e-01 4.362405780346820805e+00
4.200919999999999987e+01 6.181687861271676354e-01 4.268509826589595768e+00
4.177315028901734451e+01 6.221722543352601331e-01 4.280128323699422310e+00
4.155539999999999878e+01 6.222867052023121071e-01 4.270412716763005712e+00
4.141669942196531906e+01 6.217595375722543283e-01 4.297179190751444722e+00
4.128701965317919331e+01 6.179005780346821242e-01 4.163902890173410754e+00
4.122310057803468197e+01 6.133630057803468594e-01 4.233568786127167805e+00
4.111759653179191076e+01 6.024936416184970556e-01 4.271144508670520423e+00
4.104113179190751737e+01 6.068531791907514350e-01 4.254322543352601294e+00
4.092843468208092617e+01 5.964728323699421964e-01 4.259532947976878425e+00
4.088308439306358366e+01 6.058242774566473532e-01 4.254636994219652912e+00
4.092116300578034327e+01 6.085606936416184665e-01 4.258114450867052092e+00
4.102647976878612468e+01 5.961410404624277737e-01 4.264915606936416026e+00
4.117699421965318152e+01 6.114751445086704651e-01 4.208676300578034990e+00
4.141021271676300586e+01 6.122705202312138661e-01 4.268507514450867291e+00
4.166566242774566575e+01 6.027664739884392997e-01 4.245806936416184563e+00
4.177709826589595110e+01 6.189052023121387469e-01 4.282443930635838392e+00
4.178316994219652969e+01 6.007676300578034256e-01 4.262428901734104159e+00
4.171412254335260172e+01 6.179364161849710824e-01 4.274812716763006115e+00
4.163022774566474027e+01 6.070913294797687376e-01 4.287301734104046247e+00
4.167083352601156321e+01 6.100786127167630024e-01 4.281038150289017352e+00
4.171174335260115384e+01 6.060797687861271266e-01 4.251971098265896032e+00
4.181739075144508888e+01 5.890867052023120998e-01 4.252393063583815191e+00
4.185974682080924936e+01 6.065884393063584179e-01 4.233272832369942229e+00
4.184352254335259857e+01 5.949445086705201780e-01 4.284169942196531800e+00
4.178226358381503047e+01 6.114358381502890127e-01 4.317135260115606776e+00
4.168116531791907420e+01 5.988231213872832193e-01 4.318132947976878633e+00
4.163717803468207990e+01 6.007849710982658964e-01 4.271055491329479814e+00
4.164653872832369785e+01 5.937710982658959136e-01 4.338973410404624254e+00
4.167423930635838047e+01 5.981144508670520610e-01 4.303505202312138955e+00
4.173942312138728283e+01 6.028624277456647862e-01 4.276689017341040788e+00
4.184444855491329207e+01 5.928635838150289050e-01 4.333458959537572319e+00
4.176506705202312020e+01 6.017803468208092754e-01 4.316730635838149865e+00
4.165338959537572094e+01 5.999791907514451239e-01 4.294260115606935990e+00
4.159868670520231149e+01 5.906589595375723034e-01 4.306272832369942627e+00
4.171645549132947650e+01 5.989167630057803393e-01 4.241794219653178821e+00
4.197979190751445344e+01 5.998138728323699764e-01 4.257848554913294947e+00
4.217922312138728103e+01 6.093630057803468558e-01 4.240344508670520263e+00
4.238547861271675998e+01 5.991040462427745794e-01 4.290041618497109965e+00
4.253699537572254030e+01 6.185364161849711273e-01 4.247793063583815254e+00
4.242380231213872577e+01 7.081942196531791911e-01 4.413124855491329157e+00
4.234803699421965462e+01 6.271722543352601376e-01 4.227416184971097834e+00
4.229027398843930285e+01 6.118138728323699871e-01 4.268335260115606822e+00
4.224077109826589549e+01 6.289630057803468066e-01 4.271720231213873120e+00
4.208669132947976976e+01 6.655433526011560463e-01 4.270135260115607068e+00
4.189018381502890520e+01 6.945121387283237357e-01 4.268434682080925135e+00
4.161872369942196315e+01 6.572867052023121381e-01 4.242539884393063510e+00
4.135795953757225618e+01 6.550450867052023396e-01 4.291183815028901449e+00
4.101120231213872813e+01 6.405930635838150700e-01 4.263452023121387491e+00
4.073994566473988499e+01 6.311757225433526353e-01 4.283959537572254561e+00
4.049041849710982888e+01 6.208855491329480225e-01 4.271664739884393214e+00
4.037561965317919288e+01 6.175398843930636206e-01 4.284509826589595782e+00
4.038786473988439241e+01 6.243676300578034910e-01 4.216776878612717105e+00
4.040680346820808921e+01 6.331595375722542940e-01 4.228630057803468567e+00
4.045081156069364425e+01 6.436867052023121927e-01 4.198904046242774690e+00
4.041034104046242703e+01 6.389768786127167921e-01 4.236716763005780706e+00
4.034672138728323887e+01 6.413063583815028501e-01 4.234149132947976568e+00
4.029616878612716846e+01 6.496728323699422214e-01 4.231883236994219644e+00
4.021075838150289172e+01 6.502277456647398424e-01 4.255031213872832119e+00
4.023976878612716490e+01 6.430439306358382012e-01 4.233569942196531599e+00
4.020544855491329628e+01 6.471653179190751670e-01 4.247803468208092070e+00
4.015074566473988682e+01 6.490312138728323577e-01 4.235417341040462524e+00
4.006106127167630149e+01 6.520450867052023369e-01 4.255464739884392777e+00
4.001608323699421987e+01 6.299341040462427266e-01 4.232337572254334823e+00
3.995664971098265994e+01 6.107502890173410748e-01 4.249687861271675970e+00
3.994161502890173665e+01 6.004878612716763042e-01 4.233707514450866682e+00
4.000964739884393140e+01 5.920901734104045966e-01 4.243865895953756961e+00
3.996179190751445276e+01 6.000947976878612256e-01 4.213160693641618160e+00
3.987275953757225722e+01 6.200184971098265940e-01 4.214984971098266087e+00
3.964107861271676114e+01 6.097317919075144754e-01 4.278316763005780565e+00
3.962157456647398845e+01 6.040705202312138811e-01 4.239916763005780354e+00
3.964305317919075122e+01 6.136947976878612820e-01 4.183403468208092058e+00
3.968529710982659253e+01 6.090705202312138855e-01 4.197663583815028687e+00
3.971233410404624209e+01 6.165028901734104227e-01 4.192663583815028794e+00
3.959420924855491108e+01 6.026150289017341288e-01 4.174413872832370309e+00
3.946661734104046104e+01 6.169965317919074987e-01 4.190412716763005641e+00
3.924354913294797598e+01 6.103306358381502816e-01 4.190791907514451076e+00
3.915400578034682155e+01 6.028450867052023154e-01 4.161198843930636215e+00
3.911984971098265618e+01 6.297618497109827018e-01 4.189645086705202637e+00
3.911471213872832209e+01 6.011075144508670753e-01 4.190801156069364097e+00
3.911142543352600853e+01 6.101491329479769021e-01 4.215658959537572414e+00
3.911420462427745548e+01 6.025861271676300479e-01 4.206279768786127526e+00
3.902220346820809027e+01 6.077202312138728635e-01 4.208530635838150680e+00
3.900599306358381568e+01 6.117132947976878787e-01 4.202446242774566798e+00
3.896278150289017361e+01 6.207849710982659142e-01 4.219375722543352580e+00
3.898460578034681845e+01 6.390000000000000124e-01 4.236834682080925063e+00
3.914079999999999870e+01 6.237549132947977082e-01 4.201245086705202247e+00
3.936472947976878345e+01 6.224104046242774357e-01 4.197176878612716600e+00
3.951547514450867027e+01 6.311687861271676470e-01 4.215172254335260327e+00
3.962585086705202286e+01 6.221641618497110171e-01 4.200158381502889782e+00
3.961366242774566615e+01 6.280219653179190953e-01 4.200039306358381630e+00
3.959673063583814923e+01 6.133988439306358176e-01 4.207262427745664723e+00
3.958197803468208065e+01 6.256820809248554438e-01 4.177067052023121008e+00
3.954805317919075236e+01 6.121699421965317578e-01 4.216194219653178976e+00
3.959516763005780149e+01 6.234624277456647379e-01 4.238460115606936363e+00
3.978428092485549428e+01 6.106832369942196692e-01 4.212110982658959557e+00
3.996043815028901491e+01 6.117398843930635932e-01 4.218054335260115195e+00
4.019037109826589926e+01 5.960809248554913564e-01 4.237745664739884788e+00
4.035327052023121297e+01 6.266832369942196834e-01 4.218227745664739459e+00
4.038319075144508474e+01 6.127352601156069722e-01 4.181824277456647643e+00
4.029950173410404801e+01 7.194635838150289509e-01 4.266312138728324044e+00
4.024377456647398787e+01 6.341988439306358583e-01 4.092656647398843717e+00
4.030113410404624119e+01 6.197537572254335769e-01 4.131502890173410769e+00
4.033256531791907662e+01 6.138855491329480163e-01 4.204663583815029249e+00
4.014265780346821089e+01 6.622323699421965859e-01 4.196471676300578046e+00
4.001548786127167290e+01 6.792485549132948330e-01 4.225458959537572667e+00
3.994752601156069716e+01 6.479653179190751899e-01 4.248440462427745423e+00
3.998096647398843828e+01 6.375838150289017126e-01 4.266504046242774351e+00
4.000244855491329332e+01 6.346439306358381272e-01 4.263322543352600746e+00
4.010409132947977184e+01 6.428150289017341423e-01 4.242258959537572593e+00
4.017804971098265554e+01 6.488265895953757578e-01 4.249117919075144911e+00
4.020530404624277310e+01 6.552277456647398468e-01 4.220594219653179380e+00
4.021816647398843969e+01 6.397930635838150470e-01 4.272527167630057576e+00
4.024120115606936565e+01 6.404208092485549342e-01 4.260743352601155998e+00
4.023247514450866902e+01 6.494473988439306567e-01 4.209882080924855607e+00
4.024185549132948125e+01 6.528346820809248774e-01 4.240322543352601059e+00
4.026826242774566822e+01 6.580242774566473773e-01 4.263989595375722530e+00
4.034952023121387299e+01 6.586728323699422294e-01 4.314209248554913501e+00
4.043753063583815077e+01 6.489306358381502493e-01 4.249937572254335549e+00
4.063526705202312428e+01 6.310820809248555152e-01 4.227193063583815302e+00
4.065910404624277419e+01 6.484682080924855097e-01 4.235094797687861679e+00
4.068604508670519948e+01 6.253491329479768934e-01 4.226973410404624154e+00
4.071729017341040446e+01 6.197549132947977046e-01 4.237306358381502491e+00
4.083751098265896218e+01 5.918265895953757072e-01 4.231774566473988308e+00
4.084100462427745981e+01 5.943213872832370237e-01 4.233282080924855251e+00
4.096485086705202150e+01 6.019999999999999796e-01 4.195235838150288998e+00
4.102707976878613039e+01 6.018855491329480056e-01 4.212242774566473891e+00
4.115542080924855384e+01 6.174404624277456399e-01 4.227316763005780409e+00
4.129701502890173259e+01 5.954393063583814927e-01 4.285421965317919302e+00
4.145539421965317928e+01 5.943040462427745529e-01 4.311628901734104069e+00
4.159382427745664756e+01 5.973202312138727876e-01 4.327020809248554478e+00
4.163838728323699456e+01 5.952289017341040323e-01 4.269599999999999618e+00
4.169796300578034476e+01 6.075086705202311643e-01 4.292449710982658928e+00
4.173776878612716956e+01 5.923526011560693583e-01 4.221439306358381494e+00
4.171843005780346658e+01 6.149895953757225087e-01 4.243598843930636022e+00
4.167343005780346488e+01 6.110115606936415977e-01 4.284850867052023560e+00
4.165810057803468425e+01 6.284924855491329510e-01 4.237202312138728111e+00
4.158694566473988630e+01 5.968994219653178668e-01 4.288928323699422229e+00
4.149327630057803162e+01 5.898184971098265894e-01 4.297469364161849548e+00
4.152300462427745487e+01 5.819317919075144285e-01 4.325307514450867252e+00
4.162122658959537347e+01 6.004393063583814971e-01 4.310248554913294505e+00
4.159585433526011400e+01 5.896751445086705345e-01 4.311950289017341120e+00
4.155173641618497271e+01 5.883329479768786285e-01 4.278620809248554480e+00
4.158347283236994230e+01 6.000739884393063717e-01 4.256153757225433765e+00
4.164882312138728082e+01 5.904219653179191285e-01 4.295143352601155762e+00
4.169771560693641277e+01 5.851699421965318448e-01 4.282410404624277689e+00
4.172427976878612554e+01 5.893907514450866802e-01 4.301997687861272013e+00
4.180533294797687915e+01 5.868751445086705099e-01 4.293217341040462820e+00
4.185307052023121344e+01 6.084000000000000519e-01 4.301036994219653131e+00
4.184614219653179390e+01 6.024450867052023595e-01 4.273458959537571822e+00
4.184948554913295027e+01 6.182739884393063656e-01 4.279247398843931016e+00
4.182782774566474160e+01 6.165248554913295154e-01 4.266480924855491352e+00
4.179222890173410576e+01 6.317768786127168079e-01 4.283958381502889878e+00
4.186870867052023470e+01 6.116312138728323688e-01 4.279307514450866989e+00
4.196131445086705014e+01 6.219583815028901785e-01 4.274399999999999977e+00
4.206139768786127320e+01 6.060867052023121149e-01 4.261097109826589957e+00
4.216576069364161583e+01 6.043849710982659440e-01 4.293552601156068960e+00
4.210803583815028617e+01 5.953433526011561172e-01 4.331286705202312071e+00
4.204905780346820876e+01 6.055572254335259696e-01 4.299346820809248904e+00
4.192251213872832238e+01 5.961872832369942143e-01 4.293204624277456638e+00
4.163239421965317888e+01 7.154416184971098547e-01 4.425868208092485823e+00
4.147145202312138679e+01 6.309734104046242908e-01 4.211038150289017068e+00
4.145085780346821025e+01 6.184312138728323971e-01 4.278756069364161974e+00
4.143898612716763097e+01 6.537699421965318392e-01 4.292187283236994055e+00
4.138647398843930603e+01 6.713919075144508808e-01 4.269754913294797838e+00
4.128694219653178976e+01 6.825502890173410497e-01 4.275727167630058112e+00
4.108612947976878615e+01 6.993202312138728782e-01 4.240900578034682233e+00
4.090188208092485667e+01 6.642728323699421678e-01 4.258835838150289099e+00
4.061131560693641518e+01 6.467421965317918797e-01 4.222580346820809183e+00
4.023294682080924645e+01 6.425676300578034850e-01 4.265735260115606664e+00
4.000538497109826608e+01 6.511156069364162358e-01 4.250783815028901458e+00
3.985559768786126966e+01 6.568855491329479435e-01 4.209831213872832656e+00
3.975013294797687990e+01 6.559780346820809349e-01 4.234462427745664392e+00
3.980360000000000298e+01 6.462867052023121284e-01 4.210135260115606570e+00
3.987785317919075112e+01 6.347768786127168106e-01 4.218708670520230797e+00
3.986509826589595207e+01 6.269329479768785962e-01 4.213240462427745747e+00
3.991778728323699710e+01 6.319734104046242917e-01 4.211087861271676225e+00
3.999531907514450779e+01 6.389630057803468155e-01 4.197699421965317867e+00
4.002433179190751389e+01 6.472739884393063914e-01 4.265409248554913546e+00
4.010788554913294490e+01 6.367121387283236622e-01 4.215050867052022809e+00
4.022440462427745445e+01 6.381098265895953636e-01 4.279505202312138934e+00
4.034019075144508548e+01 6.226254335260115180e-01 4.262679768786127532e+00
4.032512485549133174e+01 6.175526011560693584e-01 4.247301734104046211e+00
4.042168323699421961e+01 6.033919075144508204e-01 4.242751445086705431e+00
4.045617109826589797e+01 6.041410404624277808e-01 4.252883236994219551e+00
4.040359421965317921e+01 5.971063583815029441e-01 4.236516763005780284e+00
4.029902196531791958e+01 6.129375722543352056e-01 4.205731791907514783e+00
4.033133410404624186e+01 6.126208092485548873e-01 4.224603468208092849e+00
4.035881271676300486e+01 6.076797687861271724e-01 4.197202312138728075e+00
4.037355953757225535e+01 5.918092485549133475e-01 4.187958381502889793e+00
4.045000693641618739e+01 5.931849710982658452e-01 4.186627745664740274e+00
4.050721502890173298e+01 6.079468208092485559e-01 4.212256647398843867e+00
4.044559768786127307e+01 6.085017341040462879e-01 4.208223121387283605e+00
4.036549710982659178e+01 6.106578034682080824e-01 4.207239306358381725e+00
4.021711445086705083e+01 6.036924855491329067e-01 4.229276300578034942e+00
4.020317687861271594e+01 6.034450867052023604e-01 4.200926011560693674e+00
4.012557687861271916e+01 6.013942196531791851e-01 4.218064739884392900e+00
4.006528670520231117e+01 5.997040462427745133e-01 4.209753757225433546e+00
4.005750057803468422e+01 6.179421965317919430e-01 4.198731791907514221e+00
4.000618150289017194e+01 6.030462427745664211e-01 4.206426589595375631e+00
3.998369942196531923e+01 6.181375722543352991e-01 4.232783815028901664e+00
3.981405202312138414e+01 6.134427745664740028e-01 4.237240462427745769e+00
3.970584624277456953e+01 6.321595375722542931e-01 4.231193063583814862e+00
3.942994335260115690e+01 5.996878612716762813e-01 4.285182658959537427e+00
3.905529595375722351e+01 6.146601156069364524e-01 4.249568786127167819e+00
3.857775375722543032e+01 6.189549132947976817e-01 4.198699421965318201e+00
3.834198612716762966e+01 6.131942196531792177e-01 4.166475144508670958e+00
3.839023583815028928e+01 6.240820809248555090e-01 4.160169942196532133e+00
3.853021849710982849e+01 6.112820809248554754e-01 4.127568786127167932e+00
3.853993179190751306e+01 6.264982658959538098e-01 4.134810404624277069e+00
3.857259653179190906e+01 6.072115606936415722e-01 4.140493641618497200e+00
3.862297456647398519e+01 6.224196531791907905e-01 4.171959537572254462e+00
3.851866589595375956e+01 6.107745664739884228e-01 4.146719075144508437e+00
3.846191329479768939e+01 6.081861271676300973e-01 4.223204624277456354e+00
3.847244855491329218e+01 6.216323699421965054e-01 4.195317919075144175e+00
3.843494104046242654e+01 6.260242774566473489e-01 4.115697109826589539e+00
3.837729017341040816e+01 6.247086705202312684e-01 4.179497109826589174e+00
3.832074104046242979e+01 6.350196531791907351e-01 4.173106358381502901e+00
3.841158612716763088e+01 6.225075144508670499e-01 4.154434682080925256e+00
3.847174566473988477e+01 6.287907514450866708e-01 4.142781502890173329e+00
3.809616531791907335e+01 7.312578034682081229e-01 4.237922543352601323e+00
3.795235491329479771e+01 6.462346820809248271e-01 4.090055491329479764e+00
3.772848439306358159e+01 6.300682080924855377e-01 4.154287861271676263e+00
3.741246358381502546e+01 6.759271676300577791e-01 4.132034682080925059e+00
3.730855953757225763e+01 6.854046242774566311e-01 4.110356069364161868e+00
3.716713872832369958e+01 6.976878612716762573e-01 4.103033526011560461e+00
3.701544046242774755e+01 6.785341040462428142e-01 4.111951445086705625e+00
3.680597572254335148e+01 6.743283236994219720e-01 4.139893641618496822e+00
3.665581502890173482e+01 6.803780346820809122e-01 4.152464739884393019e+00
3.666406127167630302e+01 6.788589595375722485e-01 4.161650867052022917e+00
3.670988901734104104e+01 6.584751445086705068e-01 4.091252023121387360e+00
3.671097803468207843e+01 6.481502890173410636e-01 4.111012716763005947e+00
3.674214913294797924e+01 6.453306358381503127e-01 4.100743352601155856e+00
3.694343468208092673e+01 6.546196531791907969e-01 4.073516763005780028e+00
3.704536878612717032e+01 6.536843930635838351e-01 4.037446242774566763e+00
3.704895606936415930e+01 6.522578034682080528e-01 3.984006936416184974e+00
3.701521040462427692e+01 6.639965317919075405e-01 3.921156069364161834e+00
3.684426820809248682e+01 6.642982658959537545e-01 3.859986127167629899e+00
3.661810404624277737e+01 6.410947976878612620e-01 3.786114450867052117e+00
3.667332947976878899e+01 6.261225433526012019e-01 3.700928323699422151e+00
3.665634450867052152e+01 6.220971098265896115e-01 3.643605780346820922e+00
3.650386011560693333e+01 6.207225433526011305e-01 3.563975722543352820e+00
3.675461387283237258e+01 6.200393063583814479e-01 3.531815028901734266e+00
3.705290635838150592e+01 6.193965317919075675e-01 3.473035838150289045e+00
3.727688554913294894e+01 6.146450867052023481e-01 3.425571098265896008e+00
3.745329248554913448e+01 6.080034682080924791e-01 3.339931791907514658e+00
3.787300924855491502e+01 6.095976878612716643e-01 3.327667052023121297e+00
3.812111791907514657e+01 5.907410404624277023e-01 3.292338728323699559e+00
3.813327861271676511e+01 5.980277456647399292e-01 3.248011560693641719e+00
3.806442658959537795e+01 5.971907514450867094e-01 3.185914450867052050e+00
3.814559421965317654e+01 5.947132947976878636e-01 3.115676300578034574e+00
3.809958265895954099e+01 5.993121387283236734e-01 3.117212716763005709e+00
3.797586936416185210e+01 5.999179190751444679e-01 3.072115606936416388e+00
3.798309017341040317e+01 5.978543352601155547e-01 3.082565317919075287e+00
3.801171213872832055e+01 6.091028901734103496e-01 3.110789595375722527e+00
3.820053179190751536e+01 5.994080924855491599e-01 3.168275144508670316e+00
3.841289826589595435e+01 6.024358381502890047e-01 3.245104046242774487e+00
3.862470635838150201e+01 6.164624277456647317e-01 3.208219653179190889e+00
3.873936300578034775e+01 6.154601156069363643e-01 3.296684393063583851e+00
3.892953526011560683e+01 6.072393063583815254e-01 3.313579190751445136e+00
3.901459768786126858e+01 5.990080924855490929e-01 3.390324855491329448e+00
3.894735144508670288e+01 5.969502890173410403e-01 3.412271676300577816e+00
3.883785086705202616e+01 5.995491329479768483e-01 3.475186127167630090e+00
3.876602312138728479e+01 6.104023121387283091e-01 3.508546820809248512e+00
3.871895491329479455e+01 5.984011560693641707e-01 3.568907514450867069e+00
3.860496184971098188e+01 5.996439306358380961e-01 3.611001156069364004e+00
3.866179190751444850e+01 5.991144508670520619e-01 3.617078612716762898e+00
3.886164624277456880e+01 5.941225433526011734e-01 3.623002312138728254e+00
3.902665780346821123e+01 5.890265895953756825e-01 3.642076300578034775e+00
3.900500000000000256e+01 6.054589595375722277e-01 3.664995375722543525e+00
3.908192023121387138e+01 6.099248554913294651e-01 3.717149132947976664e+00
3.908152138728323877e+01 6.000774566473988658e-01 3.700469364161849573e+00
3.917316416184971217e+01 5.947005780346821258e-01 3.747850867052023194e+00
3.928064046242774765e+01 6.021502890173410227e-01 3.723224277456647524e+00
3.951363352601156009e+01 5.867965317919074941e-01 3.741838150289017229e+00
3.948529132947977160e+01 5.842878612716763120e-01 3.766191907514450765e+00
3.946379884393063264e+01 6.013849710982659413e-01 3.819071676300577867e+00
3.941340000000000288e+01 6.066982658959537700e-01 3.871226589595375689e+00
3.925417341040462560e+01 6.052959537572254467e-01 3.894475144508670716e+00
3.904352485549132723e+01 6.292312138728323179e-01 3.938907514450867176e+00
3.900398728323699515e+01 7.621271676300578335e-01 4.028331791907514337e+00
3.906447861271676203e+01 6.315976878612716838e-01 3.951951445086705039e+00
3.871030057803468338e+01 6.066485549132948352e-01 3.997036994219653305e+00
3.872912485549132811e+01 6.575942196531792128e-01 3.890092485549133006e+00
3.890169710982659268e+01 6.757572254335260098e-01 3.877730635838150253e+00
3.897237225433526220e+01 6.775456647398844234e-01 3.862181502890173590e+00
3.896133179190751150e+01 6.899225433526011697e-01 3.906853179190751479e+00
3.914638612716763078e+01 6.878543352601156347e-01 3.904894797687861185e+00
3.931332485549133082e+01 6.657988439306358197e-01 3.969032369942196325e+00
3.937584046242774605e+01 6.530393063583814772e-01 3.983976878612716543e+00
3.938037341040462280e+01 6.463872832369942367e-01 3.994047398843930452e+00
3.952847052023121677e+01 6.427283236994220106e-01 4.046780346820809449e+00
3.964038959537572282e+01 6.360647398843930489e-01 3.989101734104046226e+00
3.962802196531792021e+01 6.387109826589595363e-01 4.044255491329479923e+00
3.965329942196531476e+01 6.365768786127167234e-01 4.045954913294798061e+00
3.981014219653179254e+01 6.326381502890173758e-01 4.030236994219652757e+00
3.984529017341040458e+01 6.260277456647398431e-01 4.073984971098266072e+00
3.989047630057803673e+01 6.353583815028901460e-01 4.053175722543352677e+00
3.996975260115606687e+01 6.246000000000000441e-01 4.098005780346820615e+00
4.006965086705202594e+01 6.283352601156069195e-01 4.170411560693641384e+00
4.003909826589595156e+01 6.278381502890173493e-01 4.113967630057803859e+00
4.010928323699422293e+01 6.377849710982659293e-01 4.128403468208092342e+00
4.011043930635837995e+01 6.452520231213872970e-01 4.124292485549132969e+00
4.002309942196531978e+01 6.435375722543352772e-01 4.112972254335260480e+00
3.998427514450867193e+01 6.421537572254335524e-01 4.127473988439306574e+00
3.993714566473988725e+01 6.205560693641618553e-01 4.155509826589595335e+00
3.993396184971098251e+01 6.181895953757224893e-01 4.133191907514451202e+00
3.997899306358381466e+01 6.038682080924855367e-01 4.114671676300577730e+00
3.993043352601156215e+01 5.989225433526011999e-01 4.149668208092485600e+00
3.997403583815028583e+01 5.983710982658959621e-01 4.119161849710982537e+00
3.997398381502890174e+01 5.987815028901734005e-01 4.125596531791907218e+00
3.992315028901734308e+01 6.110832369942196252e-01 4.152584971098265854e+00
3.988316069364162075e+01 6.036219653179191180e-01 4.115150289017341478e+00
3.997667861271676060e+01 6.048092485549132480e-01 4.113821965317918661e+00
4.004894450867052313e+01 6.024601156069364638e-01 4.117178034682081211e+00
4.013593063583815024e+01 6.070578034682081459e-01 4.127553757225433273e+00
4.015708901734104330e+01 6.129872832369942515e-01 4.158842774566473999e+00
4.023951329479768901e+01 6.031179190751445596e-01 4.171461271676300875e+00
4.026613872832369623e+01 6.180381502890173184e-01 4.128917919075144383e+00
4.020172369942196866e+01 6.129861271676300127e-01 4.172645086705202289e+00
4.025699653179190562e+01 6.095063583815029107e-01 4.190537572254335430e+00
4.034139884393063369e+01 6.069884393063583738e-01 4.160908670520231389e+00
4.037264971098265676e+01 6.002416184971097746e-01 4.218986127167630329e+00
4.038040346820809390e+01 5.945826589595375467e-01 4.223366473988439118e+00
4.053734450867052175e+01 6.157526011560693346e-01 4.249891329479768665e+00
4.052281271676300634e+01 6.027236994219653532e-01 4.201055491329479530e+00
4.036812716763005682e+01 5.978184971098265965e-01 4.219027745664740259e+00
4.032992601156069412e+01 6.194208092485549155e-01 4.194586127167630352e+00
4.029012138728323578e+01 6.075005780346820483e-01 4.170012716763006111e+00
4.013996647398843720e+01 6.205676300578034654e-01 4.163669364161849629e+00
4.008621156069364133e+01 6.058635838150289166e-01 4.168737572254335610e+00
4.008795144508670205e+01 6.153884393063583369e-01 4.154391907514450644e+00
4.003569942196531883e+01 6.045179190751445164e-01 4.177363005780346583e+00
3.997612716763006091e+01 6.180947976878612415e-01 4.197506358381502878e+00
3.968060578034682351e+01 6.138485549132948194e-01 4.190763005780346440e+00
3.956912485549133152e+01 6.303676300578034963e-01 4.174509826589595463e+00
3.955800346820809210e+01 6.184323699421965248e-01 4.209699421965318322e+00
3.957575722543352725e+01 6.259352601156069618e-01 4.184706358381502511e+00
3.953356184971098486e+01 6.118578034682080613e-01 4.181689017341040149e+00
3.945555375722543090e+01 6.310427745664739518e-01 4.174492485549133214e+00
3.952418728323699071e+01 7.196184971098266159e-01 4.305909826589595646e+00
3.968137687861271701e+01 6.417526011560693577e-01 4.105309826589595090e+00
3.974987167630057883e+01 6.290739884393063974e-01 4.121512138728324004e+00
3.969957456647399141e+01 6.638450867052022586e-01 4.103498265895953345e+00
3.965636647398844161e+01 6.698924855491329433e-01 4.102587283236994509e+00
3.971336994219652894e+01 6.600023121387282865e-01 4.088581502890173525e+00
3.978919537572254228e+01 6.458971098265895439e-01 4.117430057803468380e+00
3.988607514450867342e+01 6.259132947976878691e-01 4.181959537572254249e+00
4.002986358381502896e+01 6.072057803468208226e-01 4.176227745664739643e+00
4.016686358381502941e+01 6.108161849710982416e-01 4.148263583815029243e+00
4.022478728323699215e+01 6.204924855491329438e-01 4.194701734104046231e+00
4.030372023121387315e+01 6.151549132947976561e-01 4.242530635838150488e+00
4.036262080924855411e+01 6.170173410404624637e-01 4.215072832369942013e+00
4.036649595375722299e+01 6.123398843930636382e-01 4.224476300578034582e+00
4.041165317919075051e+01 6.137352601156069731e-01 4.221526011560693625e+00
4.053353526011560604e+01 6.255063583815029249e-01 4.211885549132947659e+00
4.063881271676300599e+01 6.246820809248554429e-01 4.234367630057803034e+00
4.059758843930635663e+01 6.254219653179190486e-01 4.274556069364161992e+00
4.052407052023121281e+01 6.265549132947977329e-01 4.277047398843930814e+00
4.049544508670520315e+01 6.336693641618497130e-01 4.256877456647399249e+00
4.037064739884392850e+01 6.344647398843931141e-01 4.226698265895953988e+00
4.016148786127167369e+01 6.237803468208092950e-01 4.182701734104046665e+00
4.012722427745664788e+01 6.166161849710982690e-01 4.217127167630057905e+00
4.005903583815028668e+01 6.170647398843930320e-01 4.217941040462427793e+00
3.999403815028901477e+01 5.965213872832370035e-01 4.161023121387283474e+00
4.001192138728323755e+01 6.131988439306358396e-01 4.170001156069363724e+00
3.998511907514451025e+01 6.053976878612716828e-01 4.187667052023121173e+00
3.995262427745664979e+01 6.075942196531791684e-01 4.170121387283236558e+00
3.986769826589595311e+01 5.894982658959537769e-01 4.193852023121387163e+00
3.985198381502890186e+01 6.074335260115606427e-01 4.202840462427746004e+00
3.996179537572254503e+01 6.052312138728324076e-01 4.242566473988439668e+00
3.997764277456647619e+01 6.106069364161850199e-01 4.249523699421965617e+00
3.994962774566474195e+01 6.362034682080924819e-01 4.281719075144509112e+00
4.006971098265896103e+01 6.225352601156068921e-01 4.291937572254335365e+00
4.019006936416185027e+01 6.359502890173410750e-01 4.265539884393063197e+00
4.018654335260115573e+01 6.175722543352600846e-01 4.207652023121386975e+00
4.022819768786126815e+01 6.166589595375722155e-01 4.169083236994219455e+00
4.028061734104046110e+01 5.915641618497109455e-01 4.220571098265896381e+00
4.034164971098265795e+01 6.084554913294797363e-01 4.210327167630057765e+00
4.029450867052023000e+01 5.995664739884393191e-01 4.257583815028901597e+00
4.030740809248555223e+01 6.115375722543352488e-01 4.229020809248554613e+00
4.032219537572254353e+01 6.085179190751445200e-01 4.208320231213872553e+00
4.038773063583815315e+01 6.254924855491329483e-01 4.227818497109826268e+00
4.038991907514451185e+01 6.132901734104045932e-01 4.201789595375722719e+00
4.045088323699422261e+01 6.005606936416184594e-01 4.198676300578034315e+00
4.049609595375722648e+01 6.174624277456647325e-01 4.225831213872832670e+00
4.046631213872832689e+01 6.151572254335260226e-01 4.266361849710982312e+00
4.043983815028902029e+01 6.188786127167630324e-01 4.205886705202312115e+00
4.042946936416184656e+01 6.153433526011560240e-01 4.212813872832369633e+00
4.044684046242774400e+01 6.211109826589595873e-01 4.206709826589595025e+00
4.033056069364161544e+01 6.050219653179190749e-01 4.198927167630057689e+00
4.026695838150288864e+01 6.195849710982659353e-01 4.156454335260115762e+00
4.028539653179191049e+01 6.059653179190751526e-01 4.180569942196531663e+00
4.024922658959537358e+01 6.182566473988438949e-01 4.238464739884393317e+00
4.013299884393063621e+01 6.093803468208092156e-01 4.237873988439305961e+00
4.006604971098266077e+01 6.060161849710982152e-01 4.164798843930635819e+00
4.012027514450866761e+01 6.147468208092485842e-01 4.146588439306358786e+00
4.000775375722543004e+01 6.083352601156069017e-01 4.172894797687860979e+00
3.991412369942196392e+01 6.162057803468208306e-01 4.158253179190751325e+00
3.989889364161849983e+01 6.265861271676300692e-01 4.203610404624277486e+00
3.982055028901734062e+01 7.171976878612716932e-01 4.217638150289017673e+00
3.971543468208092520e+01 6.288786127167630413e-01 4.154181502890173405e+00
3.983465664739884460e+01 6.075456647398843613e-01 4.168127167630057528e+00
3.992472716763005991e+01 6.389433526011560893e-01 4.183046242774566714e+00
3.986298381502890464e+01 6.613294797687860882e-01 4.110573410404624539e+00
3.988702658959537217e+01 6.695849710982658687e-01 4.107497109826589998e+00
4.006195838150289035e+01 6.414936416184970902e-01 4.161386127167630455e+00
4.010923930635838275e+01 6.342959537572254725e-01 4.169426589595375710e+00
4.004526473988439506e+01 6.487664739884393406e-01 4.221479768786126741e+00
4.006753757225433787e+01 6.409052023121387665e-01 4.194797687861271385e+00
4.016551560693641676e+01 6.497063583815029242e-01 4.235102890173410017e+00
4.012942080924855759e+01 6.380346820809248420e-01 4.249282080924855265e+00
3.992595144508670302e+01 6.373722543352601244e-01 4.239465895953757446e+00
3.983417919075144198e+01 6.476635838150288649e-01 4.253305202312138711e+00
3.976814450867051676e+01 6.369283236994219832e-01 4.255528323699421911e+00
3.948458728323699773e+01 6.450705202312139175e-01 4.190712138728323488e+00
3.922940115606936473e+01 6.469768786127167992e-01 4.197295953757225639e+00
3.928242080924855628e+01 6.397121387283236649e-01 4.215960693641618739e+00
3.925753294797687687e+01 6.474323699421965506e-01 4.185848554913294883e+00
3.911761040462427985e+01 6.488439306358381176e-01 4.203494797687861606e+00
3.900317919075144601e+01 6.437433526011561158e-01 4.215732947976878364e+00
3.908426589595375589e+01 6.495306358381502942e-01 4.231114450867051957e+00
3.915462427745664797e+01 6.352265895953757013e-01 4.196747976878612896e+00
3.942409942196531603e+01 6.287086705202311609e-01 4.116114450867051744e+00
3.965032023121387539e+01 6.243364161849710436e-01 4.028062427745664920e+00
3.984837687861271860e+01 6.097317919075144754e-01 3.994232369942196659e+00
3.999217919075144323e+01 6.015028901734104094e-01 3.934159537572254450e+00
4.001068092485549244e+01 6.030658959537572583e-01 3.855075144508670615e+00
3.993407052023121651e+01 6.111132947976878338e-01 3.810849710982659122e+00
3.980577687861271841e+01 6.050705202312138820e-01 3.768847398843930829e+00
3.957344046242774738e+01 5.873803468208091960e-01 3.658086705202312050e+00
3.949529017341040316e+01 5.939780346820808798e-01 3.604869364161849887e+00
3.948649710982658689e+01 6.002947976878613146e-01 3.540356069364162028e+00
3.938687630057803801e+01 6.041768786127167390e-01 3.562227745664739764e+00
3.937944046242774476e+01 5.967710982658959162e-01 3.551873988439306462e+00
3.954674450867052116e+01 6.034543352601156041e-01 3.514950289017340967e+00
3.970211329479769091e+01 5.869329479768785607e-01 3.608968786127167760e+00
3.981063236994219778e+01 5.874346820809248637e-01 3.667334104046242604e+00
3.997347514450866868e+01 5.913976878612716703e-01 3.674810404624277549e+00
4.025080231213873105e+01 5.843768786127168102e-01 3.672935260115607115e+00
4.032450982658959759e+01 5.937849710982658902e-01 3.664232369942196588e+00
4.036895722543352605e+01 5.941167630057803128e-01 3.712347976878612510e+00
4.049041271676300369e+01 5.960404624277456653e-01 3.759225433526011351e+00
4.055939884393063721e+01 5.945919075144509014e-01 3.751930635838150341e+00
4.044728092485549098e+01 5.962508670520231258e-01 3.797498265895953740e+00
4.034041849710982319e+01 5.909560693641618956e-01 3.803502890173410478e+00
4.025790289017341195e+01 5.880520231213872684e-01 3.842358381502890108e+00
4.010743121387282883e+01 5.886566473988439352e-01 3.842677456647398682e+00
4.010563121387283303e+01 5.998161849710982318e-01 3.867314450867052056e+00
4.024243236994219330e+01 6.168751445086705365e-01 3.887527167630057789e+00
4.019510404624277555e+01 6.123086705202311908e-01 3.965468208092485458e+00
4.017135375722543245e+01 6.052647398843931104e-01 3.983820809248554973e+00
4.022093757225433563e+01 6.132138728323699439e-01 3.902791907514450820e+00
4.027847052023121677e+01 6.088554913294798032e-01 3.971917919075144354e+00
4.033873526011560529e+01 6.136855491329479273e-01 3.963358381502890104e+00
4.038419075144508952e+01 6.158312138728323504e-01 3.971843930635837960e+00
4.045860462427745574e+01 6.217861271676300428e-01 3.988113294797687836e+00
4.050266473988439486e+01 6.166543352601155936e-01 3.952564161849711155e+00
4.049745664739884177e+01 6.140508670520231638e-01 3.987680924855491416e+00
4.058723930635838428e+01 6.014982658959537876e-01 3.970685549132948022e+00
4.064485549132947995e+01 7.577329479768786236e-01 4.133160693641618089e+00
4.075674219653178909e+01 6.266589595375722244e-01 4.032232369942196470e+00
4.073033410404624277e+01 5.917502890173410579e-01 4.056188439306358084e+00
4.070888092485549237e+01 6.380335260115607143e-01 4.040965317919074984e+00
4.074883121387283325e+01 6.261052023121387311e-01 4.049252023121387545e+00
4.074655606936416063e+01 6.498520231213872345e-01 4.068781502890173485e+00
4.070324046242774330e+01 6.511028901734103869e-01 4.124508670520230957e+00
4.069241387283236833e+01 6.707757225433526038e-01 4.098495953757225863e+00
4.069462890173410585e+01 6.867433526011560430e-01 4.115946820809248230e+00
4.064231560693641399e+01 7.027456647398844236e-01 4.141702890173410090e+00
4.059438728323699763e+01 6.700601156069364572e-01 4.175393063583815234e+00
4.061533641618497370e+01 6.445017341040462089e-01 4.140665895953757669e+00
4.063077225433526252e+01 6.540797687861271692e-01 4.133870520231213597e+00
4.050597803468208014e+01 6.548716763005780761e-01 4.169538728323699317e+00
4.049906936416184777e+01 6.392809248554913726e-01 4.175693641618496876e+00
4.049412947976878741e+01 6.407121387283236658e-01 4.190232369942196833e+00
4.048591676300578257e+01 6.396520231213872476e-01 4.226489017341040544e+00
4.041688323699421659e+01 6.345664739884393502e-01 4.223202312138728765e+00
4.029817803468208126e+01 6.487479768786127421e-01 4.203427745664740200e+00
4.030511907514451053e+01 6.363421965317919149e-01 4.190549132947976929e+00
4.025222658959537370e+01 6.366335260115606465e-01 4.173704046242774801e+00
4.007681040462427546e+01 6.390924855491328938e-01 4.221972254335260466e+00
4.005281502890173329e+01 6.265190751445086637e-01 4.177273988439305974e+00
4.019348092485549273e+01 6.126959537572254089e-01 4.147445086705202399e+00
4.015722890173410065e+01 6.096843930635837960e-01 4.196484393063584228e+00
4.007407630057803516e+01 5.995329479768786163e-01 4.272721387283237249e+00
4.018533526011560753e+01 6.004809248554913159e-01 4.187583815028901313e+00
4.012883352601156162e+01 6.238543352601155778e-01 4.190907514450866955e+00
3.984392254335259764e+01 6.095572254335259732e-01 4.185443930635837972e+00
3.980616994219653293e+01 6.148624277456646858e-01 4.204923699421965644e+00
3.966785317919075027e+01 6.125144508670520294e-01 4.196587283236993926e+00
3.929052369942196776e+01 6.055745664739884404e-01 4.206302890173410525e+00
3.917982080924855381e+01 6.168878612716762744e-01 4.147430057803468628e+00
3.925627283236994458e+01 6.125306358381502614e-01 4.109768786127167672e+00
3.923886473988439150e+01 6.139757225433526422e-01 4.054889017341040791e+00
3.917586358381502976e+01 6.339028901734103938e-01 3.986440462427745857e+00
3.909893063583815120e+01 6.328670520231214347e-01 3.875419653179190682e+00
3.903825780346820551e+01 6.193190751445086795e-01 3.801530635838150207e+00
3.874456416184970919e+01 6.073953757225433181e-01 3.735630057803468240e+00
3.837576416184970896e+01 6.025722543352600713e-01 3.685153757225433591e+00
3.817895838150288768e+01 6.056693641618496882e-01 3.673526011560693583e+00
3.794506127167630183e+01 6.070277456647399372e-01 3.633554913294797739e+00
3.766590520231213901e+01 5.992705202312138546e-01 3.571320231213872987e+00
3.757157456647399130e+01 6.005953757225434009e-01 3.523456647398843788e+00
3.751624393063583796e+01 6.099502890173410519e-01 3.485741040462427609e+00
3.752032716763005737e+01 5.987109826589595007e-01 3.526032369942196709e+00
3.746146705202312432e+01 6.085526011560693505e-01 3.528040462427745716e+00
3.757784855491329523e+01 5.936000000000000165e-01 3.547013872832370129e+00
3.778734104046242948e+01 5.925583815028901968e-01 3.588875144508670623e+00
3.781978381502889874e+01 6.014127167630057835e-01 3.659498265895953839e+00
3.792781849710982556e+01 6.073271676300577848e-01 3.683840462427745877e+00
3.808775260115606898e+01 6.225017341040461893e-01 3.703560693641618329e+00
3.817181849710982533e+01 6.164728323699422141e-01 3.696270520231213830e+00
3.823446820809248692e+01 6.117630057803468135e-01 3.679267052023121209e+00
3.831814104046242875e+01 6.161780346820808774e-01 3.693008092485549287e+00
3.836317803468207899e+01 6.154150289017340514e-01 3.729672832369942181e+00
3.849631213872832092e+01 6.080820809248554948e-01 3.800606936416185189e+00
3.863219537572254580e+01 6.196635838150289510e-01 3.778435838150289161e+00
3.887038497109826807e+01 6.161572254335260235e-01 3.780833526011560863e+00
3.894339537572254528e+01 6.242612716763006331e-01 3.856293641618496970e+00
3.890072601156069254e+01 7.221630057803468672e-01 3.975033526011560792e+00
3.929486705202312180e+01 6.316901734104046762e-01 3.779500578034681979e+00
3.933471445086705387e+01 6.260242774566473489e-01 3.832457803468208191e+00
3.926720462427745417e+01 6.351063583815028668e-01 3.843635838150289086e+00
3.915281734104046052e+01 6.604115606936415972e-01 3.910360693641618646e+00
3.921947630057803735e+01 6.317606936416184649e-01 3.965831213872832439e+00
3.915275375722543316e+01 6.419156069364161388e-01 4.002305202312138377e+00
3.903491676300578206e+01 6.355849710982659495e-01 4.023922543352600911e+00
3.904545317919075131e+01 6.392023121387283568e-01 4.032937572254335024e+00
3.924041502890173660e+01 6.392277456647398326e-01 3.983264739884393002e+00
3.925160578034682146e+01 6.391271676300578353e-01 3.965959537572254501e+00
3.916023121387283368e+01 6.509919075144509071e-01 4.030167630057803763e+00
3.918794335260115957e+01 6.482578034682080492e-01 4.040595375722543459e+00
3.935876069364162078e+01 6.457410404624277511e-01 4.014564161849710544e+00
3.932160231213872947e+01 6.551364161849710932e-01 4.009693641618497395e+00
3.929204624277456759e+01 6.523653179190751494e-01 4.008576878612716499e+00
3.943323815028901436e+01 6.438508670520231014e-01 4.058455491329479692e+00
3.963147283236994411e+01 6.301190751445087113e-01 4.072549132947976602e+00
3.963834913294797957e+01 6.244508670520231286e-01 4.064193063583815047e+00
3.974032254335260461e+01 6.158393063583814664e-01 4.091880924855491486e+00
3.996783583815028607e+01 5.882150289017340494e-01 4.046450867052023170e+00
4.007696531791907546e+01 5.940786127167629882e-01 4.081610404624277599e+00
4.008458150289017397e+01 6.019722543352601374e-01 4.100182658959537818e+00
4.023739306358381640e+01 6.122843930635838428e-01 4.065294797687861283e+00
4.019221271676300233e+01 6.027953757225433806e-01 4.052974566473988460e+00
4.013017919075144846e+01 6.256751445086705665e-01 4.077582658959537198e+00
4.019996416184971366e+01 6.170751445086705145e-01 4.138686705202312410e+00
4.029214450867051767e+01 5.971098265895953272e-01 4.104204624277456581e+00
4.030720231213872751e+01 6.145028901734104210e-01 4.141928323699421988e+00
4.028908786127167474e+01 6.251976878612717226e-01 4.143395375722543683e+00
4.016218497109826302e+01 6.086011560693641576e-01 4.133160693641618089e+00
4.010801965317919127e+01 5.948612716763005404e-01 4.134123699421965448e+00
4.003429017341040463e+01 6.146612716763005801e-01 4.186604624277456388e+00
3.978262890173410682e+01 6.040763005780346306e-01 4.183095953757225871e+00
3.952776069364161771e+01 6.019537572254335389e-01 4.226652023121387103e+00
3.911117687861271719e+01 6.029838150289017484e-01 4.138243930635837842e+00
3.880564624277456431e+01 6.343710982658959940e-01 4.128878612716762930e+00
3.865807630057803124e+01 6.158450867052023270e-01 4.110061271676300976e+00
3.853594566473988436e+01 6.137988439306358845e-01 4.116223121387283079e+00
3.834656763005780533e+01 6.077283236994219795e-01 4.148731791907514399e+00
3.824904393063583541e+01 6.357445086705202364e-01 4.162323699421965451e+00
3.809236994219653383e+01 6.282404624277456717e-01 4.070145664739884594e+00
3.804370289017341378e+01 6.159965317919074979e-01 4.091835838150289284e+00
3.813689364161849937e+01 6.308265895953757418e-01 4.108776878612716565e+00
3.819488439306358174e+01 6.213132947976878206e-01 4.137293641618497553e+00
3.818296531791907711e+01 6.182947976878612195e-01 4.081724855491329684e+00
3.820664739884393413e+01 6.345364161849711415e-01 4.110504046242774656e+00
3.821209248554913529e+01 6.271479768786126785e-01 4.132520231213872464e+00
3.820320693641618703e+01 6.408635838150289477e-01 4.125995375722543379e+00
3.821975606936415915e+01 6.332127167630058340e-01 4.115249710982658904e+00
3.822571445086705211e+01 6.295306358381502765e-01 4.108670520231213708e+00
3.821015144508670858e+01 6.365861271676300781e-01 4.155732947976878755e+00
3.821606242774566198e+01 6.331040462427746096e-01 4.140216184971098556e+00
3.818364277456647216e+01 6.349872832369942710e-01 4.154075144508670547e+00
3.823724161849710868e+01 6.278011560693641524e-01 4.143621965317919376e+00
3.835913179190751521e+01 6.309988439306358776e-01 4.148371098265895895e+00
3.843590057803468341e+01 6.252115606936415881e-01 4.142583815028901384e+00
3.848692138728323897e+01 6.341075144508671046e-01 4.137717919075144302e+00
3.853481271676300679e+01 6.163595375722543679e-01 4.149233526011560258e+00
3.857302774566473857e+01 6.229815028901733998e-01 4.098343352601156120e+00
3.857728786127167808e+01 7.135664739884393093e-01 4.190989595375722132e+00
3.832326936416185248e+01 6.491387283236994543e-01 4.106546820809248821e+00
3.821697572254335284e+01 6.396520231213872476e-01 4.137539884393063971e+00
3.816857919075144423e+01 6.626034682080924609e-01 4.074538728323699566e+00
3.809487052023121123e+01 6.716104046242774572e-01 4.121598843930636136e+00
3.793514913294797708e+01 6.862254335260115079e-01 4.164687861271676006e+00
3.789167398843930812e+01 6.810578034682081006e-01 4.122839306358381251e+00
3.784035375722543648e+01 6.652786127167630292e-01 4.176197687861272101e+00
3.782286473988439468e+01 6.675063583815028512e-01 4.157322543352600874e+00
3.795532832369941900e+01 6.348485549132948380e-01 4.185781502890173478e+00
3.807078497109826287e+01 6.534369942196531778e-01 4.161410404624277248e+00
3.812467052023121283e+01 6.166127167630057748e-01 4.235588439306358310e+00
3.814778150289017589e+01 6.305179190751445395e-01 4.212126011560693328e+00
3.832953179190751314e+01 6.306219653179190310e-01 4.170861271676300497e+00
3.849008670520230879e+01 6.505387283236994111e-01 4.175527167630058045e+00
3.856835144508670510e+01 6.396936416184970664e-01 4.178505202312138955e+00
3.859361156069363830e+01 6.493017341040462354e-01 4.195271676300578179e+00
3.852220231213873092e+01 6.623132947976878571e-01 4.207302890173409970e+00
3.855566936416185087e+01 6.610023121387282874e-01 4.182693641618497438e+00
3.861387861271676059e+01 6.749248554913295228e-01 4.208400000000000141e+00
3.865700462427745521e+01 6.461283236994219692e-01 4.182405780346821089e+00
3.868525549132947816e+01 6.174947976878613076e-01 4.187235838150288991e+00
3.867011560693641314e+01 6.193549132947976377e-01 4.169504046242774820e+00
3.883511676300577875e+01 6.154184971098265455e-01 4.204602312138728593e+00
3.899374219653179097e+01 6.180832369942196314e-01 4.205056647398843772e+00
3.914347167630057811e+01 6.148739884393064070e-01 4.207876300578035078e+00
3.923483236994219681e+01 6.280739884393063965e-01 4.173101734104045946e+00
3.942377687861271340e+01 6.121884393063583563e-01 4.140741040462427414e+00
3.936142427745664918e+01 6.227167630057803827e-01 4.202502890173410499e+00
3.913200115606936436e+01 6.336878612716763115e-01 4.169464739884393367e+00
3.904915491329479948e+01 6.192901734104045985e-01 4.168572254335259686e+00
3.906930982658959550e+01 6.057317919075144719e-01 4.217951445086705498e+00
3.892365433526011742e+01 6.159583815028901732e-01 4.189439306358381465e+00
3.882165317919075420e+01 6.213745664739884766e-01 4.179498265895953857e+00
3.895310520231213758e+01 6.143919075144508302e-01 4.194573410404624170e+00
3.897007398843930304e+01 6.144612716763006022e-01 4.195167630057803798e+00
3.886751907514450721e+01 6.239017341040462572e-01 4.170620809248554828e+00
3.889974219653178977e+01 6.160161849710982240e-01 4.194900578034681971e+00
3.898553526011560422e+01 6.266855491329479388e-01 4.180010404624277420e+00
3.895151560693641812e+01 6.254959537572254424e-01 4.214810404624277140e+00
3.903284739884393417e+01 6.339456647398843403e-01 4.187024277456647070e+00
3.911521271676300415e+01 6.228982658959537622e-01 4.156248554913294591e+00
3.907411098265895788e+01 6.162890173410404682e-01 4.189143352601155890e+00
3.900506242774566346e+01 6.235375722543352595e-01 4.200516763005780696e+00
3.899004046242774280e+01 6.086462427745664705e-01 4.239418497109826767e+00
3.915467630057803206e+01 6.186994219653179083e-01 4.225502890173410186e+00
3.917484277456647135e+01 6.221815028901733768e-01 4.250708670520230825e+00
3.923029132947976905e+01 6.232554913294797716e-01 4.237782658959537763e+00
3.939356531791907656e+01 6.129098265895953634e-01 4.189210404624277295e+00
3.945528323699421946e+01 6.236000000000000432e-01 4.222704046242774290e+00
3.933304739884393086e+01 6.121549132947976535e-01 4.235895953757225385e+00
3.929738381502890121e+01 6.184635838150288611e-01 4.269342196531791700e+00
3.938292832369942431e+01 6.384751445086704891e-01 4.250514450867052041e+00
3.915163236994219886e+01 6.294312138728324069e-01 4.191413872832369769e+00
3.890852947976878795e+01 6.465433526011560295e-01 4.115277456647398857e+00
3.856407167630057842e+01 6.373999999999999666e-01 4.020128323699421635e+00
3.837852601156069454e+01 6.428578034682080888e-01 3.896186127167629909e+00
3.812243930635838041e+01 6.275780346820809541e-01 3.845512138728323759e+00
3.800324855491329146e+01 6.298473988439305948e-01 3.742764161849711169e+00
3.790501387283237023e+01 6.180982658959537357e-01 3.672816184971098075e+00
3.770086705202312061e+01 7.168069364161849810e-01 3.673114450867052128e+00
3.753727630057803566e+01 6.314196531791907985e-01 3.486492485549133047e+00
3.758983583815028595e+01 6.285306358381502756e-01 3.491424277456647296e+00
3.760028786127167422e+01 6.617410404624277653e-01 3.507159537572254404e+00
3.749117803468207910e+01 6.700705202312138287e-01 3.512894797687861281e+00
3.735442774566473645e+01 6.415653179190751176e-01 3.515395375722543569e+00
3.718053988439306323e+01 6.583930635838149970e-01 3.566559537572254523e+00
3.711446589595375656e+01 6.439236994219653676e-01 3.560174566473988556e+00
3.689375491329479928e+01 6.564670520231213890e-01 3.607828901734103866e+00
3.668507745664739872e+01 6.717526011560693844e-01 3.653625433526011435e+00
3.654951445086705064e+01 6.547167630057803001e-01 3.677293641618497144e+00
3.655231445086705122e+01 6.577630057803468544e-01 3.700203468208092428e+00
3.658985664739884669e+01 6.596578034682081260e-01 3.701661271676300657e+00
3.667450520231214028e+01 6.412578034682080430e-01 3.721440462427745732e+00
3.680094566473988493e+01 6.311283236994219559e-01 3.738717919075144724e+00
3.700477225433525774e+01 6.283375722543352859e-01 3.770805780346820679e+00
3.707677572254335274e+01 6.243260115606936722e-01 3.768030057803468225e+00
3.715088786127167708e+01 5.992658959537572327e-01 3.859062427745664881e+00
3.714454682080924641e+01 6.104393063583815060e-01 3.854541040462427848e+00
3.702846127167629930e+01 6.179283236994219664e-01 3.836752601156069531e+00
3.700977341040462676e+01 6.330254335260115939e-01 3.855994219653179123e+00
3.696783352601156025e+01 6.100554913294797821e-01 3.901287861271676149e+00
3.671297919075144733e+01 6.147306358381502411e-01 3.854961849710982769e+00
3.641813988439306371e+01 6.221341040462428085e-01 3.776600000000000179e+00
3.641041618497109766e+01 6.358369942196532287e-01 3.740865895953757292e+00
3.635731329479768448e+01 6.373456647398844099e-01 3.718390751445086906e+00
3.628222658959537483e+01 6.425329479768786545e-01 3.707556069364161822e+00
3.630203583815028878e+01 6.363040462427745902e-01 3.620211560693641584e+00
3.649525664739884689e+01 6.220023121387283638e-01 3.562371098265896041e+00
3.664010867052023457e+01 6.229838150289017662e-01 3.503357225433525901e+00
3.668558150289017306e+01 6.131664739884392645e-01 3.492601156069364166e+00
3.677999537572254241e+01 6.097086705202312551e-01 3.424612716763005604e+00
3.682790867052023032e+01 6.144774566473988342e-01 3.345247398843930853e+00
3.686483815028901745e+01 6.111826589595376058e-01 3.369569942196531720e+00
3.683633641618497023e+01 6.169664739884392901e-01 3.379817341040462608e+00
3.687453872832369939e+01 6.139445086705201948e-01 3.360327167630057676e+00
3.694821734104046129e+01 6.233583815028901354e-01 3.409649710982658899e+00
3.700314566473988265e+01 6.239468208092485701e-01 3.465093641618496978e+00
3.711379653179190541e+01 6.059202312138728397e-01 3.481512138728323880e+00
3.720096994219652942e+01 6.071745664739884862e-01 3.492984971098266112e+00
3.717806589595375755e+01 6.065630057803468311e-01 3.520864739884392858e+00
3.735441156069364155e+01 6.137526011560693329e-01 3.522978034682080928e+00
3.760863005780346668e+01 6.024901734104046724e-01 3.567423121387283125e+00
3.772969595375722207e+01 6.106843930635837969e-01 3.601544508670520450e+00
3.777760231213872544e+01 6.298150289017341308e-01 3.547658959537572265e+00
3.781092485549132931e+01 6.166023121387282924e-01 3.643292485549133097e+00
3.794919537572254598e+01 5.980196531791907022e-01 3.691105202312138900e+00
3.777344393063583539e+01 6.130289017341040703e-01 3.719830057803468204e+00
3.746869826589595220e+01 6.442289017341040758e-01 3.764569942196531738e+00
3.728391907514451020e+01 6.368554913294797171e-01 3.728464739884393087e+00
3.716906705202312367e+01 6.228427745664739668e-01 3.799211560693641410e+00
3.698631445086704872e+01 6.289849710982658992e-01 3.854485549132947941e+00
3.691083121387283228e+01 6.304473988439306398e-01 3.839502890173410510e+00
