2.494703787753290101e+02 8.546802902051733319e-01 3.125489934332314235e+01
2.494366378402199018e+02 9.630183010677633160e-01 3.004717361969998279e+01
2.494135198555085822e+02 1.042057555322170481e+00 2.912839858017553141e+01
2.492718204729424372e+02 9.607586121489239961e-01 2.835119908261454924e+01
2.491105156754861412e+02 7.535845421194756755e-01 2.817880813874007373e+01
2.490148351392080883e+02 6.443941219138359378e-01 2.780876437636606724e+01
2.489954034228256035e+02 5.484256964425581193e-01 2.772322590295078371e+01
2.489846904065349236e+02 5.279260559019697263e-01 2.754981528450367989e+01
2.489611253089983904e+02 5.250375140526917228e-01 2.757528463234620020e+01
2.489770814469085565e+02 5.241851047096420801e-01 2.772065259172648410e+01
2.489823808597110997e+02 5.157575104500560226e-01 2.775781763908345212e+01
2.489537495557017337e+02 5.180879654275637458e-01 2.768249199458961485e+01
2.489437409833587083e+02 5.158057600355117067e-01 2.761494900822977172e+01
2.489553836083291571e+02 5.229273988487649349e-01 2.767512267457102126e+01
2.489328703517555539e+02 5.243716697734038812e-01 2.750827399974588516e+01
2.489035539036327123e+02 5.346198817241828438e-01 2.733914151120918135e+01
2.488596033562411662e+02 5.393129580695019687e-01 2.704472254075883697e+01
2.488739688661508183e+02 5.277780905065724282e-01 2.712323265789274629e+01
2.488605635229917254e+02 5.393756825305942026e-01 2.688768461497635087e+01
2.488451863801070090e+02 5.381597929771120281e-01 2.675311812946006995e+01
2.488743532545149435e+02 5.320996450438829628e-01 2.683776881050296836e+01
2.489127615328571608e+02 5.373009503560015609e-01 2.667830714721109331e+01
2.489048984587473967e+02 5.452299655658792155e-01 2.651258751268562008e+01
2.489072240887663838e+02 5.287366489376245093e-01 2.677474359366129164e+01
2.489220158033475627e+02 5.498554924915602937e-01 2.645480863410248418e+01
2.489689256586470378e+02 5.406108719182587397e-01 2.680415171599650748e+01
2.489585166147447524e+02 5.415485221956134465e-01 2.661918049687423249e+01
2.489802723528266881e+02 5.508285257982491467e-01 2.660187337057129042e+01
2.489784871181648498e+02 5.527408177018079405e-01 2.648747682009498661e+01
2.489900975767450007e+02 5.565123269649241422e-01 2.642764894244950113e+01
2.490080608974101324e+02 5.503122552338738371e-01 2.654979276803046773e+01
2.490162826267717548e+02 5.586610418372155440e-01 2.646238060237999079e+01
2.490116570998460759e+02 5.563579282914661306e-01 2.637492662042211933e+01
2.490153691012871491e+02 5.564512108233470311e-01 2.626446401947996634e+01
2.490144620090805745e+02 5.524738366622866659e-01 2.619113751614350605e+01
2.489995062459088331e+02 5.426872124123667263e-01 2.612973670201216692e+01
2.489884313577272508e+02 5.495241786714315513e-01 2.604225377030302369e+01
2.489977435277201891e+02 5.564721189770444054e-01 2.588381017326426203e+01
2.490189894285158232e+02 5.439288350780919767e-01 2.603676940075623136e+01
2.490242872329988586e+02 5.356668977285703459e-01 2.612970453562186535e+01
2.490298745349946330e+02 5.413571321733060548e-01 2.613102335762431849e+01
2.490040883482076026e+02 5.572022960369399369e-01 2.578733995210424368e+01
2.490081573965810264e+02 5.385377480631812208e-01 2.591056296007990056e+01
2.490268814523768413e+02 5.392100256205298869e-01 2.587754416043308936e+01
2.490745793842388025e+02 5.221554054814745438e-01 2.604350343456632544e+01
2.490559035780284205e+02 5.367830714721109064e-01 2.579697217768070772e+01
2.490699538573130951e+02 5.421645085699305922e-01 2.587084550965233021e+01
2.490856623140179522e+02 5.378365207545592330e-01 2.601591432160278572e+01
2.491004234705283409e+02 5.392180672181058343e-01 2.587186518422495851e+01
2.491233195071465616e+02 5.764474473556814305e-01 2.576441174909572140e+01
2.491232680409220848e+02 5.419875934232598613e-01 2.596980058446331086e+01
2.491122976935089923e+02 5.364855323618010763e-01 2.585171454901916732e+01
2.491176678723701912e+02 5.303401434942671688e-01 2.581396085671963903e+01
2.491206159220415373e+02 5.206934430421685800e-01 2.584337541233291446e+01
2.491468250968610505e+02 5.285838585836816206e-01 2.584440473682263573e+01
2.491440587872949095e+02 5.309641714661601508e-01 2.580797629980362373e+01
2.491364417860709750e+02 5.388658452442796065e-01 2.573291763634930618e+01
2.491538180701130898e+02 5.201659142411868553e-01 2.613922096219323166e+01
2.491466304901996978e+02 5.128207190153224460e-01 2.579364938956232933e+01
2.491383524696550182e+02 5.137052947486759891e-01 2.594784702308099256e+01
2.490315439706513985e+02 4.874526953022595421e-01 2.564944263687200987e+01
2.490369752656541777e+02 4.998431888472691376e-01 2.559682163897408458e+01
2.490449991717154603e+02 5.089623604983860572e-01 2.583541101409370455e+01
2.490489347295691118e+02 5.693708414888535296e-01 2.565144981962696491e+01
2.490499061545562824e+02 5.554492277653847454e-01 2.563873283722037399e+01
2.490560242019920736e+02 5.654963997767652462e-01 2.545623843015148680e+01
2.490574363065263981e+02 5.641936609694628846e-01 2.543699649547177799e+01
2.490609038434011495e+02 5.570720221562096564e-01 2.548405753280569641e+01
2.490668787504000647e+02 5.541722220703253488e-01 2.547215918503233567e+01
2.490610952334234582e+02 5.489709167582068616e-01 2.547020507682138302e+01
2.490548871200948327e+02 5.175588283070667872e-01 2.560510448447730525e+01
2.490537178718072937e+02 5.589392811133431227e-01 2.539400289819176493e+01
2.490527946964055559e+02 5.258062907809517572e-01 2.544353592262052999e+01
2.490622274903621474e+02 5.252932368556066933e-01 2.538398145929262739e+01
2.490704508280433060e+02 5.104371894938135590e-01 2.541375788679682302e+01
2.490622741316280724e+02 5.086664297075914609e-01 2.539815557917998134e+01
2.490964267965331089e+02 5.191703644612852830e-01 2.543749829116051586e+01
2.490895576638837383e+02 5.328201721866873131e-01 2.525234050697447685e+01
2.491095346005818953e+02 5.200854982654273817e-01 2.542861071751958590e+01
2.491318403839380267e+02 5.166935524078956066e-01 2.545422481411847215e+01
2.491661056312091205e+02 5.259478228982882309e-01 2.552165360979273601e+01
2.491736582996524305e+02 5.271765790078920544e-01 2.542603579797576785e+01
2.491751154371332007e+02 5.151463490342845786e-01 2.550762423866174800e+01
2.492446559563309165e+02 5.128898767544755044e-01 2.570969350254998886e+01
2.492784837406938721e+02 5.259848142471376109e-01 2.574478381773236535e+01
2.492664068694543005e+02 5.225848267920297774e-01 2.566674493821640723e+01
2.492807868542396079e+02 5.214541781728525560e-01 2.561426225579678473e+01
2.492905718701700266e+02 5.245871845884391149e-01 2.572640072567376635e+01
2.492625388610202890e+02 5.392856166377437699e-01 2.532818081371317476e+01
2.492451481021025472e+02 5.244746022223758519e-01 2.528312695913420782e+01
2.492660482142024136e+02 5.286610579204107374e-01 2.520821786939480447e+01
2.492804539320999595e+02 5.656395402136169537e-01 2.505221409306058433e+01
2.493035622668942040e+02 5.278311650505735919e-01 2.524944392352762534e+01
2.492828020785921410e+02 5.198892832845743994e-01 2.509463352027367122e+01
2.492775267905823284e+02 5.120181675772436103e-01 2.500088135909432197e+01
2.492528439109827332e+02 5.201498310460349606e-01 2.483086911978281108e+01
2.492038400236744735e+02 5.105192137890881554e-01 2.456684738816952418e+01
2.491788210052961858e+02 4.893296041764841342e-01 2.467276005320320920e+01
2.491570781337703693e+02 4.867000017691514580e-01 2.458892800679354096e+01
2.491198921782597040e+02 4.821098578728044703e-01 2.449037501186135657e+01
2.491277858104402583e+02 4.757344793145985573e-01 2.463991656038355060e+01
2.491289454088106936e+02 4.719243703831177972e-01 2.453582451304106016e+01
2.491343332791865635e+02 4.825473207809356513e-01 2.450196456228780306e+01
2.491523158996859024e+02 4.813459061030900821e-01 2.472735928410481776e+01
2.491833677245656418e+02 4.823527141195978474e-01 2.466910916790373420e+01
2.491946436526866080e+02 4.889114411025352047e-01 2.473555849699324583e+01
2.491706941667859496e+02 4.910987556431911094e-01 2.449307377200784330e+01
2.491740539462531672e+02 4.957837903909342314e-01 2.447164773942650484e+01
2.491496267894565051e+02 4.875122031243214749e-01 2.440859357283355280e+01
2.491472078769056679e+02 4.665284584096615061e-01 2.465486428195771040e+01
2.491552542994401449e+02 4.699815204087705034e-01 2.462133564502458327e+01
2.491536829712738097e+02 4.893456873716359734e-01 2.457354764726979823e+01
2.491555582718285109e+02 4.768908610460188546e-01 2.458455016107319935e+01
2.491336529600316396e+02 4.674049925454390464e-01 2.444594036029573658e+01
2.491269623508484585e+02 4.629338642932159242e-01 2.448956924378424560e+01
2.491185106317961413e+02 4.589146738247606994e-01 2.463845459794424642e+01
2.490942378736729381e+02 4.604892186301299262e-01 2.449987696355708877e+01
2.490950934996550075e+02 4.590996305690073775e-01 2.448848684475052551e+01
2.491012807048299464e+02 4.877759675248123372e-01 2.435321591528659368e+01
2.490975027622887694e+02 4.687447227015907880e-01 2.448901919851005360e+01
2.489340974995456577e+02 4.606548755401942974e-01 2.425139320678003330e+01
2.489466311335275179e+02 4.796587789316577033e-01 2.424911260970749538e+01
2.489578314706312767e+02 4.836715361220521592e-01 2.443667643988825233e+01
2.489752045380343475e+02 5.345137326361804053e-01 2.445312150693105124e+01
2.489936037132881097e+02 5.229418737244015958e-01 2.455747249371549046e+01
2.489775993257924540e+02 5.279598306117886386e-01 2.437081414742178254e+01
2.490022596889188264e+02 5.335294410928852482e-01 2.437436210027228967e+01
2.489998986758705541e+02 5.517147098511178127e-01 2.425212660047895596e+01
2.490012014146778370e+02 5.427129455246096912e-01 2.418233357511736870e+01
2.490062627961921464e+02 5.445866377598038710e-01 2.417415687870214924e+01
2.490046769931501558e+02 5.323682344029194713e-01 2.416521944715625025e+01
2.489716083355983756e+02 5.060094858685005859e-01 2.410971634068710756e+01
2.489878813124530552e+02 4.941706459172005017e-01 2.433030379547322397e+01
2.489970246088969077e+02 5.105626384159982489e-01 2.415430699924569780e+01
2.490109301394252270e+02 4.972827441790895753e-01 2.425869980233753154e+01
2.490096595670082138e+02 5.075663391592026841e-01 2.404838629261443472e+01
2.490011821148436582e+02 4.972763109010288618e-01 2.408660157261482127e+01
2.490026794603122937e+02 5.003964507604938827e-01 2.409209880871773635e+01
2.490202423094181654e+02 5.021897270199287000e-01 2.414611743627435914e+01
2.490309923170576667e+02 5.020803612928959048e-01 2.409939253771911183e+01
2.490408320158516062e+02 5.113185485881367454e-01 2.403586391686918233e+01
2.490321615653452056e+02 4.974628759647906628e-01 2.414039021048077416e+01
2.490363721458359691e+02 5.021366524759274252e-01 2.409212615014949321e+01
2.490475017168810723e+02 5.052841337671507560e-01 2.400089583396995963e+01
2.490483686010997815e+02 4.930882468834788535e-01 2.408258559878539629e+01
2.490482029441897112e+02 4.832871477579221975e-01 2.416305625740832141e+01
2.490314667713146548e+02 4.920364059205458163e-01 2.401486408895937075e+01
2.490421427962564849e+02 4.832147733797387268e-01 2.418376176284685286e+01
2.490437752405644005e+02 5.163606302682516302e-01 2.396471990311483324e+01
2.490140727957578974e+02 4.792792155260732767e-01 2.402210313509723250e+01
2.489973092814510949e+02 4.736613554595209830e-01 2.395185817195187283e+01
2.489999437088169714e+02 4.751828257208889905e-01 2.395822711723201692e+01
2.489969844009090139e+02 4.589516651736100239e-01 2.409616946541067506e+01
2.490055101026590307e+02 4.727623048505308345e-01 2.402497076879281224e+01
2.489795936419913005e+02 4.680499286710295137e-01 2.393111728348400646e+01
2.489839763126701939e+02 4.822015320851701925e-01 2.388737099267088837e+01
2.489904996566237969e+02 4.707261723443025847e-01 2.401838470037811746e+01
2.489673736303148814e+02 4.796250042218387355e-01 2.396079077853922712e+01
2.489497657482626209e+02 4.800592504909395597e-01 2.392342790788189077e+01
2.489548866375989746e+02 4.732287175099353926e-01 2.400593952396959097e+01
2.489894558572584344e+02 4.944681850275103319e-01 2.412428610717519462e+01
2.490649632418574697e+02 4.738993867477688804e-01 2.432252435397825963e+01
2.490582597661181694e+02 4.908269496451242997e-01 2.408255664903412452e+01
2.490229684109964126e+02 4.818203603600705875e-01 2.398844100764434373e+01
2.490616854866855192e+02 4.712697843404362041e-01 2.424735310815787770e+01
2.490816270403543342e+02 4.789237769132166922e-01 2.431408550148206515e+01
2.490860499190211215e+02 5.154792711739284439e-01 2.403011899956092989e+01
2.490730659555750037e+02 4.849276336634141260e-01 2.421944393961081943e+01
2.490671505563981327e+02 4.911453969091315597e-01 2.408244728330708995e+01
2.490542261007740876e+02 4.747775292030615990e-01 2.427946159895909517e+01
2.490297764275042027e+02 4.729295700801103841e-01 2.419968734268624644e+01
2.490233318912068228e+02 4.812108072638142664e-01 2.397967084132802285e+01
2.490046962929843630e+02 4.869927159209156975e-01 2.387150009569501208e+01
2.490083085786154697e+02 4.828577264473669639e-01 2.383104764324899705e+01
2.490058221166449925e+02 4.789060853985496191e-01 2.388771356472762264e+01
2.490245123977309731e+02 4.995874660443542226e-01 2.396724657307319362e+01
2.489878346711871302e+02 4.877872257614186413e-01 2.385050348442423029e+01
2.489923283159125447e+02 4.927311999511070906e-01 2.381923614472945516e+01
2.490042347052834941e+02 5.143373643181449184e-01 2.388149901812093745e+01
2.489988822179369379e+02 4.884562866797369507e-01 2.382692552033157085e+01
2.490324751876506753e+02 4.403241085487007433e-01 2.363365537251092618e+01
2.490663817796698822e+02 4.555548943575326581e-01 2.376053248242508786e+01
2.490678180089969374e+02 4.746858549906958769e-01 2.386748090522655730e+01
2.490833672420697837e+02 5.249088484914766761e-01 2.371794096502387461e+01
2.490830809611960888e+02 5.228421579144598708e-01 2.362574083217668530e+01
2.491055041518768292e+02 5.102795741813251906e-01 2.373920777397320947e+01
2.491236845956765080e+02 5.226121682237879762e-01 2.368168783483201878e+01
2.491449192382355307e+02 5.340505366158062595e-01 2.370440373966453507e+01
2.491942061897784981e+02 5.319468546899400740e-01 2.393479390189572698e+01
2.492111482275514902e+02 5.322009691733398107e-01 2.402414248424248910e+01
2.492315079442942363e+02 5.456819033496470572e-01 2.396230742384204859e+01
2.492613551378570946e+02 5.440671505563980936e-01 2.412060305548541450e+01
2.492755212161468705e+02 5.087018127369256071e-01 2.420468921637848325e+01
2.493363269520575898e+02 4.983168936273555949e-01 2.429648405270784650e+01
2.493645207931588459e+02 5.075180895737471110e-01 2.412491817674466432e+01
2.493516671035934564e+02 5.021736438247768053e-01 2.405082932995800604e+01
2.493084515582203551e+02 5.029649370262493369e-01 2.381834513571804379e+01
2.492885357376637785e+02 4.960202133596668950e-01 2.375415549554736572e+01
2.492627994087817456e+02 4.882391635451865386e-01 2.373535424041481789e+01
2.492331114388508979e+02 4.922294042623683863e-01 2.351776630152452441e+01
2.493094519329588081e+02 4.766126217698912759e-01 2.390055438773688579e+01
2.493761312517389968e+02 4.753838656602875079e-01 2.403430223861993298e+01
2.493117920378534222e+02 4.807379613263489393e-01 2.367799674154466061e+01
2.493542178983445581e+02 5.096491129313713841e-01 2.373409653455394164e+01
2.493319105066688905e+02 4.822240485583828007e-01 2.381564959221058686e+01
2.492969681568819169e+02 4.756572799778694960e-01 2.370424451603253146e+01
2.492888525766082921e+02 4.667777479345156522e-01 2.377452486220722605e+01
2.492943465960721596e+02 4.812413653346028219e-01 2.372723705182166398e+01
2.493427730966744775e+02 4.762378833228524400e-01 2.394804162974233108e+01
2.493540232916832053e+02 4.707567304150911958e-01 2.416082551824075608e+01
2.493526144037879249e+02 4.774312564031220618e-01 2.397477672504330570e+01
2.493761457266146238e+02 4.797311533098411740e-01 2.403724385501321237e+01
2.493726042070422011e+02 4.862641471805354554e-01 2.402725458250437995e+01
2.493755619066306224e+02 4.904409529614791596e-01 2.398662682323120876e+01
2.493666743329897031e+02 4.757393042731440924e-01 2.399833538930177923e+01
2.493939562569258328e+02 4.719179371050570282e-01 2.433132668668488208e+01
2.494367086062785575e+02 4.788578358130939905e-01 2.427531856788797171e+01
2.494288358822517182e+02 4.930673387297814236e-01 2.400605210633565179e+01
2.494562094804002186e+02 4.630818296886132779e-01 2.430053862620563621e+01
2.494802265157205170e+02 4.744944649683884852e-01 2.425333927339340789e+01
2.494956599497882621e+02 4.894952610865485054e-01 2.416784261628552244e+01
2.495085763638147398e+02 4.854728539790629238e-01 2.403568861004202617e+01
2.494865021784687826e+02 4.796796870853551331e-01 2.385005476327949125e+01
2.495059676695611017e+02 4.901836218390490107e-01 2.405021012694465909e+01
2.495123848644267071e+02 4.700538947869539741e-01 2.410615552128048122e+01
2.495206291102615523e+02 4.809952924487790327e-01 2.386412595071787379e+01
2.495435830463823379e+02 4.761220843177588757e-01 2.384504163135065014e+01
2.495289682469478123e+02 4.761960670154575803e-01 2.375104500560499332e+01
2.495291628536091366e+02 4.694990245542140506e-01 2.367272467017387427e+01
2.495340264118230778e+02 4.755607808069582387e-01 2.365170875906891013e+01
2.495477984518316248e+02 4.724245577523413231e-01 2.381589566509640932e+01
2.495444869219498685e+02 4.564909363153721311e-01 2.388594762989994535e+01
2.495210022403890946e+02 4.610424805433546713e-01 2.373216172617716779e+01
2.495183581631061145e+02 4.611325464362052151e-01 2.376654438077286358e+01
2.495161965816776899e+02 4.621843873991382523e-01 2.373068689718174085e+01
2.495125569546148370e+02 4.629531641273982312e-01 2.378673522396653439e+01
2.495122561988654866e+02 4.521677734585463626e-01 2.391850645016541677e+01
2.495089607521788651e+02 4.441342174801815035e-01 2.408449467404992461e+01
2.495190465238586057e+02 4.818235769991009443e-01 2.397631749513885424e+01
2.495677528720565874e+02 4.515083624573192345e-01 2.427661165677818289e+01
2.495497316518888908e+02 4.395649817375318902e-01 2.415969808626060811e+01
2.495486138698258287e+02 4.628470150393957927e-01 2.409314904136115132e+01
2.495321832776586746e+02 4.756637132559302650e-01 2.416192078383059894e+01
2.495306151661313550e+02 5.230319396172521396e-01 2.403697044069562949e+01
2.495473079143795019e+02 5.071787341560424212e-01 2.418990876003390511e+01
2.495539583155748176e+02 5.126614953833188437e-01 2.405637642396589015e+01
2.495749211521357722e+02 5.129558178545983171e-01 2.411430005130539200e+01
2.495852401301452232e+02 5.118573356257247742e-01 2.405057682379412398e+01
2.495945088755112522e+02 5.104130647010858279e-01 2.408827904986916479e+01
2.495969310047011049e+02 5.115115469299592599e-01 2.400152147026136973e+01
2.496314358915799687e+02 4.953189860510448517e-01 2.410247890286876071e+01
2.496423145647806905e+02 5.082434416750969408e-01 2.407357418454179765e+01
2.496343212167902266e+02 4.760963512055159108e-01 2.419803399022463353e+01
2.496419205264994901e+02 4.838693594224203198e-01 2.408308417783510436e+01
2.496331953931295686e+02 4.897461589309178298e-01 2.387674643395355645e+01
2.496417886442992256e+02 4.716557810240813442e-01 2.399229936616128001e+01
2.496641378522822947e+02 4.732721421368454862e-01 2.398250791695281237e+01
2.496743088648963464e+02 4.765820636991027204e-01 2.390313895719779325e+01
2.496872124123666765e+02 4.675899492896856691e-01 2.397601191443096980e+01
2.496873153448156586e+02 4.755157478605329668e-01 2.382185931385872735e+01
2.497027745119956421e+02 4.786648374712713649e-01 2.388898252882510675e+01
2.497211785122079561e+02 4.782193329655642922e-01 2.382511294423795434e+01
2.497419097507587367e+02 4.781485669068959998e-01 2.389995448455772120e+01
2.497219939302021601e+02 4.848295261729876349e-01 2.368864060009617845e+01
2.497210771880784819e+02 4.866710520178780808e-01 2.369865560571725283e+01
2.497083489474352973e+02 4.724229494328261447e-01 2.373007251912693860e+01
2.497042461243520393e+02 4.788932188424281367e-01 2.361380710137398609e+01
2.496964071750350342e+02 4.709063041300036723e-01 2.355604591430552119e+01
2.497087542439531092e+02 4.666780321245739827e-01 2.352015465600458199e+01
2.497206751081996856e+02 4.469439516732152118e-01 2.376793236051446812e+01
2.497325396812632334e+02 4.477609779869308193e-01 2.386863889527749194e+01
2.497257590061872179e+02 4.835074875315029663e-01 2.368187600821529770e+01
2.497296093231065583e+02 4.644891092644028996e-01 2.375671111525700141e+01
2.497204209937162886e+02 4.486455537202843069e-01 2.384487436612107203e+01
2.497020652430894643e+02 4.536860270808840134e-01 2.367109383418547353e+01
2.497025445223049758e+02 4.658706557279495564e-01 2.358106975764233226e+01
2.497018883279427826e+02 4.547684261146056062e-01 2.382605059451530849e+01
2.497060410089310096e+02 4.504854712456595744e-01 2.387127814760191669e+01
2.497057048701523172e+02 4.455463220145167158e-01 2.382803204415802156e+01
2.497254373422841809e+02 4.478767769920243280e-01 2.386232302454134668e+01
2.497199320645836735e+02 4.525971947691015962e-01 2.373967257831309752e+01
2.497181548715194026e+02 4.361231779750292525e-01 2.391099720634900194e+01
2.497258876717484100e+02 4.462169912523501480e-01 2.386062624745282434e+01
2.497312803670828600e+02 4.419163448687369877e-01 2.403433279669072320e+01
2.497052674072441789e+02 4.395730233351078375e-01 2.392834132400079028e+01
2.497178750239237388e+02 4.451056424673551226e-01 2.399300220178941601e+01
2.497262270271661180e+02 4.445829386249189885e-01 2.381421979616158424e+01
2.497221418955975594e+02 4.417828543489764059e-01 2.396946283736512129e+01
2.496972258096682538e+02 4.392819175028587764e-01 2.394976413994309894e+01
2.496928511805869277e+02 4.387125723944821920e-01 2.398548974133397138e+01
2.496911045455934470e+02 4.619479644304055888e-01 2.393236051446924506e+01
2.496855349351123436e+02 4.444028068392179009e-01 2.406097300114029736e+01
2.496776782942806676e+02 4.409561781181696727e-01 2.397816867090083548e+01
2.496867717328195226e+02 4.326636826978594863e-01 2.404080306610032380e+01
2.497133122214591765e+02 4.551045648932799392e-01 2.419164252847127727e+01
2.497204885431359287e+02 4.347030318431180929e-01 2.426668028377189401e+01
2.497181709547145374e+02 4.315957585397745544e-01 2.427847569909628689e+01
2.497300709108074273e+02 4.457602285100367157e-01 2.434047963304582041e+01
2.497467861755287686e+02 4.231295646118240494e-01 2.452213771396680642e+01
2.497547763068802169e+02 4.506913361436036269e-01 2.434521774233756375e+01
2.495559027738686666e+02 4.515533954037445064e-01 2.442533135402811695e+01
2.495868243248676777e+02 4.614944183271225131e-01 2.435401042512709679e+01
2.496049774272356103e+02 4.811673826369041729e-01 2.467101502652922917e+01
2.496188121917052456e+02 5.396362302920547638e-01 2.457329835774494242e+01
2.496199540985610383e+02 5.270768631979503294e-01 2.455589473227109210e+01
2.496101063581695314e+02 5.138741682977706615e-01 2.456012622091555286e+01
2.496171009397411069e+02 5.225108440943311283e-01 2.454021200867849117e+01
2.496258984474891633e+02 5.240789556216396416e-01 2.447461026397348149e+01
2.496172199553852238e+02 5.147635689896697953e-01 2.447712567569523756e+01
2.496373705905910185e+02 5.150594997804643915e-01 2.457633004003107402e+01
2.496685076564050405e+02 5.113217652271671021e-01 2.465410837178557202e+01
2.496774386546728977e+02 4.900372647631668910e-01 2.464475116884620931e+01
2.496710327180439037e+02 4.823462808415370784e-01 2.457049505682996937e+01
2.496770623079063398e+02 5.036645560153562018e-01 2.458913226337196889e+01
2.496623799590521742e+02 4.782000331313819852e-01 2.467029771602545551e+01
2.496659616866125191e+02 4.709079124495188506e-01 2.464133188155691911e+01
2.496581822451175299e+02 4.786873539444840286e-01 2.453154155817211191e+01
2.496672017009587137e+02 4.779909515944075760e-01 2.452896503030878250e+01
2.496710536261975903e+02 4.899536321483771162e-01 2.428446829760987669e+01
2.496556234087688892e+02 4.850369993904469212e-01 2.429244234576617956e+01
2.496653698250309219e+02 4.730003361387786764e-01 2.444040774116349013e+01
2.496643742752510207e+02 5.136924281925544511e-01 2.416212986536757512e+01
2.496381120258875228e+02 4.905615769251182590e-01 2.390230102273038071e+01
2.496619585793391991e+02 4.767943618751075419e-01 2.405427274204002330e+01
2.496745066881967148e+02 4.670495539325824619e-01 2.431608142600041589e+01
2.496684980064879653e+02 4.819618924774071167e-01 2.401840882517084452e+01
2.496605239583316518e+02 4.773170657175437315e-01 2.382566620615117969e+01
2.497030929592596635e+02 4.957065910542051701e-01 2.403183025152508989e+01
2.497100135581335110e+02 4.812896149200585061e-01 2.407731835237315465e+01
2.497433974463102686e+02 4.795976627900805367e-01 2.405548863159350859e+01
2.497640804352755879e+02 4.837535604173267556e-01 2.396920550624269097e+01
2.497712808817450991e+02 4.683667676155215953e-01 2.413997526404585514e+01
2.497718068022265641e+02 4.667471898637270966e-01 2.403893098218464530e+01
2.497996854127028428e+02 4.534222626803931511e-01 2.426275759247435104e+01
2.498148599073286391e+02 4.676832318215666251e-01 2.432191319256248718e+01
2.498128671994493004e+02 4.644086932886434815e-01 2.425235819848914431e+01
2.498274852155228700e+02 4.774055232908790414e-01 2.423761473349341600e+01
2.498273951496300072e+02 4.700088618405287022e-01 2.433265676692394308e+01
2.498117848004155803e+02 4.652675359097539487e-01 2.427170949889588769e+01
2.498070080914554865e+02 4.982702523614151446e-01 2.404315764587055781e+01
2.497967952625340331e+02 4.714032748601968414e-01 2.403801102342195861e+01
2.497971555261054277e+02 4.745925724588149763e-01 2.406588159230065216e+01
2.497750668658838435e+02 4.740039275162560850e-01 2.390513649003565533e+01
2.497984470066761276e+02 4.828722013230036247e-01 2.423061211032428375e+01
2.497981526842048652e+02 4.723859580839768202e-01 2.406460297828607864e+01
2.497952882671482939e+02 4.635900586554126956e-01 2.417595658823964655e+01
2.497920893196325949e+02 4.593907364012564387e-01 2.424455302388193800e+01
2.497740407580331521e+02 4.626105920706631291e-01 2.401264299970889482e+01
2.497852121453856569e+02 4.611647128265089490e-01 2.401805660319701730e+01
2.497977956372724861e+02 4.569991652821716044e-01 2.416927402065403996e+01
2.498092114891912843e+02 4.910585476553113726e-01 2.415643319764477681e+01
2.498163266947264844e+02 4.668903303005788596e-01 2.430065603353024528e+01
2.498006021548264926e+02 4.684809583010999257e-01 2.394955988336466746e+01
2.498354608719986629e+02 4.616391670834894545e-01 2.412181090344132173e+01
2.498381885818964463e+02 4.642060450297297858e-01 2.416194330030381110e+01
2.498528677141115679e+02 4.831745653918589900e-01 2.419386361772174965e+01
2.498422930132991837e+02 4.593376618572552195e-01 2.415400463517684315e+01
2.498598462124879518e+02 4.590176062737327811e-01 2.423792353084033024e+01
2.498571072443535854e+02 4.843598968745526645e-01 2.413280698396666324e+01
2.498770648812175637e+02 4.989505715163397026e-01 2.410527416218615571e+01
2.497245447249532333e+02 4.500415750594676245e-01 2.396919585632560157e+01
2.497378857353317301e+02 4.539304916471926243e-01 2.387309072369553320e+01
2.497121333232545339e+02 4.717587134730534260e-01 2.383634383941251400e+01
2.497120303908055519e+02 4.981045954513507734e-01 2.380891395008097788e+01
2.497379806261831163e+02 5.076950047204177308e-01 2.381214828062602251e+01
2.497418904509245294e+02 5.111625415951634999e-01 2.372553705809410829e+01
2.497447050100761317e+02 5.119876095064549437e-01 2.376908230896782825e+01
2.497517381913160364e+02 5.138082271976479598e-01 2.365616058748695139e+01
2.497519295813383451e+02 5.012006105180879523e-01 2.392721067538161250e+01
2.497496634591414590e+02 4.979196387071040952e-01 2.381999366322110845e+01
2.497509935393805165e+02 5.017828221825860746e-01 2.379583509578347034e+01
2.497459305495466992e+02 5.023489506519323022e-01 2.372700706213099053e+01
2.497239416051350531e+02 4.736179308326109449e-01 2.368276862554622397e+01
2.497376139293336621e+02 4.527869764718938095e-01 2.394154884385951476e+01
2.497356308713714270e+02 4.562271719148813243e-01 2.381808137131755032e+01
2.497342268084346699e+02 4.519056173775706786e-01 2.372644093366164597e+01
2.497389424012532118e+02 4.602286708686694761e-01 2.361408051569156896e+01
2.497530184136501248e+02 4.585093773069333078e-01 2.381878420694568987e+01
2.497566258743227081e+02 4.898571329774658589e-01 2.362658680824167234e+01
2.497483639369731634e+02 4.560775981999687922e-01 2.369283188075275959e+01
2.497327519794392572e+02 4.670688537667647133e-01 2.343812714409095221e+01
2.497430259245022626e+02 4.562094804002142512e-01 2.355876558260570164e+01
2.497652416419655594e+02 4.601032219464847861e-01 2.347964912901456813e+01
2.497655005814075082e+02 4.686096238623149723e-01 2.338534370592199352e+01
2.497642284006709872e+02 4.597879913215078829e-01 2.351814908156914186e+01
2.497631636931519381e+02 4.516418529770798163e-01 2.352893768887702208e+01
2.497884577341673094e+02 4.476500039403827902e-01 2.379110985304784620e+01
2.498177146744680783e+02 4.479829260800267665e-01 2.388264735825477914e+01
2.497923498673940514e+02 4.500898246449232531e-01 2.370638518930724814e+01
2.498083076136237537e+02 4.697820887888871644e-01 2.386507164259280245e+01
2.498004429311944818e+02 4.479250265774800122e-01 2.395047501716880944e+01
2.497686834457280725e+02 4.516193365038672081e-01 2.378393353137107624e+01
2.497618336129128807e+02 4.386401980162987213e-01 2.396514932442538637e+01
2.497683859066177661e+02 4.361119197384228929e-01 2.401156060067517117e+01
2.497838161240464672e+02 4.617179747397336942e-01 2.404384600662305971e+01
2.497702628154919751e+02 4.373824921554215761e-01 2.414938393320970889e+01
2.497555740333597498e+02 4.429649691926396682e-01 2.406390335929697244e+01
2.497758967587536745e+02 4.385436988453874085e-01 2.423949807564569880e+01
2.497879864965493368e+02 4.501670239816523145e-01 2.436613072099355648e+01
2.498092388306230589e+02 4.456396045463976163e-01 2.438638750528734889e+01
2.498279275033895317e+02 4.497311693930363119e-01 2.430594418809618418e+01
2.498435185527697797e+02 4.327071073247695798e-01 2.460638470681139367e+01
2.498493728358050419e+02 4.732496256636328225e-01 2.440607172783373713e+01
2.498548041308078496e+02 4.540639821669532061e-01 2.457406391783417376e+01
2.498608288957117338e+02 4.552798717204354917e-01 2.455021897270199460e+01
2.498785783098813624e+02 4.556996431138995995e-01 2.464181276909195972e+01
2.498782823790905638e+02 4.508521680951224631e-01 2.478684780633259876e+01
2.498843296604676709e+02 4.593601783304678277e-01 2.464322004866775018e+01
2.499016625198828478e+02 4.858974503310725668e-01 2.467608284132158758e+01
2.499058071592734791e+02 4.769632354242023253e-01 2.469073141546592254e+01
2.499122581288489187e+02 4.728941870507762379e-01 2.473273750456360531e+01
2.499170010630992067e+02 4.610569554189913322e-01 2.485516439437924419e+01
2.499122758203635897e+02 4.907545752669408290e-01 2.480764659430301222e+01
2.498978411527147614e+02 4.655441668663663490e-01 2.468795545598270635e+01
2.498954881812640565e+02 4.654380177783639105e-01 2.455972574935627151e+01
2.498866311656938990e+02 4.847298103630459654e-01 2.458478658404193240e+01
2.498785943930764972e+02 4.537648347371281976e-01 2.464530282243991621e+01
2.499070133989098679e+02 4.744960732879036636e-01 2.487330623851056899e+01
2.498908256629894993e+02 4.646338580207698410e-01 2.472521861083010108e+01
2.499188168558318353e+02 4.726497224844676270e-01 2.477851510292440906e+01
2.497818668407940663e+02 4.595177936429563070e-01 2.451418618228371571e+01
2.498106332436427124e+02 4.731354349780544921e-01 2.439696703105825648e+01
2.497913832673654326e+02 4.745057232049947893e-01 2.457063015566924591e+01
2.498244020670122438e+02 5.107524201187905177e-01 2.477920185535739250e+01
2.498279805779335447e+02 5.102184580397479685e-01 2.467249789712223418e+01
2.498741296981023368e+02 4.894212783888498564e-01 2.505852192219915153e+01
2.498867083650306427e+02 4.883517459112496906e-01 2.510957802520880122e+01
2.499053713046848770e+02 4.939663893387715721e-01 2.519267346128051344e+01
2.499141462959597391e+02 5.059210282951652760e-01 2.500940545252482039e+01
2.499229952699323007e+02 5.036372145835980030e-01 2.505164635627172132e+01
2.499357058190608427e+02 4.919978062521812578e-01 2.516677630044695135e+01
2.499397652175171629e+02 4.955827504515357140e-01 2.521018001920333518e+01
2.499679429754232558e+02 4.876939432295377408e-01 2.539427952914837761e+01
2.500007880765624293e+02 4.985661831522097409e-01 2.555126277206734997e+01
2.500117809404487446e+02 4.983104603492948259e-01 2.556010852940088540e+01
2.500063576870435327e+02 4.987414899793652379e-01 2.552345010269119996e+01
2.500363898373506402e+02 4.617356662544007673e-01 2.567174198695009579e+01
2.500444426931632051e+02 4.952691281460739892e-01 2.551676110182753376e+01
2.500317257107566036e+02 4.768040117921986676e-01 2.528593508500772913e+01
2.500045756690207099e+02 4.544033375846578959e-01 2.541271087079243429e+01
2.500098589986280899e+02 4.788256694227902011e-01 2.532509123192449962e+01
2.499744807942525142e+02 4.662164444237150152e-01 2.515117399283011324e+01
2.499640540588355577e+02 4.544226374188402029e-01 2.532914580542228933e+01
2.499705725778306089e+02 4.628164569686072372e-01 2.528631625673282812e+01
2.499661513074833579e+02 5.122111659190661248e-01 2.493642795452315752e+01
2.499762033044532643e+02 4.735391231763667053e-01 2.517336558550067949e+01
2.499785675341406090e+02 4.691162445095992672e-01 2.512357201331045076e+01
2.500048072670308841e+02 4.926186175850439386e-01 2.509238991454998313e+01
2.500045869272573213e+02 4.552026723837064304e-01 2.524439219193041595e+01
2.499687455268613405e+02 4.541846061305923055e-01 2.505772580403913352e+01
2.499617059123433762e+02 4.451056424673551226e-01 2.503893741546270491e+01
2.499952345492764891e+02 4.788288860618205578e-01 2.504547040933340085e+01
2.499922784580075756e+02 4.543743878333845188e-01 2.516913248853670382e+01
2.499907183880778518e+02 4.499322093324348293e-01 2.502802335923263755e+01
2.499890811188113844e+02 4.503873637552330833e-01 2.499507210900546283e+01
2.500009022672480228e+02 4.811722075954497635e-01 2.491790172202770393e+01
2.500076009180287713e+02 4.511947401518575096e-01 2.509210685031531085e+01
2.500154816836532063e+02 4.512606812519802668e-01 2.499297646867717404e+01
2.500297764275042027e+02 4.764759146111002819e-01 2.501109257969625332e+01
2.500097817992913747e+02 4.452166165139030962e-01 2.506827477173925445e+01
2.499624666474740593e+02 4.481244581973632957e-01 2.471506046477217211e+01
2.499757819247402892e+02 4.822819480609295550e-01 2.470812378270316856e+01
2.499706674686819952e+02 4.558813832191158655e-01 2.479397427010439614e+01
2.499659470509049299e+02 4.587892249025760649e-01 2.480548179623556848e+01
2.499699228167464753e+02 4.431048929904610745e-01 2.498166515752685513e+01
2.499752238378685263e+02 4.871069066064940833e-01 2.461601371574882435e+01
2.499358779092489726e+02 4.582826042552917700e-01 2.455593172361994192e+01
2.499247419049258099e+02 4.518847092238732488e-01 2.461791957437432288e+01
2.499468868563304227e+02 4.775148890179118366e-01 2.468121338057503777e+01
2.499219546872059823e+02 4.508167850657883169e-01 2.473494090229941378e+01
2.499290779343387499e+02 4.489414845110789032e-01 2.461423008940648316e+01
2.499226285730828465e+02 4.430952430733699487e-01 2.465480799077467822e+01
2.499339752672624968e+02 4.813089147542407575e-01 2.454120595013887751e+01
2.499283927902252742e+02 4.666410407757246581e-01 2.459997716186288486e+01
2.499366708107699537e+02 4.795059885777148145e-01 2.464942172871831261e+01
2.499196773067724848e+02 4.594968854892588217e-01 2.461229688934922422e+01
2.499305109470267894e+02 4.503519807258989371e-01 2.470301575992293053e+01
2.499381102567360529e+02 4.893923286375764792e-01 2.448141506384224186e+01
2.499462290536487217e+02 4.692899430172395858e-01 2.455075615142006740e+01
2.499603452740335285e+02 4.863606463514467682e-01 2.464887972504169511e+01
2.498025466131203416e+02 4.579480737961326153e-01 2.418169185563080603e+01
2.498375790288001781e+02 4.636704746311721137e-01 2.418222260107081922e+01
2.498433818456109634e+02 4.819313344066185612e-01 2.433259404246285129e+01
2.498599604031735453e+02 5.165150289417096419e-01 2.447291509520447406e+01
2.498656393793816619e+02 5.369825030919942455e-01 2.436755890872304420e+01
2.498694221468813907e+02 5.170280828670547058e-01 2.445600200718275374e+01
2.498898108133754192e+02 5.130748334987221826e-01 2.448265990314699891e+01
2.498782920290076390e+02 5.114874221372314178e-01 2.438710320747160765e+01
2.498866729820013006e+02 5.004527419435255142e-01 2.452969038241013067e+01
2.499021948736423724e+02 4.961167125305781522e-01 2.453677502987453352e+01
2.498955155226958027e+02 5.083688905972816308e-01 2.429112030712469306e+01
2.498899073125463417e+02 4.968919225368988446e-01 2.427699604514231169e+01
2.499009082180302244e+02 4.900083150118935138e-01 2.448633491323920452e+01
2.498914207412101405e+02 5.018214218509505775e-01 2.433888096344772123e+01
2.498646229214480741e+02 4.754723232336228733e-01 2.437441356649677360e+01
2.498649156355998286e+02 4.697515307180985533e-01 2.448636225467096139e+01
2.498494130437929357e+02 4.698850212378591906e-01 2.428464038779800305e+01
2.498638300199270930e+02 4.893296041764841342e-01 2.430428279403699321e+01
2.498573501006003994e+02 4.642189115858512682e-01 2.432344752937997612e+01
2.498690988746588459e+02 4.713196422454070666e-01 2.426700355599444947e+01
2.498733786128887573e+02 4.565810022082226749e-01 2.436334350327373599e+01
2.498724248794162577e+02 4.860952736314407274e-01 2.421090376298516844e+01
2.498604026910402069e+02 4.631365125521296755e-01 2.425222631628889758e+01
2.498823562524225395e+02 4.508714679293047145e-01 2.448331448918968078e+01
2.498578068633426881e+02 4.620058639329523986e-01 2.415711834175824535e+01
2.498674085308483654e+02 4.556610434455350411e-01 2.438408117510256901e+01
2.498846770574829463e+02 4.802506405132469514e-01 2.429546116149618840e+01
2.499018297851124260e+02 4.755463059313215224e-01 2.421261018999078374e+01
2.499188827969319675e+02 4.563912205054305171e-01 2.455253816944289369e+01
2.499289910850849310e+02 4.542811053015036182e-01 2.458505517340096702e+01
2.499167839399646596e+02 4.556497852089287370e-01 2.446703990401548978e+01
2.499309789680056895e+02 4.774602061543954390e-01 2.444451538920528222e+01
2.499628172611283787e+02 4.578113666373416213e-01 2.463604211867146532e+01
2.499592226670119146e+02 4.593312285791944505e-01 2.468285869143907618e+01
2.499660708915075986e+02 4.559810990290575350e-01 2.476145726614632281e+01
2.499660049504074664e+02 4.781019256409555496e-01 2.474210274910054608e+01
2.499187010568267624e+02 4.583019040894740215e-01 2.461145091328423717e+01
2.499317670445681472e+02 4.491988156335089966e-01 2.477796666596972841e+01
2.499251166433728315e+02 4.522851807831551052e-01 2.474851029404905844e+01
2.499330633500973704e+02 4.716445227874750401e-01 2.473348376481865429e+01
2.499113478200033001e+02 4.544724953238110099e-01 2.467517414079550875e+01
2.499337002446253848e+02 4.536731605247624755e-01 2.470480581954333488e+01
2.499435126019875497e+02 4.803841310330075332e-01 2.468451043558117419e+01
2.499420120398798986e+02 4.597445666945977893e-01 2.481025689687616165e+01
2.499345478290099152e+02 4.590336894688846203e-01 2.468696955611989807e+01
2.499734659446384342e+02 4.694974162346988722e-01 2.502246661530766403e+01
2.499635072302003778e+02 4.557205512675970294e-01 2.481017326426137259e+01
2.499616705293140342e+02 4.614365188245757587e-01 2.473951013804206411e+01
2.499765683929832107e+02 4.738768702745562167e-01 2.474406489890907679e+01
2.499446754169970291e+02 4.505337208311152031e-01 2.474465836881018177e+01
2.499814046097654057e+02 4.422428337303201951e-01 2.487288646711710172e+01
2.499767356582128173e+02 4.735519897324881877e-01 2.484321458038139596e+01
2.499751611134074381e+02 4.528384426963798504e-01 2.477627471383975077e+01
2.499665871620719599e+02 4.487983440742271402e-01 2.486585650251621615e+01
2.499835291998449520e+02 4.802329489985798783e-01 2.493029704053126139e+01
2.500025974360170267e+02 4.569766488089589962e-01 2.484529092087550595e+01
2.500077231503119322e+02 4.883855206210686584e-01 2.462881111413117807e+01
2.500079660065587177e+02 4.655924164518219777e-01 2.474162186156550547e+01
2.499936326630393637e+02 4.669996960276116549e-01 2.466757643940575662e+01
2.500131061957292786e+02 4.761912420569119897e-01 2.484249726987762230e+01
2.498501544790894400e+02 4.422396170912898383e-01 2.441258059691170601e+01
2.498766032935166947e+02 4.468683606560013843e-01 2.447251784028422250e+01
2.498666880037055762e+02 4.722428176471250572e-01 2.458989460682217043e+01
2.499020533415250327e+02 5.302452526428710344e-01 2.451956761938153662e+01
2.498984088895036280e+02 5.434881555309304391e-01 2.447038038364853563e+01
2.499137136580101526e+02 5.220669479081392339e-01 2.456602714521677910e+01
2.498831346790678936e+02 5.252996701336674068e-01 2.426551264380386996e+01
2.498871249197850659e+02 5.146188202333028539e-01 2.438916346477056507e+01
2.498800097142498657e+02 5.167755767031702030e-01 2.422306265851999285e+01
2.498900777944149638e+02 5.112879905173481898e-01 2.436349629362767644e+01
2.498936627386142959e+02 5.014772414747002971e-01 2.440410475306666171e+01
2.498812545535546406e+02 5.050428858398724463e-01 2.421509343532223468e+01
2.498773141707424088e+02 5.156754861547814262e-01 2.409132520703093050e+01
2.498849279553273277e+02 5.032849926097717752e-01 2.422701590788832604e+01
2.498730746405003913e+02 4.780118597481050058e-01 2.409009323428229621e+01
2.498898365464876576e+02 4.822449567120802305e-01 2.432688129154490397e+01
2.498983220402498091e+02 4.637042493409910815e-01 2.438184239433742917e+01
2.498857176402092648e+02 4.719002455903899551e-01 2.416878669984093619e+01
2.498896162067140949e+02 4.995729911687175617e-01 2.408113971954124466e+01
2.499015145544874485e+02 4.802458155547013607e-01 2.421619835082917049e+01
2.499139516892984147e+02 4.772688161320880473e-01 2.428777500253310251e+01
2.498949542191849957e+02 4.761381675129107705e-01 2.405489355337288870e+01
2.499003678226731324e+02 4.890513649003565555e-01 2.420307928854377977e+01
2.499179161969033487e+02 4.759081778222388759e-01 2.403578671753245288e+01
2.499093728036386608e+02 4.719806615661493732e-01 2.403208919096703511e+01
2.498909511119117042e+02 4.722524675642161829e-01 2.396871175215153116e+01
2.499018040520001875e+02 4.797359782683867091e-01 2.415974794416558069e+01
2.498691004829783537e+02 4.559875323071182485e-01 2.410823507841361746e+01
2.498580545445480254e+02 4.550675735444306147e-01 2.410255610220549016e+01
2.498662360659218109e+02 4.447357289788618773e-01 2.432411176533975095e+01
2.498668263191838719e+02 4.753436576724078266e-01 2.421605521039231590e+01
2.498530993121217421e+02 4.515807368355027052e-01 2.428425760775338560e+01
2.498555568243409368e+02 4.449126441255325526e-01 2.442749615209556069e+01
2.498617472461549198e+02 4.714306162919550403e-01 2.437673115491816134e+01
2.498902804426738555e+02 4.619495727499207671e-01 2.443282290632986431e+01
2.498889793121860805e+02 4.498099770492804961e-01 2.449689674749544466e+01
2.498861920944662529e+02 4.452375246676005816e-01 2.454295741009091714e+01
2.499030231581926955e+02 4.669546630811863830e-01 2.460417970075607030e+01
2.498989315933460489e+02 4.361103114189077146e-01 2.463752820590349657e+01
2.499128483821109796e+02 4.550933066566736351e-01 2.474393623334786341e+01
2.499275918471067257e+02 4.403900496488234451e-01 2.483608972492911349e+01
2.499132761951020143e+02 4.483222814977314563e-01 2.485626126828860194e+01
2.499181461865940150e+02 4.481614495462126757e-01 2.489618619193363358e+01
2.498999207098478905e+02 4.430325186122776038e-01 2.478063808468445472e+01
2.499137795991102848e+02 4.595531766722903977e-01 2.498266231562627127e+01
2.499036101948157409e+02 4.509744003782767408e-01 2.488942320837226774e+01
2.499220495780573685e+02 4.610537387799609754e-01 2.504605744595644268e+01
2.498944572484548132e+02 4.432528583858583726e-01 2.505133755892480707e+01
2.499255315898077470e+02 4.671042367960988595e-01 2.519630826338483587e+01
2.499579006283704246e+02 4.541588730183493405e-01 2.512701542539247157e+01
2.499501227951949716e+02 4.580912142329843784e-01 2.510441692788456081e+01
2.499649289846518059e+02 4.782514993558680261e-01 2.501955716530468976e+01
2.499316962785094631e+02 4.491393078114470638e-01 2.517340901012758891e+01
2.499170653958798027e+02 4.924079277285542400e-01 2.470783106855140332e+01
2.498927572547272575e+02 4.483013733440340265e-01 2.494988958886528252e+01
2.499028928843119672e+02 4.673824760722264382e-01 2.492323651785958560e+01
2.498829288141699294e+02 4.568335083721072332e-01 2.479715230946640858e+01
2.498823176527541534e+02 4.606259257889209202e-01 2.460331603317641580e+01
2.498907002140673228e+02 4.770018350925668282e-01 2.472090027293182146e+01
2.498818962730411783e+02 4.763343824937637527e-01 2.464400330027164543e+01
2.496163016049420378e+02 4.601788129636986135e-01 2.444058143967113139e+01
2.496409507098318272e+02 4.651469119461148494e-01 2.422063892101060389e+01
2.496593852681149031e+02 4.767782786799556471e-01 2.453389935458137927e+01
2.496611560279011144e+02 5.271894455640134813e-01 2.446204768024034593e+01
2.496653585667943105e+02 5.490095164265713645e-01 2.426605303916097256e+01
2.496626195986599441e+02 5.188953418241881721e-01 2.439189278298783847e+01
2.496658684040806406e+02 5.226765010043955551e-01 2.426506392265913092e+01
2.497034339229968793e+02 5.376419140932213736e-01 2.421556467294018589e+01
2.497055022218933971e+02 5.376998135957682390e-01 2.406454507878353155e+01
2.496983886246777331e+02 5.425408553364845510e-01 2.401658499084062015e+01
2.496939866541646609e+02 5.309947295369487064e-01 2.406613409846453777e+01
2.496870966133616037e+02 5.225719602359083504e-01 2.407328629534858067e+01
2.497149414491280481e+02 5.191960975735283590e-01 2.422708828226650724e+01
2.497241120870036468e+02 5.317377731529656648e-01 2.411391727126077811e+01
2.497388603769579163e+02 5.317506397090872028e-01 2.413718000472846015e+01
2.497360779841966405e+02 4.971942866057542654e-01 2.416520497228061259e+01
2.497439716163771948e+02 4.804082558257353752e-01 2.423285893268700164e+01
2.497449108749740674e+02 5.155033959666562859e-01 2.405579582062090793e+01
2.497352963409122708e+02 4.908719825915495716e-01 2.401679728901662614e+01
2.497385435380134311e+02 4.703031843118081201e-01 2.416323638919402228e+01
2.497511222049417086e+02 4.745362812757833448e-01 2.413068561052612893e+01
2.497698961186425208e+02 4.756797964510821597e-01 2.410937376863036974e+01
2.497681414420514443e+02 4.963949518067057309e-01 2.406531546383130760e+01
2.497590656950272319e+02 4.902254381464439259e-01 2.400219213949920061e+01
2.497577661728589646e+02 4.779330520918607661e-01 2.402935504779121345e+01
2.498011216420298979e+02 4.719452785368152270e-01 2.411343477540622260e+01
2.497859857470724592e+02 4.752616333771332302e-01 2.408384169632675764e+01
2.498057117859262348e+02 4.542360723550783463e-01 2.428495883506201025e+01
2.498203780515852372e+02 4.896850427893407187e-01 2.419446191258139933e+01
2.498095749694017229e+02 4.813877224104849417e-01 2.400152629521991443e+01
2.498121209391942728e+02 4.709706369106111956e-01 2.408296998714952863e+01
2.498152378624147048e+02 5.034554744783817926e-01 2.392748569801871028e+01
2.498141249053101944e+02 4.671364031864026489e-01 2.419117611581187077e+01
2.498286335556566939e+02 4.684327087156442970e-01 2.420641172657924756e+01
2.498184561097645826e+02 4.538211259201598291e-01 2.420673178216277321e+01
2.498483435113153348e+02 4.936173840039757565e-01 2.423484359896874452e+01
2.498610395855682214e+02 4.694909829566381032e-01 2.434600581890000726e+01
2.498613885909030330e+02 4.687045147137111067e-01 2.427397722941230285e+01
2.498792956203851361e+02 4.662920354409288426e-01 2.424596191177723981e+01
2.498706846777008082e+02 5.021768604638071620e-01 2.395936098249022450e+01
2.498574128250614876e+02 4.680129373221801892e-01 2.406927032151915569e+01
2.498676980283611044e+02 4.599182652022381634e-01 2.417358753359377488e+01
2.498949992521314130e+02 4.561290644244548331e-01 2.428565845405111645e+01
2.498713424803825092e+02 4.625028346631455123e-01 2.388406107110862919e+01
2.498516244831263293e+02 4.553586793766796759e-01 2.401661876555044017e+01
2.498482743535761870e+02 4.878161755126920740e-01 2.385059355031707895e+01
2.498012358327154629e+02 4.674661086870162130e-01 2.372918151011552723e+01
2.497927085226459383e+02 4.562866797369432570e-01 2.385142344318691698e+01
2.497885043754332344e+02 4.633681105623167484e-01 2.377734585463686656e+01
2.498008498360318299e+02 4.663338517483237022e-01 2.373895687612883876e+01
2.498077849097813043e+02 4.987591814940323109e-01 2.374091420097882477e+01
2.497887568815971235e+02 4.699477456989515356e-01 2.374761124344006546e+01
2.497706295123414293e+02 4.609572396090497182e-01 2.373972726117661480e+01
2.497419660419417653e+02 4.552830883594658484e-01 2.361551192006008648e+01
2.497289579537029169e+02 4.501075161595903262e-01 2.340931249165684136e+01
2.497588485718926847e+02 4.791521582843734084e-01 2.345065595311426776e+01
2.497372198910524332e+02 4.680515369905446921e-01 2.333818295277812993e+01
2.497496698924195186e+02 4.519313504898136991e-01 2.355267970156022983e+01
2.497539608888860414e+02 4.862094643170190578e-01 2.334986096077791373e+01
2.497524458519027348e+02 4.961038459744566698e-01 2.324703305257435559e+01
2.496418947933872232e+02 4.456814208537924760e-01 2.313571482565012261e+01
2.497040804674419974e+02 4.421608094350455986e-01 2.331088816228587390e+01
2.497028179366225515e+02 4.590320811493694420e-01 2.350953653056530968e+01
2.497319896359890379e+02 5.104757891621780619e-01 2.343834426722550290e+01
2.497436821188644558e+02 5.047630382442297448e-01 2.344934838934842247e+01
2.497528624066571581e+02 5.093676570162134487e-01 2.336310708030500294e+01
2.497700312174818009e+02 5.013196261622119287e-01 2.339994885543941550e+01
2.498141007805174638e+02 5.101155255907759978e-01 2.341851047096420402e+01
2.498001341338475640e+02 5.059515863659538315e-01 2.339090688312503019e+01
2.498194580928225434e+02 4.906484261789383905e-01 2.372420054457698768e+01
2.498159262231671960e+02 4.895772853818231019e-01 2.368991921411075197e+01
2.498091584146472997e+02 5.031788435217694477e-01 2.346672467339051593e+01
2.497961841011182571e+02 4.900646061949250898e-01 2.360049825738580509e+01
2.497685403052911965e+02 4.641642287223348706e-01 2.370905982466100781e+01
2.497389954757971964e+02 4.705122658487825849e-01 2.342591999897067723e+01
2.497421107906981206e+02 4.944569267909039723e-01 2.341143547341689057e+01
2.497232259029507873e+02 4.676221156799894585e-01 2.339516571320124783e+01
2.497342686247420716e+02 4.770275682048098487e-01 2.353047845897257417e+01
2.497132301971638810e+02 4.605310349375248413e-01 2.364405637481564781e+01
2.496847034339230049e+02 4.611052050044470163e-01 2.338429025663954519e+01
2.496987247634563971e+02 4.603927194592186689e-01 2.350475017168810865e+01
2.497005550310646811e+02 4.546494104704816852e-01 2.353596604515839630e+01
2.497085821537650077e+02 4.729890779021723723e-01 2.359181172368427326e+01
2.496995948643141219e+02 4.557527176579007633e-01 2.362818547783976797e+01
2.496995305315335258e+02 4.607433331135296628e-01 2.356469063169965494e+01
2.496913313186450978e+02 4.649201388944733115e-01 2.332248575430989490e+01
2.496947763390466264e+02 4.569750404894438178e-01 2.350185197992173869e+01
2.497143608457830624e+02 4.711379021401908007e-01 2.364495703374415214e+01
2.497203261028649024e+02 4.679518211806030226e-01 2.344057500639307179e+01
2.497028018534274167e+02 4.623596942262937493e-01 2.337296607893310352e+01
2.497280910694842362e+02 4.578274498324935160e-01 2.357560951288826701e+01
2.497424276296426058e+02 4.888680164756251112e-01 2.346059375939861624e+01
2.497282213433649645e+02 4.583533703139600624e-01 2.348212754938747082e+01
2.497405282042951740e+02 4.726818888747714165e-01 2.359158816727166297e+01
2.497286845393853412e+02 4.542441139526542937e-01 2.347027584288004931e+01
2.497369110937055154e+02 4.521774233756374883e-01 2.347567175485350788e+01
2.497039485852417329e+02 4.554583951866213454e-01 2.330829394290787349e+01
2.496883350193882904e+02 4.581105140671666298e-01 2.323060406872670924e+01
2.496957574139508722e+02 4.841492070180630214e-01 2.319802273198802922e+01
2.496710021599731135e+02 4.567386175207111543e-01 2.305471502990670274e+01
2.496713752901006274e+02 4.412826669797528800e-01 2.335927927985885333e+01
2.496702928910669073e+02 4.433831322665885977e-01 2.325381533596990380e+01
2.496739067850175502e+02 4.648204230845316420e-01 2.314457505785929570e+01
2.496726008295711949e+02 4.453115073652992306e-01 2.324182531398417595e+01
2.496773630636556902e+02 4.505530206652974545e-01 2.336830356065857472e+01
2.496467905179914624e+02 4.636093584895950026e-01 2.295768993851394413e+01
2.496389724768281440e+02 4.563606624346419061e-01 2.308905586819500044e+01
2.496490518152298250e+02 4.795896211925045893e-01 2.315530898230365864e+01
2.496654035997407277e+02 4.629081311809729593e-01 2.311336883430609745e+01
2.496475544697611895e+02 4.711105607084326019e-01 2.294432480334273095e+01
2.496444053801504310e+02 4.562561216661547014e-01 2.314985677914717144e+01
2.496667481548554406e+02 4.486439454007690730e-01 2.331841831425598244e+01
2.496727471866470864e+02 4.819763673530438330e-01 2.316118578181215781e+01
2.496653312253625643e+02 4.651581701827211535e-01 2.309106787590850018e+01
2.496794088460789851e+02 4.587088089268166469e-01 2.312079927046626793e+01
2.497127830843386675e+02 4.983329768225074896e-01 2.309915128979183407e+01
2.496929074717699848e+02 4.717120722071129757e-01 2.312051620623159565e+01
2.496931680195314414e+02 4.573658621316344930e-01 2.331417717569443226e+01
2.497526919247885360e+02 4.850579075441443511e-01 2.338277843629526842e+01
2.497202810699184852e+02 4.696775480203999042e-01 2.322301440893453517e+01
2.496834167783108569e+02 4.498405351200691071e-01 2.310856317559471762e+01
2.497421461737274626e+02 4.448370531083187251e-01 2.337401470325700714e+01
2.497216015002404390e+02 4.615346263150022499e-01 2.338912325678268544e+01
2.497199449311397927e+02 5.288218898719294625e-01 2.308260168198054885e+01
2.497176032179256993e+02 5.023939835983576296e-01 2.313425286321081842e+01
2.497196634752246496e+02 4.889001828659289006e-01 2.327611307772847482e+01
2.497207137078680717e+02 4.878435169444502728e-01 2.320262895907952583e+01
2.497141405060094996e+02 4.819120345724363097e-01 2.330832771761769351e+01
2.497251140700616077e+02 4.697997803035542375e-01 2.347971989507323443e+01
2.497312707171657564e+02 4.854857205351844063e-01 2.324739653278479068e+01
2.497189863727087413e+02 4.883485292722193338e-01 2.313942361045214824e+01
2.497155091859169147e+02 4.972232363570276426e-01 2.312727275651490189e+01
2.497159948984104858e+02 5.014032587770016480e-01 2.325567937828800780e+01
2.496824919945896113e+02 4.692545599879054397e-01 2.320612222906651567e+01
2.497084213218134892e+02 4.809036182364133105e-01 2.339108218995218635e+01
2.497139651991823257e+02 4.621361378136826237e-01 2.340789556216396150e+01
2.497076396785290910e+02 4.541749562135011797e-01 2.339978159020983739e+01
2.497307640965184703e+02 4.784895306441158680e-01 2.339109988146685026e+01
2.497597926554481091e+02 4.427478460580893116e-01 2.374335563000287763e+01
2.497699057685595960e+02 4.442677079999420853e-01 2.381638459422902798e+01
2.497633454332571432e+02 4.563703123517330318e-01 2.357666135385120043e+01
2.497801459389127956e+02 4.590626392201580530e-01 2.362438180218634898e+01
2.497916888480733064e+02 4.676767985435058561e-01 2.375615302838523135e+01
2.497922131602352636e+02 4.575025692904254870e-01 2.369256650803275122e+01
2.497871791201527287e+02 4.558958580947525263e-01 2.362287641512013181e+01
2.497989214609331157e+02 4.433091495688899486e-01 2.384862657555000354e+01
2.498021525748391412e+02 4.403482333414285299e-01 2.391495206403685003e+01
2.498037801941885050e+02 4.783335236511426225e-01 2.359076309936036964e+01
2.498013033821351030e+02 4.533997462071804874e-01 2.355849860156618192e+01
2.497775275947420823e+02 4.468378025852127733e-01 2.355335680407612386e+01
2.497750395244520973e+02 4.764662646940091562e-01 2.346235326094823392e+01
2.497698623439326866e+02 4.380531613932550083e-01 2.358610862268341535e+01
2.497715607293407345e+02 4.509904835734286355e-01 2.347539351557738030e+01
2.497564602174126378e+02 4.497794189784919405e-01 2.341735408923278428e+01
2.497394988798054669e+02 4.553329462644366554e-01 2.329044642124783238e+01
2.497507458581751791e+02 4.854776789376084589e-01 2.311604346965985712e+01
2.497397803357206101e+02 4.570474148676272885e-01 2.321063999858467852e+01
2.497237872064615942e+02 4.613303697365733202e-01 2.306998924034244425e+01
2.497254486005207639e+02 4.565456191788885287e-01 2.305214815196046274e+01
2.497390228172289710e+02 4.513829135351345445e-01 2.322850360343987219e+01
2.497394538468590213e+02 4.442677079999420853e-01 2.337379758012245645e+01
2.497715060464772137e+02 4.556723016821414007e-01 2.337237100071248719e+01
2.497534430100021439e+02 4.481437580315456026e-01 2.309222425763991993e+01
2.497715703792578381e+02 4.444253233124305646e-01 2.336889220560113500e+01
2.497787322260589633e+02 4.464855806113866010e-01 2.340709461904539879e+01
2.497771689394901955e+02 4.622438952212002405e-01 2.314496748782099900e+01
2.497772734802586854e+02 4.505932286531771358e-01 2.320299404760947581e+01
2.497854582182714864e+02 4.506768612679669661e-01 2.316757563524599917e+01
2.497556769658087319e+02 4.515292706110166643e-01 2.321908367603941770e+01
2.497564666506906974e+02 4.460931506496806920e-01 2.338953820321760446e+01
2.497579656044788408e+02 4.558267003555994679e-01 2.312313776704135293e+01
2.497589482877026228e+02 4.563381459614292979e-01 2.318987981028262979e+01
2.497782352553287524e+02 4.536152610222157211e-01 2.335729461357711045e+01
2.497557493401869237e+02 4.478124442114168047e-01 2.335988079135753281e+01
2.497208761481390979e+02 4.567788255085908355e-01 2.316852132712093137e+01
2.497208938396537690e+02 4.819072096138907191e-01 2.297576262490611398e+01
2.497030961758986791e+02 4.548166757000612903e-01 2.307708032108490670e+01
2.496900398380743979e+02 4.534222626803931511e-01 2.310019026419864829e+01
2.497015747056373129e+02 4.833659554141663817e-01 2.302222858401941608e+01
2.497115125119216543e+02 4.594389859867120673e-01 2.315809459170396778e+01
2.495920610132091326e+02 4.415142649899399530e-01 2.286383001992707875e+01
2.496344064577245092e+02 4.422846500377151102e-01 2.296063155490722352e+01
2.495976853065537284e+02 4.592315127692527810e-01 2.294900018817338250e+01
2.496059006026373197e+02 5.047823380784119962e-01 2.299370825405658536e+01
2.496360437269909767e+02 5.053902828551530835e-01 2.304531761897945685e+01
2.496428051022328418e+02 5.134736967384888606e-01 2.301676351430680612e+01
2.496546439421841228e+02 5.063102416178407728e-01 2.303372806855301036e+01
2.496685446477538903e+02 5.011813106839057008e-01 2.321534754980563520e+01
2.496752416902151310e+02 5.052777004890899315e-01 2.309034895708521162e+01
2.496733937310922045e+02 5.041261437162152248e-01 2.308048352517904789e+01
2.496938402970887694e+02 5.140317836102591409e-01 2.313260433570775021e+01
2.497003555994448050e+02 5.166662109761374078e-01 2.301128879467710675e+01
2.497138252753845222e+02 5.182857887279318509e-01 2.306287242648773628e+01
2.497720448335147978e+02 5.048257627053220897e-01 2.343385705577813027e+01
2.497623627500333612e+02 4.785763798979360550e-01 2.337117441099318427e+01
2.497916164736951430e+02 4.787211286543029964e-01 2.344258218914802328e+01
2.498036756534200151e+02 4.706891809954532602e-01 2.344915699932611375e+01
2.497962162675085551e+02 4.697225809668251761e-01 2.340091223882901517e+01
2.498182373783105277e+02 4.967021408341066868e-01 2.335245678847542550e+01
2.497906386154298843e+02 4.618418153424032058e-01 2.329835291998449520e+01
2.497898537555064706e+02 4.548954833563054745e-01 2.331079487975399189e+01
2.497582406271159527e+02 4.581378554989248286e-01 2.325007760141660640e+01
2.497665974553168553e+02 4.502168818866231215e-01 2.335975373411583433e+01
2.497718019772680123e+02 4.466206794506623612e-01 2.330870567270376270e+01
2.497793031794868455e+02 4.356213822862905483e-01 2.349937195122931755e+01
2.497900950034337484e+02 4.659751964964367610e-01 2.341816146562940659e+01
2.497636703137992242e+02 4.426626051237843029e-01 2.356096415538296540e+01
2.497669496772906825e+02 4.373776671968759855e-01 2.358984153227816805e+01
2.497638810036557118e+02 4.564973695934329001e-01 2.352741139365711120e+01
2.497668258366880139e+02 4.369868455546852548e-01 2.371006824099702825e+01
2.497831567130452299e+02 4.470388425246112907e-01 2.356381731420290748e+01
2.497547505737679785e+02 4.426336553725109257e-01 2.347643248998419097e+01
2.497653510076926011e+02 4.412601505065402163e-01 2.361032991458214880e+01
2.497831534964062143e+02 4.636366999213532014e-01 2.368785734849227964e+01
2.497809275821971937e+02 4.595949929796853128e-01 2.367315248316491605e+01
2.497646626469400815e+02 4.496925697246718090e-01 2.356694710397946579e+01
2.497962806002891796e+02 4.510532080345209804e-01 2.378436134436211802e+01
2.498011907997690457e+02 4.802715486669443812e-01 2.364440216351141189e+01
2.497932280098493436e+02 4.514102549668927433e-01 2.392874179556007164e+01
2.498220185374907203e+02 4.772350414222691350e-01 2.388584791409000374e+01
2.498312551164664512e+02 4.622165537894420417e-01 2.378460902556745538e+01
2.498146202677208692e+02 4.515646536403508104e-01 2.382677112165811195e+01
2.498501593040479918e+02 4.400619524677250594e-01 2.418673876226946717e+01
2.498511194707985510e+02 4.486246455665868216e-01 2.406171604475631653e+01
2.498594473492481995e+02 4.857977345211308973e-01 2.391363002539536353e+01
2.498427899840293946e+02 4.437659123112033810e-01 2.400291749160055232e+01
2.498479317815194349e+02 4.718664708805710428e-01 2.387829685396619794e+01
2.498021123668512473e+02 4.596110761748372076e-01 2.390705199857824681e+01
2.497562607857927617e+02 4.534335209169994552e-01 2.385933959184067277e+01
2.497539624972055492e+02 4.501814988572889753e-01 2.401645471695989187e+01
2.497626940638535018e+02 4.919125653178763047e-01 2.392047503325200708e+01
2.497558506643163696e+02 4.618241238277361327e-01 2.400678228339554821e+01
2.497304971154789541e+02 4.573658621316344930e-01 2.392356783167971201e+01
2.497501636465106571e+02 4.856288609720361693e-01 2.392005847849757316e+01
2.497145039862199098e+02 4.506286116825112820e-01 2.392355014016504455e+01
2.497098028682770234e+02 4.902897709270514492e-01 2.370450023883544688e+01
2.497116154443706364e+02 4.578338831105542850e-01 2.393309229984865638e+01
2.497074032555603651e+02 4.563333210028837073e-01 2.377040917256785946e+01
2.497557589901039989e+02 4.723634416107641565e-01 2.410767859986136230e+01
2.497341061844710453e+02 4.656438826763080185e-01 2.393480033517378658e+01
2.495619580968433411e+02 4.628244985661831290e-01 2.376373142994079757e+01
2.496240778297979830e+02 4.679437795830270752e-01 2.378613853742639961e+01
2.496266302328685924e+02 4.802297323595494660e-01 2.390177671056842712e+01
2.496442670646721353e+02 5.208623165912632524e-01 2.389343596556266291e+01
2.496487864425098167e+02 5.240644807460028698e-01 2.399953358734059705e+01
2.496572365532426261e+02 5.246804671203200154e-01 2.393999681552735836e+01
2.496687569459299141e+02 5.041615267455493710e-01 2.391233211154660765e+01
2.496914149512598726e+02 5.071224429730107897e-01 2.398280867270215211e+01
2.497122845052889488e+02 5.069455278263400588e-01 2.406227573994760149e+01
2.497273448092291801e+02 4.982236110954746944e-01 2.405369696365358578e+01
2.497360442094868347e+02 5.117013286327515287e-01 2.393150167184813526e+01
2.497450186323815728e+02 5.048740122907777739e-01 2.392645315688995922e+01
2.497417038858607725e+02 4.867000017691514580e-01 2.410161684360861756e+01
2.497506960002702101e+02 4.928855986245651577e-01 2.402885003546344578e+01
2.497376879120313617e+02 4.947608991792745714e-01 2.392368363068480619e+01
2.497019896520722284e+02 4.769262440753530008e-01 2.378649719267828644e+01
2.497149430574475559e+02 4.861596064120482508e-01 2.395698710288580813e+01
2.496965277989986589e+02 4.525441202251003769e-01 2.387830811220280225e+01
2.497043860481498712e+02 4.456669459781558151e-01 2.401269768257241211e+01
2.496991960010743696e+02 4.688653466652298873e-01 2.395365305653082189e+01
2.496911527951789083e+02 4.447662870496504328e-01 2.403088777628918749e+01
2.496735481297656634e+02 4.455447136950014819e-01 2.401892348741570515e+01
2.496878107072263333e+02 4.521935065707893830e-01 2.417186180675397722e+01
2.496557150829812315e+02 4.471900245590390011e-01 2.389259320613670567e+01
2.496776766859611314e+02 4.677170065313855374e-01 2.397086368366285214e+01
2.496517248422640591e+02 4.598024661971445992e-01 2.380346013860497578e+01
2.496731380082892713e+02 4.559231995265107251e-01 2.401489947198870212e+01
2.497002365838006881e+02 4.852412559688757954e-01 2.391290306497450047e+01
2.496679077532258759e+02 4.620187304890738811e-01 2.389802610945901051e+01
2.496574810178089194e+02 4.488192522279246255e-01 2.398377848936981138e+01
2.496870001141906812e+02 4.490556751966572890e-01 2.432034668935469313e+01
2.496792850054763164e+02 4.827290608861518617e-01 2.406276145244118680e+01
2.496778101764809037e+02 4.477529363893548719e-01 2.417397513859693348e+01
2.496837014508650441e+02 4.846928190141966408e-01 2.390502873262813921e+01
2.496801711895292044e+02 4.559103329703892427e-01 2.403042779690784414e+01
2.496674461655250354e+02 4.474409224034083254e-01 2.402891758488308227e+01
2.496578943559243271e+02 4.462781073939273147e-01 2.406450004583710722e+01
2.496703620488060551e+02 4.637090742995366166e-01 2.417394136388711701e+01
2.496192094466255185e+02 4.521211321926059123e-01 2.404394250579397152e+01
2.495407282792428703e+02 4.581475054160159543e-01 2.365703872994224355e+01
2.495583940607976956e+02 4.708484046274569179e-01 2.394659253385914610e+01
2.495290856542724214e+02 4.547587761975144804e-01 2.392235515876526009e+01
2.495123703895510801e+02 4.900694311534706804e-01 2.364418986533540590e+01
2.494886734098142824e+02 4.657339485691585623e-01 2.363310854387576043e+01
2.494695553157372387e+02 4.489527427476852073e-01 2.379032660144395095e+01
2.494774907642251947e+02 4.509647504611856150e-01 2.384011052371708317e+01
2.494506109201678328e+02 4.468136777924849867e-01 2.378808138740074796e+01
2.494476419623428001e+02 4.776532044962180090e-01 2.365417431288569361e+01
2.494636206167261889e+02 4.568431582891983589e-01 2.380908925690813405e+01
2.494620090805719883e+02 4.878049172760857144e-01 2.363803643487029760e+01
2.494761285175958108e+02 4.680869200198788382e-01 2.390911386419671558e+01
2.494728909704117541e+02 4.938682818483451364e-01 2.380772218532022322e+01
2.494720980688907446e+02 4.714225746943790929e-01 2.378215472998727975e+01
