1.386053570753736608e+02 6.962332067343121045e-01 8.431651881034710527e+00
1.385634979120609103e+02 6.938299510609753362e-01 8.330392740396424855e+00
1.385488008521814720e+02 6.954313342025206790e-01 8.261608846815184037e+00
1.385369581750845498e+02 6.706146193526444366e-01 8.151757033803828989e+00
1.387004515994935900e+02 5.654169737165315457e-01 8.103866702567881219e+00
1.387607951646731976e+02 5.325508285622507776e-01 7.855259055609092655e+00
1.389079417266594874e+02 5.444785348525216229e-01 7.706286727887685650e+00
1.390221819908168470e+02 5.768640288721349485e-01 7.683896887931522812e+00
1.390702884379192312e+02 6.099864425675037838e-01 7.737177125257449717e+00
1.391466647298906025e+02 6.405768758384823292e-01 7.822155537290025329e+00
1.391748365549949824e+02 6.533737694386183570e-01 7.819183058405608122e+00
1.392337251761993855e+02 6.568788617425316279e-01 7.711317621827938673e+00
1.392310054229729985e+02 6.740724732158041022e-01 7.681249173327286961e+00
1.391389825784630432e+02 7.058592199988662497e-01 7.758468671466092204e+00
1.391344465071896934e+02 7.143444249192222317e-01 7.703444154715341163e+00
1.391188908886495597e+02 6.871775976418570409e-01 7.827528909925741019e+00
1.390603896226593292e+02 6.997619182586021225e-01 7.711921092908565534e+00
1.389912408121232659e+02 6.697879466394572878e-01 7.763594042287851771e+00
1.386629950588591100e+02 7.099630595393306987e-01 7.757632551064754800e+00
1.382166909944636473e+02 7.182061674508247728e-01 7.755660346163294250e+00
1.379843180186308302e+02 7.345081533548740715e-01 7.663445005007274879e+00
1.378267943521720156e+02 7.131788163936284564e-01 7.586393203333144264e+00
1.379134331953970900e+02 6.723057555316214184e-01 7.712055722464713270e+00
1.379573578595317827e+02 6.899056175953743875e-01 7.693541796572378466e+00
1.378648921546397617e+02 7.216427640156454215e-01 7.663388318878370242e+00
1.377776333068798067e+02 7.225639136103395588e-01 7.587636755285981138e+00
1.376672488804489660e+02 7.312900345785385836e-01 7.598272490221642528e+00
1.376491069572775530e+02 7.209707971959261608e-01 7.568022173724089363e+00
1.375765121024885218e+02 7.221434914876330158e-01 7.572297252612285590e+00
1.376066986470910649e+02 7.159611605540124879e-01 7.565752366645881466e+00
1.377425138881015698e+02 7.200815335487406044e-01 7.566799879069591839e+00
1.379330985582827793e+02 6.941263722767039290e-01 7.574093494321939346e+00
1.379624241823025841e+02 6.708826975039208218e-01 7.731892324698146801e+00
1.379820505734746803e+02 6.811842204712507121e-01 7.658412930106003103e+00
1.379416510779812199e+02 7.135685335298452836e-01 7.581873665514049065e+00
1.378516417720083780e+02 7.279550006613382251e-01 7.592228331727226553e+00
1.377110365531054583e+02 6.941499914970806762e-01 7.736407138673166983e+00
1.376318058783515710e+02 7.359902594335165915e-01 7.641788541843810734e+00
1.376268635564877343e+02 7.222237968369139560e-01 7.648732592634582161e+00
1.375786472800105855e+02 7.124277251856471205e-01 7.679419864709105426e+00
1.375661727887685970e+02 7.214868771611586684e-01 7.604916576913629100e+00
1.375782433913421414e+02 7.171102356253424848e-01 7.589450711410917982e+00
1.376740760160988657e+02 6.795308750448765256e-01 7.668511327778092301e+00
1.376429907601609841e+02 7.068453224495966358e-01 7.637805160327268084e+00
1.373909536024034992e+02 7.294583640383198730e-01 7.719424919222266368e+00
1.367962003760179925e+02 7.273007482569014970e-01 7.646029372862460427e+00
1.363407580352587729e+02 7.377841392211326177e-01 7.667951552255162895e+00
1.360357358804300532e+02 7.271850140770553805e-01 7.636032537837991185e+00
1.358280898664096981e+02 7.333307352190918671e-01 7.607690654346881409e+00
1.357789323640005250e+02 6.817062052415774343e-01 7.701906543468813204e+00
1.358010423161952360e+02 7.207535003684598651e-01 7.603724987245620959e+00
1.357840494680951622e+02 7.228036486971638475e-01 7.539350802108724103e+00
1.356332395650284468e+02 6.786061825671257930e-01 7.621705118757439834e+00
1.354402351057196370e+02 7.087809175594731448e-01 7.573768730041758879e+00
1.353299085463787037e+02 7.144814163974075871e-01 7.512063516807437225e+00
1.353148465695444429e+02 7.146857226536666996e-01 7.497040511686789976e+00
1.353067912344349395e+02 6.769646467509400356e-01 7.587545821287530856e+00
1.353323661262589042e+02 7.127631181149972628e-01 7.497518800899420022e+00
1.353557834023014550e+02 7.170937021710787063e-01 7.557265980764507063e+00
1.354011405721520021e+02 6.768512744931315384e-01 7.556525518205694958e+00
1.356419231713999523e+02 6.618778697352757368e-01 7.611788589082251200e+00
1.356619794323829069e+02 6.179106910039113831e-01 7.561600107703644547e+00
1.357134823233754730e+02 6.591451259376830407e-01 7.430617359182208226e+00
1.357925110537951241e+02 6.708626211666005590e-01 7.513275182812765962e+00
1.358017627024167098e+02 6.818420157587438135e-01 7.523570800975001305e+00
1.358066105473990604e+02 6.818006821230845338e-01 7.470629499461481693e+00
1.358150603234888365e+02 6.800587646202974623e-01 7.587524563989191506e+00
1.358632435330574708e+02 7.038693006821230558e-01 7.631144540181018066e+00
1.359627489465827637e+02 7.115845190181961932e-01 7.517686072218127791e+00
1.358553653421007823e+02 7.347833172722634254e-01 7.624134355573191080e+00
1.354967724335355115e+02 7.455430531149027651e-01 7.586554994992725121e+00
1.353142230221264981e+02 7.305637435519528600e-01 7.613355724354250675e+00
1.352870302137067142e+02 7.269039453545717011e-01 7.461288097802468045e+00
1.352480951098766013e+02 7.118396065982653953e-01 7.474499508720215957e+00
1.353738509249286608e+02 6.913109612077924515e-01 7.480256693687055147e+00
1.354333146741492442e+02 7.138212591878767554e-01 7.309069308240273344e+00
1.353709611133155590e+02 7.151970787748237468e-01 7.388771186440678207e+00
1.352866676586739345e+02 7.298421763694423747e-01 7.332419269504752535e+00
1.351259199686336672e+02 7.125895168452279771e-01 7.437492914233886587e+00
1.349609125521984652e+02 7.149538008049430848e-01 7.378905438089299551e+00
1.349298922491166479e+02 7.192147081609130410e-01 7.320638002380817078e+00
1.349325175254615203e+02 7.244664418116887328e-01 7.374733102809742036e+00
1.348979909491147566e+02 7.378573588043005893e-01 7.359266056346012164e+00
1.349882683332388638e+02 7.359678211741587095e-01 7.257692780076714811e+00
1.350472726886230816e+02 7.138661357065926305e-01 7.317402169189199057e+00
1.350576308977193207e+02 7.286116149878124615e-01 7.321710314985923063e+00
1.351176367080475416e+02 7.155312907431551350e-01 7.285283572359843696e+00
1.351361718912382059e+02 7.331228860797762703e-01 7.172253793246792242e+00
1.350307758441509236e+02 7.380002550875800482e-01 7.263336592785745616e+00
1.349701582960149722e+02 7.423119437673600940e-01 7.229913034030572838e+00
1.349146283279481509e+02 7.261315968482512373e-01 7.346561277705345283e+00
1.349421671579464430e+02 6.903295826011375258e-01 7.343615960924362085e+00
1.348705654913742649e+02 7.207523194074410000e-01 7.346498686771346875e+00
1.349324112389698200e+02 7.269818887818151332e-01 7.344996504355384204e+00
1.347147648470419199e+02 7.267185344746140974e-01 7.331798084008843475e+00
1.344350306105096138e+02 7.240802675585283898e-01 7.261351397313077882e+00
1.343155350698184236e+02 7.181683766982219774e-01 7.245377718572265202e+00
1.343608875158248850e+02 7.186053322751922989e-01 7.229088723239422976e+00
1.343601742153695113e+02 7.170972450541353016e-01 7.200568514634468897e+00
1.342817961944712124e+02 7.140113939119097086e-01 7.240596007406987944e+00
1.342888111029231197e+02 7.103728530128677887e-01 7.206460329157454936e+00
1.343078647280010500e+02 7.154202804073843680e-01 7.258441509362659083e+00
1.342780431003533295e+02 7.232075373656066120e-01 7.208947433063129573e+00
1.342784056553861376e+02 7.167287852162576023e-01 7.200766916085633795e+00
1.342532665381781101e+02 7.235441112559756194e-01 7.261997382990382555e+00
1.342585418910492479e+02 7.280825444513727707e-01 7.259220943635092738e+00
1.340568313871095825e+02 7.327768645012565640e-01 7.271495852464902043e+00
1.338304506074863411e+02 7.330862762881922290e-01 7.227192099843168016e+00
1.336809799142149870e+02 7.237141696426884208e-01 7.256170521323432432e+00
1.336188200309884166e+02 6.825529542920847348e-01 7.359537677380345144e+00
1.336523864860268702e+02 7.179215558452846091e-01 7.234753793246792242e+00
1.337446195415981833e+02 7.185699034446271227e-01 7.230020501483287454e+00
1.339458021559624399e+02 6.686152523477505438e-01 7.277681726281579166e+00
1.340381686601288607e+02 7.064284432099465771e-01 7.169217542467357873e+00
1.340965671825104266e+02 7.129556147610679462e-01 7.235004156982785872e+00
1.342553072388186592e+02 7.163319823139278064e-01 7.149360863896604634e+00
1.344836696710314925e+02 6.691514086503033143e-01 7.229096989966555142e+00
1.346018200971222427e+02 6.876062864916955286e-01 7.216862233811386140e+00
1.347115349186554170e+02 6.683696124558320406e-01 7.274852143680440975e+00
1.345625555051678930e+02 7.102323186516259490e-01 7.259067418702643160e+00
1.338821495380080364e+02 6.627801239536685873e-01 7.383639910813823981e+00
1.338616456927989589e+02 6.206859493981822240e-01 7.296538130869376637e+00
1.338887109574287138e+02 6.769138654271299460e-01 7.126609649868677288e+00
1.340118438580579436e+02 6.943531167923209235e-01 7.199747746726376185e+00
1.339978270317253362e+02 6.919061655612871453e-01 7.334274559265347548e+00
1.337898905012943374e+02 7.158218071537895133e-01 7.289532670105625556e+00
1.335691452676529991e+02 7.175424673582374568e-01 7.337517478223078982e+00
1.334102894771649517e+02 7.113081741397879743e-01 7.356301844188727124e+00
1.333197499196946580e+02 7.044078189067135565e-01 7.343357330461236288e+00
1.332354694556242123e+02 7.272641384653175667e-01 7.318948047162859183e+00
1.331894190616555989e+02 7.180408329081873209e-01 7.346118417323281413e+00
1.331498178958108838e+02 7.140739848459082273e-01 7.351980707820795935e+00
1.331489109177484238e+02 7.124230013415717711e-01 7.337365134251649046e+00
1.333067286435009464e+02 7.093843886400997834e-01 7.235491893883566838e+00
1.334810491185307058e+02 6.943354023770383909e-01 7.127471751412429057e+00
1.336135151540918002e+02 6.949648546000793958e-01 7.085110679666685840e+00
1.337241133344670629e+02 6.955529731874610100e-01 7.153176548948472657e+00
1.337687524800181507e+02 7.078290629782891807e-01 7.120133259641365342e+00
1.337946214311357949e+02 6.784998960754303754e-01 7.179460017383746617e+00
1.334892934074032098e+02 6.772386297073106354e-01 7.289075638191334860e+00
1.331561466659108532e+02 7.004941140902820607e-01 7.191532981879333875e+00
1.329783022032008830e+02 7.110436388715680733e-01 7.063683322940875975e+00
1.333739938212119398e+02 6.898725506868469415e-01 7.113890699695784470e+00
1.334377704400733080e+02 6.911869603008143903e-01 7.142703786633410878e+00
1.328021890293445324e+02 7.204759745290327810e-01 7.170782315817319841e+00
1.319361359900232458e+02 7.573184154337433416e-01 7.224152306180677385e+00
1.316921683389074644e+02 7.440597660752413800e-01 7.176924494076299510e+00
1.317302118171683389e+02 7.273763297621071988e-01 7.119127080853314915e+00
1.316137170984260081e+02 7.331004478204183883e-01 7.134139457324792488e+00
1.313000101562647615e+02 7.411510590858416681e-01 7.133328137104850697e+00
1.312055214651474842e+02 7.330461236135518144e-01 7.123843839162557146e+00
1.311457872758535927e+02 7.195583678173951281e-01 7.076486121346106550e+00
1.312239102091718053e+02 6.813778980783402606e-01 7.160896491128620589e+00
1.313446918164125350e+02 6.962296638512556202e-01 7.087946167072916914e+00
1.314958300266424942e+02 7.100232885512914871e-01 7.014030997864822758e+00
1.315475891861761397e+02 7.149526198439242197e-01 6.999165060559681351e+00
1.316633552519698469e+02 7.205503750732196178e-01 7.071326502654800450e+00
1.316445956861855962e+02 7.158300738809213470e-01 7.085905466432364186e+00
1.317502480018139579e+02 7.079412542750789239e-01 7.082934168508965733e+00
1.318704674716096861e+02 7.044231713999584699e-01 6.999857103716720097e+00
1.318864753982200568e+02 7.132201500292878471e-01 6.976071367836290449e+00
1.318246414602346874e+02 6.900733140600494586e-01 7.078784271488766322e+00
1.317849812463390151e+02 6.981003061050961023e-01 7.106030223154394143e+00
1.318902473877142256e+02 7.026777110141148031e-01 7.137152088883849999e+00
1.320275305632711706e+02 7.188486102450730719e-01 7.082884568146174509e+00
1.320489827201783726e+02 7.274105776316535099e-01 7.097896944617652082e+00
1.319143815070952144e+02 7.384572870018706325e-01 7.067384454773916858e+00
1.319144511837953360e+02 6.965249041059652368e-01 7.130976843716342550e+00
1.320076644370122665e+02 7.285702813521531818e-01 7.147693346938003955e+00
1.320961963607505254e+02 7.348896037639589540e-01 6.995006896812349773e+00
1.321669666307654438e+02 6.921600721803374823e-01 7.048152504582128941e+00
1.323097188368006414e+02 6.833548268238761603e-01 7.126316771536004957e+00
1.325300436483192641e+02 6.883892636471855564e-01 7.008167526406288594e+00
1.327165563649075182e+02 6.546433025338699307e-01 7.072114203654365383e+00
1.329701736485082222e+02 6.916558018252934037e-01 6.965593881677153654e+00
1.331373599380231667e+02 6.737429850915480634e-01 7.027769117396973186e+00
1.331417483891691802e+02 6.538744969106059512e-01 7.104993339379853445e+00
1.331413870150973935e+02 6.881424427942482991e-01 7.114686667422481570e+00
1.329067867467830695e+02 7.130807966290648725e-01 7.089345605880240875e+00
1.327541617066303843e+02 6.777558906335620081e-01 7.215016391738941159e+00
1.330545568561873040e+02 6.745696578047352121e-01 7.324955595865692004e+00
1.332181435765168374e+02 6.284413204088959981e-01 7.216281200990117384e+00
1.331919474991969423e+02 6.753927876348657655e-01 7.053007435330574282e+00
1.332606569922340043e+02 6.869201481397502196e-01 7.116781692269901427e+00
1.332788969351699677e+02 6.946637095402754536e-01 7.143718232148593472e+00
1.333651307087655766e+02 6.979715813540426916e-01 7.199969767397917941e+00
1.334056825482304589e+02 6.930422500614099590e-01 7.210180356366796772e+00
1.334745491090830001e+02 6.843149481321920691e-01 7.182317943049335796e+00
1.335829613306123917e+02 6.719526481869886325e-01 7.244236910228067039e+00
1.336668190106381076e+02 6.801603272679175305e-01 7.232662311282429535e+00
1.337208668726262601e+02 6.869284148668820533e-01 7.306616452204145240e+00
1.337962440715756713e+02 7.116967103149859364e-01 7.254297517147554331e+00
1.338399797819473633e+02 7.012180431948302761e-01 7.136789533851066736e+00
1.339284680101279150e+02 7.132520359767964280e-01 7.102192099843168016e+00
1.339892355403132740e+02 7.292493339379854111e-01 7.147813804961925754e+00
1.340864309940857595e+02 7.235240349186553566e-01 7.136292349262135737e+00
1.340847587532830687e+02 7.283872323942330862e-01 7.217533019670086425e+00
1.340715745044687424e+02 7.288454452695425356e-01 7.116100277762031467e+00
1.339895945524630179e+02 7.495429680857094157e-01 7.093090433270978323e+00
1.339511495474557421e+02 7.444459403284016119e-01 7.064185231373882878e+00
1.339505118285055687e+02 7.312770440073314004e-01 7.050601817735199894e+00
1.339093045556752202e+02 7.281793832549174894e-01 7.105135054702114594e+00
1.339415471534115625e+02 6.969654025659921537e-01 7.150041097443455840e+00
1.339210999943313993e+02 7.297748615913686177e-01 7.131671248795419693e+00
1.340574088770477772e+02 7.316207036638134875e-01 7.161249598473253819e+00
1.342157048920129228e+02 7.150589063356196373e-01 7.177464193261909209e+00
1.340942347844982407e+02 7.329362942387998014e-01 7.107815836214878225e+00
1.338439147440621184e+02 7.216392211325888262e-01 7.183900430814579963e+00
1.339541550932486871e+02 7.265354855166941128e-01 7.156966252857925426e+00
1.342098544111256047e+02 7.119919505696955531e-01 7.101256778716248164e+00
1.343654070536439633e+02 7.271318708312075607e-01 7.039820824594221982e+00
1.344482963456342191e+02 6.864442208491582376e-01 7.207059076394006780e+00
1.345060902159741545e+02 7.273409009315420226e-01 7.115436577669444596e+00
1.345984000340116893e+02 7.312794059293691307e-01 7.136626561230467125e+00
1.345228067191958132e+02 7.275546548759518339e-01 7.072814513538537184e+00
1.344662764771460388e+02 7.062512990571206961e-01 7.137678797498252514e+00
1.344443342214160282e+02 7.095662566370009028e-01 7.135804612361354771e+00
1.343848161479885732e+02 7.105181112181848668e-01 7.048687479923662735e+00
1.344515404455529790e+02 7.084313530978969542e-01 7.067421064565500899e+00
1.344107217088978246e+02 7.260477486159137017e-01 7.002279254766358818e+00
1.344919871794871824e+02 7.187860193110745533e-01 7.021975322638549954e+00
1.345798648508209965e+02 7.161371237458193928e-01 6.996480736163860570e+00
1.346051787502598245e+02 7.273208245942217598e-01 7.057672231354987780e+00
1.346809137803979297e+02 6.953652003854656760e-01 7.124343385673525653e+00
1.347451143642650777e+02 7.299968822629102627e-01 7.042839360958373263e+00
1.347730086635300211e+02 7.236480358256334178e-01 7.234346361695292771e+00
1.347414829091321451e+02 7.281817451769552196e-01 7.072195689964665632e+00
1.347357564291517917e+02 6.916676114354817217e-01 7.150038735521418332e+00
1.345176589101147044e+02 7.175897057989909511e-01 7.162284120325756120e+00
1.344800098728341311e+02 7.123202577329327267e-01 7.171424758611567363e+00
1.345240786142130958e+02 7.133500557413601229e-01 7.119088109139693366e+00
1.346055542958638114e+02 6.835685807682859716e-01 7.161701906543468610e+00
1.346068616197116512e+02 7.276774748219110300e-01 7.158738875347202324e+00
1.346606709275740172e+02 7.302956654006764747e-01 7.097833172722634920e+00
1.347505680422500518e+02 6.856175481359710888e-01 7.170102082270468635e+00
1.346594876046331422e+02 7.126603745063583295e-01 7.183802411050016268e+00
1.345043612890425777e+02 7.100102979800843039e-01 7.200646458061711996e+00
1.344970464164918837e+02 7.079979404039831170e-01 7.172958826975039059e+00
1.345948087315533996e+02 6.774216786652306199e-01 7.149703342592067301e+00
1.345843430550044388e+02 7.103870245450938370e-01 7.164080362035409877e+00
1.346442768267104952e+02 6.646283279481510764e-01 7.232656406477334876e+00
1.346481267596319071e+02 6.194116924588553008e-01 7.163129688415244445e+00
1.346649578160724161e+02 6.624234737259792061e-01 7.145022013113391246e+00
1.347109420762239438e+02 6.658447177975549414e-01 7.146406099427470515e+00
1.347901137029269023e+02 6.841956710692893573e-01 7.152512848855884897e+00
1.348885538896132061e+02 7.034937550781323878e-01 7.199262371747633615e+00
1.349570567144719746e+02 6.932406515125748570e-01 7.264522277648659099e+00
1.349673712280105065e+02 6.940956672902141023e-01 7.232015144644105220e+00
1.350650579615667937e+02 6.754494737637699586e-01 7.273795183568580569e+00
1.352133228936379226e+02 6.971248323035352801e-01 7.331907913383594710e+00
1.353097566275532415e+02 7.140515465865502343e-01 7.280885673525688162e+00
1.353262711864406640e+02 7.080617122990003898e-01 7.266221680554767914e+00
1.353222665476257873e+02 7.252187139806889338e-01 7.165579001568316286e+00
1.354251932052226834e+02 7.266157908659750531e-01 7.183184768437163470e+00
1.355574136008918629e+02 7.187612191296789410e-01 7.164275220603518513e+00
1.355116100277762143e+02 7.241298679213196143e-01 7.138623566313323288e+00
1.355444596394762300e+02 7.201275910284753445e-01 7.102637322147270282e+00
1.358054697390548426e+02 7.067850934376358474e-01 7.089369225100617733e+00
1.358405147572889007e+02 7.185521890293444791e-01 7.134647270562893162e+00
1.356978582090962391e+02 7.178884889367571631e-01 7.179020699884738121e+00
1.356454270827428559e+02 7.223785027303818440e-01 7.166878058689039044e+00
1.356179012433157709e+02 7.308979555202841372e-01 7.218340797006971954e+00
1.355226850802108629e+02 6.926832379116829586e-01 7.137183974831359023e+00
1.351143323791168314e+02 7.142334145834514647e-01 7.119741180583111451e+00
1.347638255106475356e+02 7.327284450994842047e-01 7.078862214916010309e+00
1.347075102035032046e+02 7.251006178788050871e-01 7.112056667233527918e+00
1.349214838066625077e+02 7.169460820437238979e-01 7.106017232583186960e+00
1.351695824594221733e+02 6.945857661130321326e-01 7.171066927422860005e+00
1.353255189142716688e+02 7.080617122990003898e-01 7.067869829752659427e+00
1.355320087674546130e+02 7.116234907318179648e-01 6.976902764393552836e+00
1.358086843149481240e+02 7.090891483853900557e-01 7.097111605540124657e+00
1.359807408877047692e+02 6.736697655083800917e-01 7.113913137955142574e+00
1.358939367099370656e+02 7.151415736069384188e-01 7.113345095705081000e+00
1.358033971524668004e+02 7.234437295693744163e-01 7.123405702624567404e+00
1.357190694499555832e+02 7.225237609356990331e-01 7.185729739432760610e+00
1.356269320522268060e+02 7.278262759102847035e-01 7.117311943767360205e+00
1.355804057309676409e+02 7.148853050658503516e-01 7.171859352266499954e+00
1.356476130415887269e+02 6.930977552292953980e-01 7.128131908621960555e+00
1.357674144511837824e+02 7.096524667913761686e-01 6.964817990287776261e+00
1.359312999546511094e+02 7.135720764129017679e-01 7.063092842431457186e+00
1.360386256920431549e+02 7.070992290686468618e-01 7.127246187857831039e+00
1.361158806190125290e+02 7.118903879220754849e-01 7.141540540029854611e+00
1.362149667913761562e+02 7.172413222984336256e-01 7.071829592048825219e+00
1.364638165353437955e+02 7.066481019594504920e-01 7.028006490561759634e+00
1.367143302533870042e+02 7.029705893467868005e-01 7.120094287927743792e+00
1.368102986886608790e+02 7.170677210286643399e-01 7.133706044630878651e+00
1.368018937890898030e+02 7.251395895924267476e-01 7.125572766094136590e+00
1.368122555410691064e+02 7.134858662585265021e-01 7.115664503146080122e+00
1.367785166657218952e+02 7.430913780397936375e-01 7.102421206280823185e+00
1.367031004950588624e+02 7.446585133117925581e-01 7.201704599134592044e+00
1.365955692704495164e+02 7.345010675887609919e-01 7.213579162179014403e+00
1.366271906826899567e+02 6.579476314645805735e-01 7.329195245923322943e+00
1.366948113296676297e+02 7.126426600910756859e-01 7.175168405041286057e+00
1.368525711883302165e+02 7.098071726848440566e-01 7.197975124237099287e+00
1.369111657502409116e+02 7.244971467981784485e-01 7.120729644955879678e+00
1.369358761785991021e+02 7.095320087674545917e-01 7.138610575742116104e+00
1.369758753283071542e+02 7.310443946866201914e-01 7.131508276174820082e+00
1.369041921754246687e+02 6.863946204863670131e-01 7.189879636452960021e+00
1.367094198174706605e+02 7.134409897398106271e-01 7.156518668631785651e+00
1.365206337509211494e+02 7.243259074504468931e-01 7.110054938306596739e+00
1.364157431551499258e+02 6.699769004024714869e-01 7.222768219866599004e+00
1.364343184910152615e+02 6.260545981898228973e-01 7.200490571207225798e+00
1.364707216144209383e+02 6.722112786501143189e-01 7.110604085180356471e+00
1.365636396273831679e+02 6.810106192014814264e-01 7.197532263855034529e+00
1.366503481473083639e+02 6.941842393666269873e-01 7.242250533794380551e+00
1.367218128224023701e+02 6.888994388073238495e-01 7.240841647298905670e+00
1.367507853390775381e+02 7.122163331632749284e-01 7.221652211703796453e+00
1.367840412013680123e+02 7.121253991648243131e-01 7.188279434272433654e+00
1.368114926402509184e+02 7.121100466715795108e-01 7.154198080229767776e+00
1.368165034578538553e+02 7.298764242389886858e-01 7.184774341968520162e+00
1.368176903236777946e+02 7.211951797895055360e-01 7.097612333012111918e+00
1.368741544319105117e+02 6.698021181716833361e-01 7.110722181282239873e+00
1.369101595714528514e+02 6.894237854996881909e-01 7.022582336602233077e+00
1.368968796647960176e+02 7.148486952742664213e-01 7.052311849290478385e+00
1.369874310318764969e+02 7.073259735842639673e-01 7.034925741171135449e+00
1.370593822629102760e+02 7.032445723031574003e-01 7.060280974245602081e+00
1.369984588458704025e+02 7.149514388829053546e-01 7.148203522098143026e+00
1.371212705251025170e+02 7.015132834495398928e-01 7.138620023430267025e+00
1.373161113787955969e+02 7.141531092341704134e-01 7.086852597169472467e+00
1.374719734331009136e+02 6.937579124388262297e-01 6.987152325076054105e+00
1.375089469606787134e+02 7.115360996164238339e-01 7.011295892145191999e+00
1.374724540842355793e+02 7.122375904616140563e-01 7.096834079700697018e+00
1.374612243259074376e+02 7.251384086314078825e-01 7.127852020860495408e+00
1.374630500916425717e+02 7.224635319237382447e-01 7.100632050337282841e+00
1.374303445571868565e+02 7.260087769022920412e-01 7.155906930824027512e+00
1.372809423596546026e+02 7.237862082648376383e-01 7.181723919656859856e+00
1.371524679723371776e+02 7.357835912552198598e-01 7.116371898796364448e+00
1.371379386089223829e+02 7.171929028966611552e-01 7.071359569563328229e+00
1.371379208945071184e+02 7.051624529977514877e-01 7.026656652117226898e+00
1.371667599625871503e+02 7.069244468378588220e-01 7.075720858605898833e+00
1.372403680819303418e+02 6.705083328609489079e-01 7.093063271167545203e+00
1.371837374581939741e+02 7.055320937966479411e-01 7.204798717003948916e+00
1.372000382631370030e+02 7.263961321164711382e-01 7.142193611473272696e+00
1.371578519736220585e+02 7.155218430550044362e-01 7.157325265007652426e+00
1.369073134553974569e+02 7.172531319086219437e-01 7.139073512461500570e+00
1.367965393118304007e+02 7.217880222209624996e-01 7.148388932978099852e+00
1.367115384615384528e+02 7.313042061107647429e-01 7.084268654460253778e+00
1.366759809062222359e+02 7.209944164163029079e-01 7.158405844339889690e+00
1.366397690985016027e+02 7.155667195737203112e-01 7.146743854278858166e+00
1.367097434007898187e+02 7.142227859342819007e-01 7.170448103848988453e+00
1.370033586531375818e+02 6.920490618445666042e-01 7.076290081816979161e+00
1.370526106324282409e+02 6.951278272206791176e-01 7.110520236948018713e+00
1.369923615441301479e+02 6.679043138144096226e-01 7.235920582733404771e+00
1.367538310375451260e+02 7.071523723144946816e-01 7.254259726394951535e+00
1.366242725280123977e+02 7.104460725960357603e-01 7.251077036449181001e+00
1.364166631237836214e+02 7.212306086200707123e-01 7.219775664644861202e+00
1.362377794153770481e+02 7.303499896075430486e-01 7.205749390624114348e+00
1.361202513557432496e+02 7.317387997656973342e-01 7.202747387714226512e+00
1.362340617500897508e+02 7.156942633637548568e-01 7.268127751639173795e+00
1.364408007860476459e+02 6.841732328099313643e-01 7.271146288003325964e+00
1.366220818453224410e+02 7.212176180488634181e-01 7.203924805850008717e+00
1.369289746424049952e+02 7.280341250496004113e-01 7.122536515314702221e+00
1.374896512385919038e+02 6.991489994898247851e-01 7.181792415395952922e+00
1.381306379079039459e+02 6.660490240538140538e-01 7.130126551782778321e+00
1.389807219923284833e+02 6.192959582790090733e-01 7.202332870396613629e+00
1.397391020917181663e+02 6.421499159155754644e-01 7.173497345199630004e+00
1.404000942406892989e+02 6.543291669028589164e-01 7.224951816790431636e+00
1.412831826427073167e+02 6.190833852956181271e-01 7.207980225988700695e+00
1.420607108440564730e+02 6.363206923265877224e-01 7.220209077338775039e+00
1.426269828335506418e+02 6.409524214424729971e-01 7.222300559303138634e+00
1.434458848232337687e+02 6.509941329856584469e-01 7.647079247208208308e+00
1.434731874610282887e+02 6.290058197759008651e-01 7.635799888517279754e+00
1.435069995559586573e+02 6.767048353267954841e-01 7.463631124463844024e+00
1.435388784177011985e+02 6.944853844264308185e-01 7.527939175783685322e+00
1.435398668820739658e+02 7.328737033048012828e-01 7.652841156019122515e+00
1.434627784706082423e+02 7.430252442227387455e-01 7.639967499952761365e+00
1.434688804961925825e+02 7.167464996315401349e-01 7.684319671976266974e+00
1.435301310394346501e+02 7.263984940385087574e-01 7.605823554976097078e+00
1.435405305821665536e+02 7.295670124520530209e-01 7.635035806738090791e+00
1.436055519339417685e+02 7.225733612984902576e-01 7.658810913969351652e+00
1.436687841297734565e+02 7.314612739262702501e-01 7.691361742531602097e+00
1.436447645636112895e+02 7.503318500462936580e-01 7.764506925155414407e+00
1.437042672845454661e+02 7.636330140014738754e-01 7.697417710636207389e+00
1.437439900893751314e+02 7.765527275475690994e-01 7.579040540029854611e+00
1.437251112465279732e+02 7.668062562590933773e-01 7.508462766660998433e+00
1.436424486990533467e+02 7.549588553181036943e-01 7.528920554390341024e+00
1.437746466564631760e+02 7.487033048013150838e-01 7.507096394762201363e+00
1.438948732120250042e+02 7.388375564499366499e-01 7.533691636906448608e+00
1.441837280105058312e+02 7.274436445401810669e-01 7.484104264686431307e+00
1.446206847684371724e+02 7.112810120363547428e-01 7.493700753925514491e+00
1.448449634374468644e+02 7.093595884587041711e-01 7.503907800011337059e+00
1.446480913308013498e+02 7.121218562817678288e-01 7.601399674999527178e+00
1.445300708104226999e+02 7.136370292689379058e-01 7.616864359541220431e+00
1.444250444041342973e+02 7.255930786236607366e-01 7.602769589781380510e+00
1.441218161290932187e+02 7.433925230995975797e-01 7.590561995729644629e+00
1.440212336791187226e+02 7.384242200933431866e-01 7.642195973395310205e+00
1.442526524384483082e+02 7.341562269712601507e-01 7.520869943124917079e+00
1.443738497439676394e+02 7.251372276703890174e-01 7.502573314060049903e+00
1.443878346843527254e+02 7.220053190484287953e-01 7.477020860495437127e+00
1.441747656973338678e+02 7.107129697862932804e-01 7.594880770175538309e+00
1.439969436728832477e+02 7.222155301097821223e-01 7.613078198514823036e+00
1.440377730381875665e+02 7.391611397690984742e-01 7.560610462369858453e+00
1.441183759896453296e+02 7.415230618067758517e-01 7.461818349299925934e+00
1.441621128809780146e+02 7.083971052283506431e-01 7.579549534228974039e+00
1.442391741303403023e+02 7.400185174687753387e-01 7.536447999924418717e+00
1.443751641535816077e+02 7.186939043516051839e-01 7.544188018441887245e+00
1.445268101770496685e+02 7.270338510666439769e-01 7.537121147705156510e+00
1.445801104907129115e+02 7.249057593106966735e-01 7.519326427073295349e+00
1.447147849233792556e+02 7.140350131322865668e-01 7.615769608676757230e+00
1.448630380458401703e+02 7.180939761540351407e-01 7.618994813219205575e+00
1.450679324206866454e+02 7.234744345558641321e-01 7.540622697126012852e+00
1.451910275305632751e+02 7.234142055439034547e-01 7.571618200026453138e+00
1.452170039491336411e+02 7.298244619541598421e-01 7.658814456852407915e+00
1.452886457683804906e+02 7.350927290591992014e-01 7.519973593711618776e+00
1.454377964212157224e+02 7.025643387563063058e-01 7.554999716569355428e+00
1.456302340192355018e+02 7.107094269032367961e-01 7.470630680422500447e+00
1.458332695614383283e+02 7.172047125068495843e-01 7.568987018876480732e+00
1.460714812085482777e+02 7.160745328118209851e-01 7.546993981822647690e+00
1.460670490618445569e+02 7.136311244638436913e-01 7.634526812538971363e+00
1.462197721217617925e+02 7.164961358955463933e-01 7.581287908848704404e+00
1.463795100901309354e+02 6.923254067229749342e-01 7.642179439941046759e+00
1.464780601061920038e+02 7.267303440848024154e-01 7.580266377567409286e+00
1.463492904786198778e+02 7.304609999433138157e-01 7.573977760142093452e+00
1.460136637189879707e+02 7.396748578122933626e-01 7.643748937135082855e+00
1.455761365568845349e+02 7.431043686110009316e-01 7.613613173856357719e+00
1.443321204863669891e+02 7.581380023808174107e-01 7.605346446724486675e+00
1.432150234775050421e+02 7.473451996296506250e-01 7.334069072048070126e+00
1.425644556714472060e+02 7.307101827182888032e-01 7.290293209001757369e+00
1.420786708992309570e+02 6.858289401583432809e-01 7.391532273302722444e+00
1.419382192052604807e+02 7.241641157908659254e-01 7.305721283751865691e+00
1.425332475955633527e+02 6.684310224288116942e-01 7.533813275891389161e+00
1.427632208586059051e+02 6.210591330801352727e-01 7.514214046822742077e+00
1.426999024526198525e+02 6.893659184097651327e-01 7.362387336318803044e+00
1.426893718232148558e+02 6.930717740868809207e-01 7.475056922321107855e+00
1.427270421177937862e+02 6.798461916369064051e-01 7.513536175197929268e+00
1.429739539047295125e+02 6.740937305141432301e-01 7.454334599323545696e+00
1.432137740207471097e+02 6.909472252139901016e-01 7.448409717892031878e+00
1.435888307068760241e+02 6.725254142811254443e-01 7.372199941424333325e+00
1.438447343310091924e+02 6.795993707839691478e-01 7.426565481926572510e+00
1.441071852030308094e+02 6.773331065888177349e-01 7.388797167583092573e+00
1.443833741945845759e+02 6.646484042854713392e-01 7.409859607354080779e+00
1.445086422727358695e+02 6.808559133080135384e-01 7.420549666496608410e+00
1.445461968331349283e+02 6.917561835118946068e-01 7.442021899741133595e+00
1.446840232507605322e+02 7.058379627005272328e-01 7.451898276741681038e+00
1.447171527502220272e+02 7.104484345180733795e-01 7.436835118946393486e+00
1.446671662131776372e+02 7.151675547493527851e-01 7.441496372087749833e+00
1.448462672184116684e+02 7.171137785083989691e-01 7.448115658598340794e+00
1.451857309203937803e+02 6.960997581391833444e-01 7.367172590367137452e+00
1.452794744251081624e+02 6.995599739243807402e-01 7.439825312246093780e+00
1.453572737751072452e+02 7.273621582298811505e-01 7.441189322222852454e+00
1.455880725299019218e+02 7.292576006651172449e-01 7.435434499178050771e+00
1.457165244789599967e+02 7.278487141696426965e-01 7.400300908867600391e+00
1.457440644899193103e+02 7.413423747708935974e-01 7.495019887383556956e+00
1.458192704495210137e+02 7.315061504449861252e-01 7.483875158248776138e+00
1.459389620297413330e+02 6.877798877614648143e-01 7.530466432364000262e+00
1.458905993140978410e+02 7.171196833134931836e-01 7.461921092908565534e+00
1.455511297073106221e+02 7.360634790166845631e-01 7.520438892353041638e+00
1.453118256712582479e+02 7.411699544621430658e-01 7.565842119683313882e+00
1.452718773028739747e+02 7.311128904257128136e-01 7.579231855714906985e+00
1.453314969389490443e+02 7.196528446989022276e-01 7.481721085350415024e+00
1.453919432477372879e+02 6.634036713716153777e-01 7.541580456512291697e+00
1.453006998374997636e+02 7.001268352134232265e-01 7.486159136859210861e+00
1.451863237628252250e+02 7.118490542864160942e-01 7.470812548419401899e+00
1.452745852464901759e+02 7.125092114959469258e-01 7.424411409028210507e+00
1.454119947848761285e+02 7.118195302609451325e-01 7.359509334315893270e+00
1.455771899741133382e+02 7.387407176463919312e-01 7.259292982257242066e+00
1.457544510420800066e+02 7.250651890482399109e-01 7.364654781474973433e+00
1.459254317593484984e+02 7.212211609319200134e-01 7.361252432779698651e+00
1.460004286888498370e+02 7.324273000396802624e-01 7.470681461746310426e+00
1.460599751053417208e+02 7.353301022239857598e-01 7.427675585284281290e+00
1.461665095988511496e+02 7.341703985034861990e-01 7.474869149519112632e+00
1.462470617689851338e+02 7.510900270203880735e-01 7.408107061202123589e+00
1.462309322033898411e+02 7.448250288154488752e-01 7.454518829242484657e+00
1.461758970579899142e+02 7.381585038641044205e-01 7.451882924248436346e+00
1.462065453583508088e+02 7.299957013018913976e-01 7.452523005120647248e+00
1.464672460461425203e+02 7.227918390869754184e-01 7.442050242805585469e+00
1.467158749503996376e+02 6.986612625890444850e-01 7.500449946148177283e+00
1.467776722785934282e+02 7.268744213291007394e-01 7.405990779056365270e+00
1.468008084859135067e+02 7.303736088279197958e-01 7.500423965005762916e+00
1.467011460045726778e+02 7.379518356858076888e-01 7.410992148971146776e+00
1.465196630009636749e+02 7.026210248852106099e-01 7.606934839294824613e+00
1.464050719913837213e+02 7.241960017383746173e-01 7.597774124671692775e+00
1.463464195623830904e+02 7.285962624945675481e-01 7.547126249456757918e+00
1.461877184777884793e+02 7.256733839729417879e-01 7.588500037790752550e+00
1.461560415603801744e+02 6.971212894204787958e-01 7.540972261587589820e+00
1.462135614477637375e+02 7.228402584887477778e-01 7.433968926553672141e+00
1.463026543279859482e+02 7.247616820663983495e-01 7.487723910209171940e+00
1.463664179562761092e+02 6.958045178844736167e-01 7.583374666968992983e+00
1.462943876008540656e+02 7.153010033444816562e-01 7.601890954783364407e+00
1.463672304574570546e+02 7.308330026642481103e-01 7.528501313228653125e+00
1.465887870113183169e+02 6.512704778640666659e-01 7.668880968576988977e+00
1.465995243089016071e+02 6.272414640137558006e-01 7.650682359276684608e+00
1.466236962190351960e+02 6.915093626589573494e-01 7.491630529259490245e+00
1.465651441717211867e+02 6.903118681858548822e-01 7.580527369952572592e+00
1.465361397690984973e+02 6.896847778848516075e-01 7.659267945883642348e+00
1.466027695897813885e+02 7.036768040360523724e-01 7.620048230448009718e+00
1.466246669689926989e+02 6.985644237854996552e-01 7.693343395121213568e+00
1.467445864746896405e+02 6.960926723730702648e-01 7.737982540672297738e+00
1.469320321504827689e+02 7.147683899249853701e-01 7.690259905901026372e+00
1.470500266897190329e+02 7.161253141356309637e-01 7.633236022145380772e+00
1.471156869414054427e+02 7.061993367722918524e-01 7.601966536288569998e+00
1.472050514426619827e+02 7.047998979649680029e-01 7.736942114014700778e+00
1.471520026736957334e+02 7.151935358917672625e-01 7.598607883150992670e+00
1.470622295599266920e+02 7.505715851331179467e-01 7.540332180715378918e+00
1.469127234378247522e+02 7.392071972488332143e-01 7.629337669822194634e+00
1.468757416435198309e+02 7.533669198647090504e-01 7.606509693328042943e+00
1.469102304291139944e+02 7.509176067116376529e-01 7.579868393704060736e+00
1.470111152051093200e+02 7.440444135819964666e-01 7.677033142490032880e+00
1.470811804413959862e+02 7.315604746518526991e-01 7.613229361525235106e+00
1.470205971411295707e+02 7.444565689775711759e-01 7.655344793379059709e+00
1.470712095875139482e+02 7.483986168584547682e-01 7.691190503183871208e+00
1.471363218732876135e+02 7.485958373486008011e-01 7.652653383217126404e+00
1.471265742210381120e+02 7.503885361751979621e-01 7.667653950078415548e+00
1.471345953082780511e+02 7.620198212497402146e-01 7.646116763977854447e+00
1.471745212384029742e+02 7.465456890198968187e-01 7.598141403548551942e+00
1.471485023052359224e+02 7.566228293936473337e-01 7.653047824197418691e+00
1.472167122517620044e+02 7.474314097840258908e-01 7.594584348959809716e+00
1.473478733253972734e+02 7.396972960716512446e-01 7.575277998223834963e+00
1.475270463692534406e+02 7.258517090867864230e-01 7.538834722143491263e+00
1.475252170606352706e+02 7.452300984449105048e-01 7.629805330385655004e+00
1.476747893165542393e+02 7.035799652325076536e-01 7.666158853428566289e+00
1.477978064830035976e+02 7.187210664550384154e-01 7.600164389773822471e+00
1.478673332010656907e+02 7.266594864236721740e-01 7.616401422821835077e+00
1.479531182094741553e+02 7.304255711127487505e-01 7.567593484874251430e+00
1.480462806813672785e+02 6.899304177767699997e-01 7.742953205600589861e+00
1.480955137652816234e+02 7.184825123292329918e-01 7.711194801881979366e+00
1.481191825860211964e+02 7.267551442661980277e-01 7.691199950872021240e+00
1.482173287134138207e+02 6.932418324735937221e-01 7.635618020520378302e+00
1.482860134062694897e+02 7.205373845020123236e-01 7.684147251667517331e+00
1.481673492621355592e+02 7.288194641271280583e-01 7.755443049335827510e+00
1.479421683389074644e+02 7.350006140997298321e-01 7.807529335071707877e+00
1.478897950796440171e+02 7.381242559945581094e-01 7.798184390529637078e+00
1.479417372881355845e+02 7.453411087806813828e-01 7.788956361128431816e+00
1.480155934092927339e+02 7.301197022088694588e-01 7.833968690361468923e+00
1.480776989683124611e+02 7.265957145286547902e-01 7.771688349110972283e+00
1.481398186988643886e+02 7.399889934433043770e-01 7.742193847665475914e+00
1.483052843281749062e+02 6.968484874251270611e-01 7.771321070234114003e+00
1.483534415566010978e+02 7.077239574476125172e-01 7.932189218298282718e+00
1.484460336243221263e+02 7.082223229975624923e-01 7.890262740207471204e+00
1.484210267747482135e+02 7.243022882300701459e-01 7.754639995843016997e+00
1.484218085709426873e+02 7.270492035598888902e-01 7.844839436539878363e+00
1.484567969030478309e+02 7.217301551310394414e-01 7.778723333900194881e+00
1.484242011979668519e+02 7.334252121005989666e-01 7.792547663586720574e+00
1.484155412108157179e+02 6.981321920526046831e-01 7.865875895168452203e+00
1.483524034918655445e+02 7.198807701755380872e-01 7.870612729815014141e+00
1.484343385673525688e+02 7.241357727264138289e-01 7.792130784347070183e+00
1.483913149764752575e+02 7.343546284224250487e-01 7.807321485932392058e+00
1.484340067173062891e+02 6.920100901309449437e-01 7.859388876291971471e+00
1.484622848289023693e+02 7.167394138654271663e-01 7.805450843678551465e+00
1.484841432364000582e+02 7.228331727226348091e-01 7.792120155697900508e+00
1.486542984619163690e+02 6.425018422991893852e-01 7.923212733594089840e+00
1.486875602290119502e+02 6.139556525518206076e-01 7.964861685845473716e+00
1.486349850254142950e+02 6.760080683256807221e-01 7.877541428112540878e+00
1.486710196889821134e+02 6.861430757893542953e-01 7.890692610018328779e+00
1.486663867789052063e+02 6.832013018914271374e-01 7.941313323129830515e+00
1.486127687867278837e+02 7.113306123991459673e-01 7.959536732611529608e+00
1.485366865540502204e+02 7.003783799104359442e-01 8.012672892693158744e+00
1.485677174857812304e+02 7.100173837461972726e-01 7.945326228671843793e+00
1.485683835477958610e+02 7.126143170266235893e-01 8.055837017931711586e+00
1.485704608582279889e+02 7.167854713451617954e-01 8.064736740169680118e+00
1.486328356763600027e+02 7.369787238062845969e-01 8.041323007010184654e+00
1.486409866693120136e+02 7.342365323205412020e-01 8.002150530015304852e+00
1.485812335846418364e+02 7.433240273605048465e-01 7.982630425334920510e+00
1.485682323847854320e+02 7.438188500273983372e-01 7.879079039359068837e+00
1.485680528787105743e+02 7.407885040530581833e-01 7.881422066020444817e+00
1.484723619692761076e+02 7.433523704249570541e-01 7.893463144568523937e+00
1.485199499744912544e+02 7.273196436332030057e-01 7.844995323394365450e+00
1.485529897209152921e+02 7.267598681102733771e-01 7.757625465298641387e+00
1.485908879409708447e+02 7.348482701282995633e-01 7.789316554239177570e+00
1.486379043610528470e+02 7.324521002210758747e-01 7.832124029250042696e+00
1.487345553917956238e+02 7.365760160988605865e-01 7.864864992536326760e+00
1.488212934357462700e+02 7.333094779207527392e-01 7.896244307767888770e+00
1.488354484345180708e+02 7.550970277573078038e-01 7.823284536024035063e+00
1.488428554220282365e+02 7.446608752338302883e-01 7.865644426808759526e+00
1.488973591349696619e+02 7.414533851066643644e-01 7.815238648602687022e+00
1.489176102545207243e+02 7.339967972337169133e-01 7.798512697692874696e+00
1.489188927781871712e+02 7.291513141734217163e-01 7.823007010184607424e+00
1.489403000585756729e+02 7.340393118303950581e-01 7.783417653950078119e+00
1.490335688169604964e+02 7.420474084991403041e-01 7.768957967235417428e+00
1.491329490486178031e+02 7.279514577782816298e-01 7.858370887893732615e+00
1.491008068325680824e+02 7.278451712865862122e-01 7.833601411484609756e+00
1.489567036071273378e+02 7.475436010808155229e-01 7.838829525915008922e+00
1.488668171211004676e+02 7.494567579313341499e-01 7.799179940668518718e+00
1.488915051111992796e+02 7.473570092398390541e-01 7.803133798159590739e+00
1.489003953857491069e+02 7.077959960697617348e-01 7.935312860193111106e+00
1.488253500368459754e+02 7.249352833361676351e-01 7.939004544338000180e+00
1.487293237344821648e+02 7.205503750732196178e-01 7.902515210777922405e+00
1.486348681102734020e+02 7.317494284148668982e-01 7.881980660582355469e+00
1.486574693422519431e+02 7.346238875347202990e-01 7.824735937116187756e+00
1.486920667762598498e+02 7.314258450957050739e-01 7.803799860174215119e+00
1.486964221604973204e+02 7.355887326871114462e-01 7.870017525461519448e+00
1.487054376169151340e+02 7.286683011167167656e-01 7.898268474954178942e+00
1.487542998790695776e+02 7.288962265933526252e-01 7.851922840730873432e+00
1.487782840164011873e+02 7.276349602252328852e-01 7.867246990911324289e+00
1.488069010638096756e+02 7.383391908999867859e-01 7.904441358199648882e+00
1.488697199232847765e+02 7.330685618729096964e-01 7.902386486026869328e+00
1.489463914555108488e+02 7.253415339266481299e-01 7.913002144625210121e+00
1.489951568788617351e+02 7.386604122971108799e-01 7.852131870831208005e+00
1.490696802429945365e+02 7.227032670105625334e-01 7.898763297621072432e+00
1.491032833078245687e+02 7.191769174083101346e-01 7.963043005876461855e+00
1.492346557734822170e+02 7.209554447026812474e-01 7.956481586455794286e+00
1.493276446441055896e+02 7.368311036789297885e-01 7.896119125899891955e+00
1.493817338397294066e+02 7.372680592559001100e-01 7.950938155433365573e+00
1.494223825179978462e+02 7.346416019500028316e-01 7.921741256164616551e+00
1.494904885399542707e+02 6.939173421763694671e-01 8.041056109819926689e+00
1.494157892126296758e+02 7.342129131001643438e-01 7.955504931693214488e+00
1.492471763222039556e+02 7.292788579634563728e-01 8.022401649566351267e+00
1.490981284129773314e+02 7.408451901819624874e-01 8.017747482191108332e+00
1.491046260605029943e+02 7.172602176747350233e-01 8.036631048882338035e+00
1.491765619390435234e+02 6.989328836233773545e-01 8.053476276855054294e+00
1.494048511516731992e+02 6.419326190881091687e-01 7.993050044404133914e+00
1.493564211212516284e+02 6.135151540917936908e-01 8.128095298830375626e+00
1.492650867770156538e+02 6.779779113051036532e-01 8.094380042703550160e+00
1.492834861496891676e+02 7.106149500217296966e-01 8.076427073295164405e+00
1.493145997486915064e+02 7.171173213914555644e-01 8.100991062487009842e+00
1.492616147516202716e+02 6.981274682085293337e-01 8.113960376395896290e+00
1.492965404927914221e+02 6.945727755418249494e-01 8.057699393458420900e+00
1.493443139088865053e+02 6.979751242370991760e-01 8.096163293841996733e+00
1.493650433176501622e+02 6.973610245073030844e-01 8.153004128639722126e+00
1.494059813313682241e+02 7.009228029401205484e-01 8.217042920847267951e+00
1.493957919996976784e+02 7.206448519547267173e-01 8.246217381856659756e+00
1.493874414243334741e+02 7.321521361222909086e-01 8.171399958430171750e+00
1.494598237061391046e+02 7.336413279670465082e-01 8.019340598605520398e+00
1.494459745762711975e+02 7.436003722389131765e-01 8.032606333730136328e+00
1.494611593730514016e+02 7.545431570394723897e-01 8.037712809175594941e+00
1.495422949379286877e+02 7.202905636490750663e-01 7.998312406704079613e+00
1.495628613740717583e+02 7.369515617028513654e-01 7.982674120892617964e+00
1.496386743476371350e+02 7.332575156359238955e-01 8.053314485195473438e+00
1.497789075638191321e+02 7.412821457589328089e-01 8.011637189879635912e+00
1.497609923851633482e+02 7.307007350301381043e-01 8.064367099370784331e+00
1.495851071367836198e+02 7.306924683030062706e-01 8.067567503731837064e+00
1.493853286850707605e+02 7.428551858360259441e-01 8.120073030629404442e+00
1.492295634695690012e+02 7.340983598813369815e-01 8.102360977268862285e+00
1.490722204901460657e+02 7.353017591595336633e-01 8.062006358294125263e+00
1.490588425637246530e+02 7.357292670483532859e-01 8.033877047786406322e+00
1.490819645995125029e+02 7.323965950531904356e-01 7.994734094816998038e+00
1.492046570016816815e+02 7.234000340116772954e-01 7.951461321164710938e+00
1.494314735559208600e+02 7.135909717892031656e-01 7.977611341004855916e+00
1.496028652476238960e+02 7.124548872890803519e-01 7.997124359919127734e+00
1.496637626835213553e+02 7.268826880562326842e-01 7.996627175330196735e+00
1.497035587079341781e+02 7.191592029930276020e-01 7.967978241974188691e+00
1.496628498006537882e+02 7.151108686204485920e-01 8.025689445042798909e+00
1.496300651418098084e+02 7.237224363698202545e-01 8.147846871870452645e+00
1.495003743646429655e+02 7.360859172760425562e-01 8.107677663775673338e+00
1.495180403605237700e+02 7.178530601061919869e-01 8.138855034673015965e+00
1.494360072652721954e+02 7.281226971260132963e-01 8.003960943257185434e+00
1.493468175462464274e+02 7.216770118851917326e-01 7.987570385276722362e+00
1.493529715341155963e+02 7.233610622980556348e-01 8.054175405778206454e+00
1.494177519698429819e+02 7.295020595960168830e-01 8.071335950342950483e+00
1.495352091718156657e+02 7.259792528768210795e-01 8.079958146741493152e+00
1.497132177881072437e+02 7.246258715492318592e-01 8.009016637378833181e+00
1.498393597774124544e+02 6.997418419212818597e-01 8.063516807437220990e+00
1.499951403454074921e+02 6.846042835818075822e-01 8.060652976966537153e+00
1.500218477788485245e+02 6.966264667535854160e-01 7.962753670426846675e+00
1.499023864860268702e+02 7.120911512952780020e-01 8.072344491053039306e+00
1.497297406137218161e+02 7.198795892145192221e-01 8.078376839937266851e+00
1.495966935453394626e+02 7.167807475010864460e-01 8.156303733726357308e+00
1.496094006859021590e+02 7.140409179373806703e-01 8.234901413374148049e+00
1.496434147251667639e+02 6.854994520340872421e-01 8.173757156623773668e+00
1.496347299378342086e+02 7.187116187668877165e-01 8.106305387071783386e+00
1.496263888101581472e+02 7.195158532207168722e-01 8.127513085048088115e+00
1.495251851746877492e+02 7.229311924871983930e-01 8.038994151881034611e+00
1.496589443625644833e+02 7.229441830584055761e-01 8.117472554465921419e+00
1.499586793549118511e+02 7.082636566332218830e-01 8.020480225988700695e+00
1.501269155187725630e+02 7.094021030553823159e-01 8.134716947263004982e+00
1.502910950815335411e+02 7.058911059463749416e-01 8.044427753528712088e+00
1.504193734293218370e+02 6.844932732460367042e-01 8.175401054361998376e+00
1.505018139561249484e+02 7.180325661810554871e-01 8.050388063790791193e+00
1.505728015229673247e+02 7.202988303762069000e-01 8.167669302571660239e+00
1.506102852257052689e+02 7.391115394063072497e-01 8.125268078151275830e+00
1.506662379778168201e+02 6.487644785820909643e-01 8.294280133401356281e+00
1.506299623982011724e+02 6.257629008181697650e-01 8.187920422122706654e+00
1.506177949568240706e+02 6.722384407535476614e-01 8.172401413374148049e+00
1.506441374733102805e+02 6.927422859626249929e-01 8.196438693951590082e+00
1.507394965326984391e+02 7.141566521172268978e-01 8.263004742739450847e+00
1.508199282448084944e+02 7.143515106853353114e-01 8.256835402377038946e+00
1.508427078019008718e+02 7.078172533681008627e-01 8.238799765697333299e+00
1.508232006877917115e+02 7.210074069875102021e-01 8.290791574551708010e+00
1.506938441225931911e+02 7.434043327097858977e-01 8.303988813937229096e+00
1.505590515938249894e+02 7.417214632579407496e-01 8.292963361865352212e+00
1.505268645012565401e+02 7.472932373448216703e-01 8.250157067815505840e+00
1.505795885059426098e+02 7.381112654233509263e-01 8.203791357254878847e+00
1.505691204674716062e+02 7.356347901668461864e-01 8.183692581675263256e+00
1.505719961075524793e+02 7.400220603518319340e-01 8.056598737788863929e+00
1.506012059973924408e+02 7.316100750146439236e-01 8.077436794966271094e+00
1.506493750354288181e+02 7.348624416605257226e-01 8.009277629763996487e+00
1.506747361733083892e+02 7.145806171229900361e-01 8.001525801636340418e+00
1.507269358313020859e+02 7.200992479640232480e-01 8.040099531394668375e+00
1.506506138635375862e+02 7.307739546133060760e-01 8.000240916047843598e+00
1.505861463824801945e+02 7.431882168433384672e-01 7.884485478903312305e+00
1.505760267275097704e+02 7.346073540804565205e-01 7.948208954518829472e+00
1.505658562912155389e+02 7.297240802675585281e-01 8.049418494794323919e+00
1.505953047351812870e+02 7.300193205222682558e-01 8.056831387109573583e+00
1.507870065944863427e+02 7.394315798424125896e-01 7.982102535759499240e+00
1.509352077546624287e+02 7.232287946639457399e-01 8.030680186308410740e+00
1.510785043837273065e+02 7.172354174933394111e-01 7.996513803072388349e+00
1.512245337565897501e+02 7.216498497817583901e-01 7.950677163048202267e+00
1.512942435236097651e+02 7.171090546643236197e-01 8.020644379570319060e+00
1.513161456266651612e+02 7.168610528503674972e-01 8.074150180450843095e+00
1.513368041777677035e+02 7.226761049071291909e-01 7.976301655234964372e+00
1.514111846456172259e+02 7.287438826219224675e-01 8.069961311717023023e+00
1.514788891408272491e+02 7.359973451996296712e-01 8.110967821174158487e+00
1.515769856678570875e+02 7.193658711713243337e-01 8.182732460366947791e+00
1.515406663926837041e+02 7.366350641498025098e-01 8.122799869621903923e+00
1.513341363868261453e+02 7.516391738941481382e-01 8.182147884662622772e+00
1.511709665457362632e+02 7.494461292821646969e-01 8.196719762674073095e+00
1.511163931560947162e+02 7.451497930956294535e-01 8.157469342251950195e+00
1.511894320522268060e+02 7.364921678665230509e-01 8.082859767964778896e+00
1.512537046747160900e+02 7.260867203295353622e-01 8.105196464675094248e+00
1.511361837008483917e+02 7.295363074655631941e-01 8.114984269599229805e+00
1.510260000377907659e+02 7.232406042741341690e-01 8.143478497061769517e+00
1.509271252574494895e+02 7.121738185665967835e-01 8.288470986149688358e+00
1.507884237477089471e+02 7.010845945997014050e-01 8.188466026113410123e+00
1.506123105738525680e+02 7.163213536647582425e-01 8.194119286510590072e+00
1.503724880959129280e+02 7.256037072728303006e-01 8.211960064622186195e+00
1.500531704079511712e+02 7.431716833890746887e-01 8.199304886344311427e+00
1.499444121648432713e+02 7.429791867430040053e-01 8.241154601968897708e+00
1.497180420138691943e+02 7.307066398352323189e-01 8.203330782457532777e+00
1.496597096253046857e+02 7.318994104642594367e-01 8.309066946318235836e+00
1.493956148555448351e+02 7.290497515258016481e-01 8.198824235209643874e+00
1.490987188934867618e+02 7.288879598662206805e-01 8.223146127392627847e+00
1.490254284526576214e+02 7.354222171834552402e-01 8.134146543090905013e+00
1.490248651342516553e+02 7.109645144833058872e-01 8.173422944655442279e+00
1.490609458552991953e+02 6.893611945656897833e-01 8.218600608431117394e+00
1.490238235266330378e+02 7.213250855015778118e-01 8.170354807928500662e+00
1.491486310299869729e+02 7.224068457948340516e-01 8.141865304310035967e+00
1.492932680498082050e+02 7.141200423256429675e-01 8.083302628346842766e+00
1.494208094779207556e+02 7.240448387279632136e-01 8.154979876424238938e+00
1.494974951816790565e+02 6.891084689076583114e-01 8.208952156907205477e+00
1.494294529316176465e+02 7.034595072085860767e-01 8.164589356234529305e+00
1.489024443531168060e+02 6.520569979026131779e-01 8.300770695160894164e+00
1.488943323318783882e+02 6.240800313663246168e-01 8.247340475785575720e+00
1.488303986452015124e+02 6.786120873722200075e-01 8.128016174442114661e+00
1.488360282863783368e+02 6.843326625474746017e-01 8.239348912571093919e+00
1.488892801806397870e+02 6.964316081854770024e-01 8.289735795400865470e+00
1.489063261719857110e+02 7.104295391417719818e-01 8.397288277308541993e+00
1.490099873873363094e+02 6.963560266802713006e-01 8.326192062052415466e+00
1.490993022882300636e+02 6.973279575987755274e-01 8.285022579974679502e+00
1.491812881450408952e+02 6.953451240481454132e-01 8.300320749012715993e+00
1.492573136915896725e+02 7.003311414696823389e-01 8.350151399202614400e+00
1.493244123537970154e+02 6.974968350244694637e-01 8.347158843980878373e+00
1.494015964231052749e+02 7.028194263363755079e-01 8.293892778187178294e+00
1.494618041777677035e+02 7.121348468529751230e-01 8.413904398843602195e+00
1.495645336148744491e+02 7.379896264384104843e-01 8.218168376698221422e+00
1.496211725053379382e+02 7.472519037091623906e-01 8.205032547285679101e+00
1.496379079039359112e+02 7.517856130604840814e-01 8.128480292122517881e+00
1.497928688849838466e+02 7.385116112087372064e-01 8.137760283808551875e+00
1.498354071008824064e+02 7.378490920771687556e-01 8.152547096725431430e+00
1.498328172533680913e+02 7.366846645125937343e-01 8.154707074428888092e+00
1.498910114694934066e+02 7.380793794758422344e-01 8.207824339134214497e+00
1.500594176917408333e+02 7.238369895886476169e-01 8.159459261568693833e+00
1.500802675585284192e+02 7.349923473725978873e-01 8.137429614723277638e+00
1.500792979895319661e+02 7.546683389074693160e-01 8.170162311282428647e+00
1.501933823668348396e+02 7.577978856073919189e-01 8.166441103112068944e+00
1.502304480093721111e+02 7.451745932770250658e-01 8.181544413581995911e+00
1.503842492866995428e+02 7.338657105606257725e-01 8.186981558112730539e+00
1.504804220282296967e+02 7.360044309657426398e-01 8.216827985941840495e+00
1.503131282712620305e+02 7.509506736201650989e-01 8.186872909698996281e+00
1.500601640591047499e+02 7.458335695255371434e-01 8.171738894242578155e+00
1.498874874818131957e+02 7.441601477618426941e-01 8.201130652079436700e+00
1.497902684088203671e+02 7.447411805831113396e-01 8.127354836271564409e+00
1.498176525329251945e+02 7.363976909850159513e-01 8.234564839483779153e+00
1.498713130396991744e+02 7.374168603442737835e-01 8.346426648149197547e+00
1.498583567163614987e+02 7.366409689548967243e-01 8.156025026925911803e+00
1.498258578500840770e+02 7.344219432004988057e-01 8.186966205619484072e+00
1.497769967688906547e+02 7.532086710881846781e-01 8.146348232337546236e+00
1.498405832530279724e+02 7.551029325624020183e-01 8.157484694745196663e+00
1.499406165561287025e+02 7.514336866768701606e-01 8.181425136519093755e+00
1.500113147875214850e+02 7.427429945392362010e-01 8.235682028607600458e+00
1.500954263741662373e+02 7.616608091000132141e-01 8.216843338435085187e+00
1.501854982710730724e+02 7.491426223003231355e-01 8.225360429302948972e+00
1.502759693328042658e+02 7.431209020652645991e-01 8.175838009938967588e+00
1.504132253462577751e+02 7.446833134931881704e-01 8.087389934433044658e+00
1.504385486933847176e+02 7.413128507454226357e-01 8.111871256353570203e+00
1.505479092266122620e+02 7.369775428452657318e-01 8.123105738525783437e+00
1.506475752508361268e+02 7.443183965383670664e-01 8.092661744421139502e+00
1.506952093135309667e+02 7.439109649868677065e-01 7.969147393382839617e+00
1.507491190030799544e+02 7.231473083536458235e-01 8.121020161366514500e+00
1.507835912552198465e+02 7.605152769117397016e-01 8.038832360221453754e+00
1.508924557848194468e+02 7.479333182170322392e-01 8.095716890576875713e+00
1.509885871927139362e+02 7.439794607259603287e-01 8.082457060257354442e+00
1.510620949303705345e+02 7.421336186535154589e-01 8.042766141375205180e+00
1.511263545622886113e+02 6.734890784724977264e-01 8.284270307805680744e+00
1.511564265536723042e+02 7.130323772272925131e-01 8.158030298735900132e+00
1.511541650133212329e+02 7.247664059104736989e-01 8.146819435784063757e+00
1.510875316497553058e+02 7.380345029571263593e-01 8.188416425750618899e+00
1.509446471760860220e+02 7.235098633864293083e-01 8.143510383009276765e+00
1.507023883755645102e+02 7.293745158059822264e-01 8.034447451958506292e+00
1.506168029495682390e+02 7.285620146250212370e-01 8.055468558093833664e+00
1.505736447291347702e+02 7.139062883812331561e-01 8.199002560323489064e+00
1.506117944938873450e+02 6.360502522532736069e-01 8.133916255692232866e+00
1.505606447102394156e+02 6.265128110651323468e-01 8.161772764204599184e+00
1.505036255503278255e+02 6.848239423313114971e-01 8.086218421102357112e+00
1.505066181055495633e+02 7.083604954367666018e-01 8.165661668839634402e+00
1.504996433497722990e+02 7.301858360259244618e-01 8.162604160761862460e+00
1.503608202010468062e+02 7.143763108667309236e-01 8.266512196965402737e+00
1.501520487311754835e+02 7.030426279689360181e-01 8.245830026642479993e+00
1.500742281238781004e+02 7.046806209020652911e-01 8.220152391209870402e+00
1.499675105814107212e+02 7.110365531054551047e-01 8.123807229370973104e+00
1.498147107590272640e+02 6.987982540672297294e-01 8.201360939478108847e+00
1.497691421971543662e+02 6.947026812538972251e-01 8.223124870094288497e+00
1.497384419345086144e+02 6.993426770969143336e-01 8.194173610717458089e+00
1.496767036543657809e+02 7.185958845870416001e-01 8.268004931693214488e+00
1.495487217277932075e+02 7.207357859531772215e-01 8.171914857434385837e+00
1.492554347826086882e+02 7.346416019500028316e-01 8.066765631200045306e+00
1.488856676208831686e+02 7.401354326096404312e-01 8.014621478374241548e+00
1.486148331065888044e+02 7.550049127978383234e-01 7.987772329610944411e+00
1.485449343858057887e+02 7.361922037677380848e-01 7.931125172420308900e+00
1.485662141224042614e+02 7.284332898739678264e-01 7.920687838935812408e+00
1.485897719328080484e+02 7.306416869791961810e-01 7.911326360939478164e+00
1.487024958430172035e+02 7.155820720669652246e-01 7.974862063752999219e+00
1.488321830773009822e+02 7.195796251157341450e-01 8.010233027228236935e+00
1.488484000340116893e+02 7.199929614723277194e-01 8.015624114279235712e+00
1.487272983863348657e+02 7.403645390472951560e-01 8.011201415263684567e+00
1.486064553691211643e+02 7.507168433384351358e-01 7.973842894393741609e+00
1.486210402377038235e+02 7.370602101165845133e-01 7.932730098444910283e+00
1.487277979328458457e+02 7.237200744477826353e-01 7.992713470513765017e+00
1.486797009334315760e+02 7.383793435746273115e-01 8.000534975341533794e+00
1.485896373032518909e+02 7.436865823932883313e-01 8.009466583527011352e+00
1.486368686582393366e+02 7.504310507718761070e-01 7.914975530487689426e+00
1.486230797573833797e+02 7.463909831264289307e-01 7.963385484571925410e+00
1.485849004686053263e+02 7.445581316251913551e-01 7.982623339568807097e+00
1.485385607391871190e+02 7.465126221113693727e-01 7.883378918428660675e+00
1.484492375715662433e+02 7.454202331689435690e-01 7.833736041040757492e+00
1.484406023845965024e+02 7.398059444853843925e-01 7.833039274039642841e+00
1.484898071254463900e+02 7.299567295882697371e-01 7.871069761729304837e+00
1.484701287719894935e+02 7.457190163067097810e-01 7.922676577291536404e+00
1.483961604595355652e+02 7.354092266122479460e-01 7.956359947470853733e+00
1.484294635602668109e+02 7.366421499159155895e-01 7.900891389377019181e+00
1.484970133495833693e+02 7.359382971486877478e-01 7.846003864104453385e+00
1.485534278574532721e+02 7.362618804678495721e-01 7.726413846531754004e+00
1.486595844434366995e+02 7.342270846323905031e-01 7.712486773236588711e+00
1.486627517808892094e+02 7.172578557526972931e-01 7.863327381289798801e+00
1.487137799255522168e+02 7.129131001643898013e-01 7.815101657124501777e+00
1.488384220943635228e+02 7.141814522986225100e-01 7.735156500954216696e+00
1.489591647298906025e+02 6.806575118568486404e-01 7.868692487198382324e+00
1.490248911153940696e+02 7.119411692458855745e-01 7.798352086994312593e+00
1.490971186913062354e+02 7.251702945789165744e-01 7.777372314494643391e+00
1.491449251743098330e+02 7.293792396500575759e-01 7.870384804338378615e+00
1.492198913988247000e+02 7.308778791829638743e-01 7.777211703796081288e+00
1.492339153109234076e+02 7.312120911512952626e-01 7.892436889443152914e+00
1.491293234982899776e+02 7.317139995843017219e-01 7.881222483608261165e+00
1.489681329478676446e+02 7.315439411975889206e-01 7.902005035617784223e+00
1.489584608771233718e+02 6.984664040209360714e-01 8.003872371180772660e+00
1.489153227330272387e+02 7.269169359257789953e-01 7.956668178296770755e+00
1.489487899873400920e+02 7.320257732932751171e-01 7.971152665192827058e+00
1.489338933450484603e+02 7.344833531734784593e-01 7.854392230221264981e+00
1.489178783326719895e+02 7.366374260718402400e-01 7.915168027133760553e+00
1.489579920355988918e+02 7.260938060956484419e-01 7.889515191882546574e+00
1.490526980235436270e+02 6.859612077924531759e-01 7.948268002569771618e+00
1.492781092341703868e+02 6.464486140241483270e-01 8.017749844113145841e+00
1.492796185023524629e+02 6.261904087069893876e-01 8.109171579464504731e+00
1.492315321315874144e+02 6.860981992706384203e-01 8.023106683294598085e+00
1.492705605313379920e+02 7.048471364057214972e-01 8.090939903255673471e+00
1.493282185911607485e+02 7.109054664323639638e-01 8.097967802278782656e+00
1.493672021143925974e+02 6.977684560588024443e-01 8.179007709313530938e+00
1.493790164484250624e+02 7.036024034918655357e-01 8.128686960300814945e+00
1.494823080229767811e+02 7.360410407573266811e-01 8.042488615535777541e+00
1.494623119910058051e+02 7.292221718345520687e-01 8.095687366551404196e+00
1.494416416302930770e+02 7.194343669104170669e-01 8.160150123764715602e+00
1.495398172817111515e+02 7.147199705232130107e-01 8.222468255767813261e+00
1.496754553785688699e+02 7.291430474462898825e-01 8.141194518451335682e+00
1.496751329762107332e+02 7.173913043478260532e-01 8.143541087995767924e+00
1.497777065264629641e+02 7.285372144436256248e-01 7.998610008880826960e+00
1.498623034880864680e+02 7.324426525329251758e-01 8.011543893959148122e+00
1.498387421347996167e+02 7.453836233773595277e-01 7.956799264969862229e+00
1.499201717589705822e+02 6.891899552179581168e-01 8.019308712658013150e+00
1.499392159363603696e+02 7.228626967481057708e-01 7.973002050148328301e+00
1.499294210456701251e+02 7.138354307201028037e-01 8.031467887307975673e+00
1.497664248058500220e+02 7.315486650416642700e-01 7.975252961850235245e+00
1.494948120382442482e+02 7.365559397615403237e-01 8.043370793416851683e+00
1.494589887666987806e+02 7.249553596734878980e-01 7.989078472497779693e+00
1.494787084537913699e+02 7.337924909774578008e-01 7.893829242484364350e+00
1.495559551140335941e+02 7.264847041928840232e-01 7.962354505602479371e+00
1.495420764601402084e+02 7.268850499782703034e-01 7.976009957863310795e+00
1.496026266934981095e+02 7.432224647128847783e-01 7.882389273094873694e+00
1.496227006688963286e+02 7.410046199195057248e-01 7.888222039566917587e+00
1.495833061712299070e+02 7.399571074957957961e-01 7.980902679364359820e+00
1.495409380137180335e+02 7.456044630878824186e-01 7.886993840107325404e+00
1.496371355554295803e+02 7.337487954197607909e-01 7.911185826578236657e+00
1.496807366362451148e+02 7.312971203446516633e-01 7.943036345256316189e+00
1.497024958430172035e+02 7.260241293955369546e-01 7.914974349526670672e+00
1.497871553955747004e+02 7.021226593352606349e-01 7.977227528673733303e+00
1.498125212572983287e+02 7.312451580598227086e-01 7.881936965024658903e+00
1.498542528768210502e+02 7.287462445439600867e-01 7.855011053795136533e+00
1.498994092832983824e+02 7.355296846361695229e-01 7.942572227575912081e+00
1.499610093910020225e+02 7.415549477542845436e-01 7.955745847741058085e+00
1.500312494095194893e+02 7.371228010505829209e-01 7.954079511743476161e+00
1.500315233924758616e+02 7.443691778621771560e-01 7.871615365720008306e+00
1.501156869414054427e+02 7.444305878351566985e-01 7.830663180469739082e+00
1.501378051603272752e+02 7.310231373882810635e-01 8.005171428301494529e+00
1.502166496608279829e+02 7.267315250458212805e-01 7.882769542542940044e+00
1.503404934999905436e+02 7.116849007047975073e-01 7.863976909850159736e+00
1.504268430077659957e+02 7.098331538272584229e-01 7.866898607410766964e+00
1.504463831887836989e+02 7.253450768097046142e-01 7.782052463012300692e+00
1.505567617104094609e+02 6.806988454925080312e-01 7.853887959866220569e+00
1.504381046520416589e+02 7.025442624189860430e-01 7.905234964004308473e+00
1.501813731742342668e+02 7.244971467981784485e-01 7.957716871681499882e+00
1.500521465147478466e+02 6.846279028021843294e-01 7.941504638814882000e+00
1.500226307560040198e+02 7.346179827296260845e-01 7.868574391096498921e+00
1.500498660790204610e+02 7.315014266009107757e-01 7.930266613759613392e+00
1.500884764185703659e+02 7.212400563082214111e-01 7.931872720745233529e+00
1.500907993688944373e+02 7.293060200668896043e-01 7.997295599266859512e+00
