2.528718384872486240e+02 2.998855465678013643e-01 5.953205047185709731e+01
2.530290732782833345e+02 1.102948404673632227e-01 8.486365822660374647e+01
2.529505919278732620e+02 1.051374143354679297e-01 8.552429853387259584e+01
2.529629184923042260e+02 1.544454274800584337e-01 8.147515728569823068e+01
2.527432468964161387e+02 2.248764183799573102e-01 7.600980929109088891e+01
2.525626667649702313e+02 2.410912397483428726e-01 7.312409595831928755e+01
2.523532310274126473e+02 2.012765419615773488e-01 7.266106511908773768e+01
2.522887684670261876e+02 1.571329766318391163e-01 7.589228562801932298e+01
2.522709017947421728e+02 1.619024547803617486e-01 7.715968535838669595e+01
2.523133689332659344e+02 1.542224890461745823e-01 7.832628180822379704e+01
2.523095912678350885e+02 1.648796483541175029e-01 7.860497591562746322e+01
2.522122215902707580e+02 1.988716155488147452e-01 7.636159911807662581e+01
2.521192966380181986e+02 2.151057465453319884e-01 7.484181377092461673e+01
2.521310965762273781e+02 2.103292467138523636e-01 7.472572428659701416e+01
2.521603980592068410e+02 2.086352657004831024e-01 7.431297396359958896e+01
2.522331110970677344e+02 1.860517778901246977e-01 7.555438644534322634e+01
2.524024038731603241e+02 1.420065161217840821e-01 7.873260026963262703e+01
2.524504848472081733e+02 1.385553589484327663e-01 8.005982473879339523e+01
2.524187082209864172e+02 1.601716099314683672e-01 7.923098703797326436e+01
2.524283437254240994e+02 1.633770082013256963e-01 7.989884387990113623e+01
2.524288422649140671e+02 1.681991489720256194e-01 7.973516142849118182e+01
2.524228580356139844e+02 1.754139282103134578e-01 7.954001657117177615e+01
2.524583473766992370e+02 1.722173070441523346e-01 7.975655649646107292e+01
2.525184213852376161e+02 1.414237164363554566e-01 8.147769211324570904e+01
2.526029343613077174e+02 1.220508931580721323e-01 8.375089701999775116e+01
2.523719666329625966e+02 1.974111054937647547e-01 7.953002647174474760e+01
2.520722531176272412e+02 2.440579007976631798e-01 7.310779336591394895e+01
2.520154073278283420e+02 2.522241180766205959e-01 7.195829471407706990e+01
2.520015307268846243e+02 2.486500814515223146e-01 7.167370239298955426e+01
2.520546708235029882e+02 2.223398354117514797e-01 7.239335819009100703e+01
2.521491405460060662e+02 2.030635602741265033e-01 7.389441319795528784e+01
2.522167031794180332e+02 1.982712616559937080e-01 7.447079506516121228e+01
2.522247272076171214e+02 1.986083024379283191e-01 7.463423702392989867e+01
2.522453920205594784e+02 2.002566425120772819e-01 7.464556826480171026e+01
2.522525365829682187e+02 2.069799039433771470e-01 7.435122984776991473e+01
2.522472843641163820e+02 2.044292776092573871e-01 7.403747998820357168e+01
2.523543896051005504e+02 1.709744691607684441e-01 7.598539665487024308e+01
2.524895973766992370e+02 1.434494719694416331e-01 7.834601098191214419e+01
2.525972081788563059e+02 1.495706240871812198e-01 8.012789468879901733e+01
2.526519457083473696e+02 1.155927002583979346e-01 8.229092412369396925e+01
2.526422470087630643e+02 1.142340046062240155e-01 8.395982895180317485e+01
2.525989021598696809e+02 1.292200314571396447e-01 8.405082996292551911e+01
2.525550640377485649e+02 1.458754634310751586e-01 8.365484741882934827e+01
2.525873356926188080e+02 1.334277749691046011e-01 8.463440554432085605e+01
2.525506702196382491e+02 1.435793731041455912e-01 8.492736420065160985e+01
2.525417017750814637e+02 1.485770559487697984e-01 8.487905326648690618e+01
2.525815831788563059e+02 1.248946747556454323e-01 8.672906660768452980e+01
2.526434231406583422e+02 1.072158324907313831e-01 8.917475915627457539e+01
2.525333213964723029e+02 1.460632934501741309e-01 8.719770426075722014e+01
2.522312380631389601e+02 1.994754802831142648e-01 7.643924488821480168e+01
2.520617995871250514e+02 3.001646584653409611e-01 7.252122830299965983e+01
2.520211896837433869e+02 2.481919166385799236e-01 7.187514043365914063e+01
2.520769927536231876e+02 2.200911414447814796e-01 7.303298435569037395e+01
2.522200981631277443e+02 1.700950033704078102e-01 7.560022574710706067e+01
2.522709316368947441e+02 1.799306257723851388e-01 7.581822267160993079e+01
2.522957848837209269e+02 1.756842630041568487e-01 7.632881136950904022e+01
2.522880399674193939e+02 1.835783900685316328e-01 7.606838768115942173e+01
2.522742722025615194e+02 2.071045388158633815e-01 7.548430829401191033e+01
2.522412562492978338e+02 2.138471098752948996e-01 7.489171862712055372e+01
2.522481515419615903e+02 2.061021935737557542e-01 7.499955763397370845e+01
2.522726572154814164e+02 1.751681693068194712e-01 7.743109798056397608e+01
2.524083126193686155e+02 1.459755224132119888e-01 7.921289391641388988e+01
2.525212441017863227e+02 1.385711577350859369e-01 8.141155839231547020e+01
2.526221825497135285e+02 1.417677789012470602e-01 8.326220544039995275e+01
2.527292070413436704e+02 1.286407426131895293e-01 8.414081634086058159e+01
2.527937889703404153e+02 1.328256656555443227e-01 8.461475185372430019e+01
2.528292274042242411e+02 1.217261403213122095e-01 8.591052269407931874e+01
2.529012540725761085e+02 1.096927311538029443e-01 8.706147132344680983e+01
2.529194946494775991e+02 1.061590692057072238e-01 8.803626348163128057e+01
2.527742599146163229e+02 8.719876980114593668e-02 9.091404582350297403e+01
2.526907141753735573e+02 8.526429614650039845e-02 9.366316635771261190e+01
2.526326009718009118e+02 9.132576395910571576e-02 9.539242255083698296e+01
2.526449064711830204e+02 8.681608807999101340e-02 9.708067211549264641e+01
2.524797880856083623e+02 1.432054684866868877e-01 9.359543695933041363e+01
2.523847215200539154e+02 1.533342461521177424e-01 7.899131066734074125e+01
2.522475318784406113e+02 2.684722924390517962e-01 7.474295900741489618e+01
2.522441070525783573e+02 2.655898915852151210e-01 7.497272602797438878e+01
2.523129669419166419e+02 1.910283956858779830e-01 7.712123286709358183e+01
2.523626629030445940e+02 1.737919194472531126e-01 7.812894618582181749e+01
2.524387463487248624e+02 1.587128552971576179e-01 7.924892041624536887e+01
2.524896026429614722e+02 1.475518902370520080e-01 8.025098479103471050e+01
2.524466755842040300e+02 1.677339624761262915e-01 7.967570006179080622e+01
2.524542941102123450e+02 1.787457167733962349e-01 7.910940659757331161e+01
2.524715850044938747e+02 1.744150938096843129e-01 7.939878419559599365e+01
2.525522307886754163e+02 1.486946691382990682e-01 8.134518593416470367e+01
2.526030467082350413e+02 1.240748932704190538e-01 8.329129100662846952e+01
2.526312054123132214e+02 9.979742444669138790e-02 8.661854005167958803e+01
2.526363628384451090e+02 8.306475396022919289e-02 9.101381340579709445e+01
2.525735644169194529e+02 9.519295584765756491e-02 9.247353703235592093e+01
2.525383120576339877e+02 1.114305976856533043e-01 9.209049544994944370e+01
2.525484776991349349e+02 1.123047972137962008e-01 9.309626200707785415e+01
2.525358176047635084e+02 1.014422536793618684e-01 9.466046476519491648e+01
2.525589136754297215e+02 1.068752808673182758e-01 9.540619207111561195e+01
2.525508966689135946e+02 1.094733035613975891e-01 9.635967166610492995e+01
2.525708891557128482e+02 1.007909925851027955e-01 9.804820034265813433e+01
2.525748774716323908e+02 1.026376952027862055e-01 9.911552950511178040e+01
2.526502482164925425e+02 1.105599089989888761e-01 9.979245836142005999e+01
2.526221053112009827e+02 9.891795865633075391e-02 1.007985953123244514e+02
2.525709084653409775e+02 1.197074064711830116e-01 1.000490482108751849e+02
2.522392059178743864e+02 1.609159083249073197e-01 8.761503096562184112e+01
2.520058736377935134e+02 2.727379648354117392e-01 7.779685217953039000e+01
2.519919654392764983e+02 2.378700426918323729e-01 7.632148599876418871e+01
2.521154434894955614e+02 1.935210931356027286e-01 7.793220916189191882e+01
2.523118487389057520e+02 1.485489692169419118e-01 8.136914567183463021e+01
2.524527949809010181e+02 1.309210341534658983e-01 8.359957975227501947e+01
2.525031193826536366e+02 1.296079794405123053e-01 8.504449113863610421e+01
2.525148894787102449e+02 1.379234074823053602e-01 8.500965305864509958e+01
2.523303262976070016e+02 2.057089793281653700e-01 8.142734313560274018e+01
2.522507864284911818e+02 2.094287158746208355e-01 8.033124789349511730e+01
2.523266311369509083e+02 1.755069655094933234e-01 8.188618027468824323e+01
2.524032622739018166e+02 1.516174446691382904e-01 8.369945265981350246e+01
2.525069444444444571e+02 1.239765897090214647e-01 8.580564683743399712e+01
2.526427894337714974e+02 8.757969610156161877e-02 9.071789511009998819e+01
2.526591780417930693e+02 8.420226659925851564e-02 9.341226231603189945e+01
2.526266623834400491e+02 1.061590692057072238e-01 9.320516128805752487e+01
2.525094178322660241e+02 1.228741854847769932e-01 9.273190161217840455e+01
2.525480248005842157e+02 1.285108414784855713e-01 9.307458431636894147e+01
2.524631782945736518e+02 1.387186130771823345e-01 9.237555646837434153e+01
2.525617504353443508e+02 1.146342405347713783e-01 9.458515370463992156e+01
2.526106599679811211e+02 1.015914644421975072e-01 9.634004255139872441e+01
2.522659760841478374e+02 1.284072716548702309e-01 9.637662200876306429e+01
2.524261318952926558e+02 1.098085889225929729e-01 9.860425619312437107e+01
2.525085137905853401e+02 1.026183855746545387e-01 1.002169348949556280e+02
2.524030568896753266e+02 1.933262414335467916e-01 9.719308399337153048e+01
2.521700616503763683e+02 2.156007751937984440e-01 8.302104925008426051e+01
2.520628949696663312e+02 3.659824036625098365e-01 7.698581444500618431e+01
2.519421729300078709e+02 3.600525924053477045e-01 7.455055436186945883e+01
2.520153581760476413e+02 2.786905965621840342e-01 7.640711191158297311e+01
2.521552265897090308e+02 1.777819907875519689e-01 8.012328144309627476e+01
2.522065129620267498e+02 1.674127204808448510e-01 8.114724469160768194e+01
2.521931980957195947e+02 1.973356224019773009e-01 8.039624234636558242e+01
2.521670282833389365e+02 2.131589849455117480e-01 7.918022553645657524e+01
2.520146542523312121e+02 2.665430850466239954e-01 7.658004191944725392e+01
2.519250645994831928e+02 2.886017020559487611e-01 7.320602671048196441e+01
2.519080528170991897e+02 3.209979917986743314e-01 7.253877548870913472e+01
2.520001369228176600e+02 2.411825216267834970e-01 7.408896647848555972e+01
2.522501456999213474e+02 1.529041680710032658e-01 7.819472004550050315e+01
2.525307058195708407e+02 1.041403353555780259e-01 8.289750449387709352e+01
2.526466039630378475e+02 8.824851140321311738e-02 8.677124410178632274e+01
2.526043228991124465e+02 9.201564430962813623e-02 8.896660136501516547e+01
2.525661565413998346e+02 1.218402426693629970e-01 8.830491482698573691e+01
2.525192165908324853e+02 1.374406667790135927e-01 8.748466288900124255e+01
2.526056148887765289e+02 1.174973317604763451e-01 8.920771542523311837e+01
2.526095803842264900e+02 1.184417481181889720e-01 8.981364980058420144e+01
2.525766311369509083e+02 1.151046932928884436e-01 9.057390145770138190e+01
2.526651306735198261e+02 9.671490562858105211e-02 9.271353113414222946e+01
2.526843174221997401e+02 9.719238006965509602e-02 9.416752331198742354e+01
2.526618304825300640e+02 1.050496432985057876e-01 9.439729384338838258e+01
2.525724216380181986e+02 1.414465369059656197e-01 9.285756516121783477e+01
2.522912032355914960e+02 1.823513509718009129e-01 7.971192492416582809e+01
2.520731729580946023e+02 3.108428828221548312e-01 7.306668667846309972e+01
2.520434782608695627e+02 2.659427311538029581e-01 7.224285543759128814e+01
2.521274312577238561e+02 2.121039770812268299e-01 7.362375365127513760e+01
2.522058845214020835e+02 1.989383215369059654e-01 7.458541701775081378e+01
2.522462662200876196e+02 1.972759380968430454e-01 7.481112023929895827e+01
2.523180225536456476e+02 1.801921834625322960e-01 7.594640173856869581e+01
2.523436095663408594e+02 1.899242360408942842e-01 7.562892512077294782e+01
2.522979370295472279e+02 2.112912172789574161e-01 7.463739853668127466e+01
2.522916473570385278e+02 2.127429502303112008e-01 7.423957806707112184e+01
2.522978159055162450e+02 2.066235535333108553e-01 7.441968774575890677e+01
2.523349184782608745e+02 1.990102937872149091e-01 7.456006523143466325e+01
2.524085601336928448e+02 1.826181749241658214e-01 7.548310934164700825e+01
2.525392178547354263e+02 1.422083895067969839e-01 7.845617065498258569e+01
2.525749441776204947e+02 1.368964863498483286e-01 7.966109496124030898e+01
2.525426584793843290e+02 1.543260588697899227e-01 7.918579197562071670e+01
2.525896370492079654e+02 1.406372879451746882e-01 8.057217061285248860e+01
2.526106880547129663e+02 1.354728401303224306e-01 8.095871425963375145e+01
2.525880835018537311e+02 1.574191102123357056e-01 8.029765440680822053e+01
2.525754795809459665e+02 1.523968514773620941e-01 8.053205749354005150e+01
2.525940062914279167e+02 1.376284967981125651e-01 8.181087799123693571e+01
2.526545753286147544e+02 1.552336113919784155e-01 8.258379851982923014e+01
2.526683992669362908e+02 1.271977867655319505e-01 8.353809438546230126e+01
2.526926925345466941e+02 9.728366194809572043e-02 8.649783732164925709e+01
2.526636297887877731e+02 1.077565020784181510e-01 8.741346653465902250e+01
2.524495790501067347e+02 1.779276907089090976e-01 8.291329099258510382e+01
2.521139022300864951e+02 2.263053308617009318e-01 7.431280193236715093e+01
2.520129163857993433e+02 2.565459639366363120e-01 7.057587455061229775e+01
2.519852930850466350e+02 2.485781092012133431e-01 6.972051946410515200e+01
2.520990619031569508e+02 2.193942394113020944e-01 7.127614523649027944e+01
2.522036481153803038e+02 1.966036119537130644e-01 7.233983541175149412e+01
2.523126439445006213e+02 1.862220537018312583e-01 7.177565196326256114e+01
2.523787074486012898e+02 1.841506572295247834e-01 7.199511817492417265e+01
2.523860889928097890e+02 1.937177002583979346e-01 7.238825869284350745e+01
2.524238217615998110e+02 2.412334288282215466e-01 7.234150657229524484e+01
2.524190452617683320e+02 2.355335776879002307e-01 7.225358807999101884e+01
2.524557423323222167e+02 2.131273873722053791e-01 7.283023852657004227e+01
2.525516374564655564e+02 1.842349174250084154e-01 7.448725389001235442e+01
2.526447467278957504e+02 1.473043759128187802e-01 7.642356020390967331e+01
2.527068605353331066e+02 1.453874564655656676e-01 7.730019274519716532e+01
2.527718778086731959e+02 1.407619228176609505e-01 7.829626235816201074e+01
2.528366932086282475e+02 1.203955314009661770e-01 8.038202168295697447e+01
2.527312995028648572e+02 1.217296511627906919e-01 8.085973486125153897e+01
2.526611212925513996e+02 1.556303364790473098e-01 7.965397321930120711e+01
2.526553512245814943e+02 1.461036681271767335e-01 8.029858126895854298e+01
2.526563009072014268e+02 1.403932844624199427e-01 8.126281457139647557e+01
2.526181240169643729e+02 1.550738681047073297e-01 8.125340727165486499e+01
2.526671774941017929e+02 1.434073418716998172e-01 8.237702400011234261e+01
2.526645601617795762e+02 1.295746264464666953e-01 8.375963374901697023e+01
2.526359257386810384e+02 1.155593472643523245e-01 8.569299973317605179e+01
2.526040367655319585e+02 1.284142933378272233e-01 8.583582954162453404e+01
2.522524207251994142e+02 2.233702673856869936e-01 7.696958382485114214e+01
2.520592998679923653e+02 3.027591703179418059e-01 7.292445722390742446e+01
2.520234313560274018e+02 2.991289602291877237e-01 7.244514134647792503e+01
2.521469287158746226e+02 2.061443236714975979e-01 7.485374887653073017e+01
2.522494172003145820e+02 1.700405853274913059e-01 7.653266311369509367e+01
2.523399600466239860e+02 1.549860970677451877e-01 7.770230697393550656e+01
2.524222015082575012e+02 1.478187141894169165e-01 7.895206648129423854e+01
2.524432876221772801e+02 1.644232389619143808e-01 7.885592033198517470e+01
2.524289581226828432e+02 1.743396107178968590e-01 7.847836268396810055e+01
2.523623521935737699e+02 1.973900404448938328e-01 7.716922782552522619e+01
2.523501011122345687e+02 1.876983625435344472e-01 7.730699148972026080e+01
2.524528441326817187e+02 1.570469610156162155e-01 7.888489530670710792e+01
2.525193658015953133e+02 1.526426103808560808e-01 7.983789742725537053e+01
2.525410487585664612e+02 1.415395742051454853e-01 8.067052157061004891e+01
2.525929899028199088e+02 1.269748483316481269e-01 8.208260834456802968e+01
2.525555871531288687e+02 1.393435428603527759e-01 8.199673842826648240e+01
2.525247584541062906e+02 1.539398663071565032e-01 8.159938665599371177e+01
2.525347625968992133e+02 1.481206465565666763e-01 8.215261978991124181e+01
2.525406678322660241e+02 1.481715537580047259e-01 8.272238021008875819e+01
2.525999203038984433e+02 1.399105437591281753e-01 8.330724427030671109e+01
2.526289496966632839e+02 1.321041877317155333e-01 8.450747282608695343e+01
2.526841436355465760e+02 1.227460397708122625e-01 8.561747451129086528e+01
2.527701223879339523e+02 1.211222755870126899e-01 8.704320090439276214e+01
2.527215007442983961e+02 1.099929081002134629e-01 8.830451634647792503e+01
2.523991212363779368e+02 1.938423351308841691e-01 8.126713992809796139e+01
2.521374354005168072e+02 2.882313082799685677e-01 7.388057872710930951e+01
2.520689739916863346e+02 2.963483737782271477e-01 7.274033465340973237e+01
2.521524969104594902e+02 2.090319907875519689e-01 7.463184789630378191e+01
2.522219466211661540e+02 1.755245197168857352e-01 7.589725171329064324e+01
2.522869463402988401e+02 1.684870379732614221e-01 7.714420254746657690e+01
2.523524007134030001e+02 1.599416498146275789e-01 7.793340635883608059e+01
2.523941691944725392e+02 1.621201269520278487e-01 7.826896732108751564e+01
2.523390823362543642e+02 1.964930204471407593e-01 7.695168204415234925e+01
2.523164040557240639e+02 2.025966183574879342e-01 7.640908149365239410e+01
2.523048867402538917e+02 1.971355044377036403e-01 7.634302150039322044e+01
2.523181805415121914e+02 1.935895545444332178e-01 7.653005455847657856e+01
2.524126011122345687e+02 1.653062155937534972e-01 7.799627148634985474e+01
2.525004844961240451e+02 1.459842995169082225e-01 7.946460018537243286e+01
2.525375466941916613e+02 1.442341450398831604e-01 8.035357860071901825e+01
2.526182293422087355e+02 1.496601505448826031e-01 8.117613891697561712e+01
2.522895232979440436e+02 1.638158633861363789e-01 8.179116637175597759e+01
2.522896338894506130e+02 1.880266262217728246e-01 8.134283542579485982e+01
2.522688198657454279e+02 1.855128637231771849e-01 8.154072576115042637e+01
2.523437271795303900e+02 1.802553786091450339e-01 8.263351027974384522e+01
2.523632316593641178e+02 1.891623834400629200e-01 8.265648873722054191e+01
2.524907577098078946e+02 1.527567127289068682e-01 8.396018705763397350e+01
2.526075651612178490e+02 1.180151808785529777e-01 8.650101463318728179e+01
2.526470375519604659e+02 1.333891557128412675e-01 8.650085313447927149e+01
2.523304017806987929e+02 2.889562970452758117e-01 7.900782566565554532e+01
2.519776570048309168e+02 3.508313672621053980e-01 7.208911744466914229e+01
2.518847706718346160e+02 3.469167790135939677e-01 7.046600452196382491e+01
2.519082511796427468e+02 3.248616728457476843e-01 7.055921736321761273e+01
2.519910245337602532e+02 2.391058588922592987e-01 7.181763811650375828e+01
2.520880677030670824e+02 2.164398663071565032e-01 7.263113870632513169e+01
2.521200935990338223e+02 2.158395124143354660e-01 7.289419201494213496e+01
2.521543453684979283e+02 2.111349848331648127e-01 7.295605479721379538e+01
2.522060512863723147e+02 2.149108948432760235e-01 7.303109376755421067e+01
2.522636273311987338e+02 2.194346140883046969e-01 7.356171357150881818e+01
2.522571761599820377e+02 2.097798000224693760e-01 7.329173863891698204e+01
2.523203133777103631e+02 1.944988624873609795e-01 7.413894330693180734e+01
2.524550787832827723e+02 1.528743259184361380e-01 7.656992718514773344e+01
2.525442875098303546e+02 1.388713346814964555e-01 7.854463332771598516e+01
2.526003521374002787e+02 1.289461858218177714e-01 7.979630448825975009e+01
2.526411147623862519e+02 1.181784350073025458e-01 8.173355346309404013e+01
2.526748293731041315e+02 1.124188995618469883e-01 8.375911589989888739e+01
2.526097840130322538e+02 1.270415543197393471e-01 8.385725445174699644e+01
2.525913994916301419e+02 1.319163577126165610e-01 8.430536070385349490e+01
2.526058448488933834e+02 1.212328670935849950e-01 8.603746594483766330e+01
2.526161509240534713e+02 1.129946775643186213e-01 8.761454120323558925e+01
2.526485928547354263e+02 1.080935428603527759e-01 8.894257667677788959e+01
2.526601347460959346e+02 1.028220143804066955e-01 9.129300780811145444e+01
2.526348584428715753e+02 1.006716239748342845e-01 9.288177065779126451e+01
2.525747265054488366e+02 1.094294180429165320e-01 9.342574394730928589e+01
2.522664728682170505e+02 2.035673660262891926e-01 8.547624564655656343e+01
2.520451862852488603e+02 2.790908324907313554e-01 7.514394274519716532e+01
2.519569342630041433e+02 3.175959864060217686e-01 7.308784827547466989e+01
2.520256905825188198e+02 2.565406976744186163e-01 7.356573348500168663e+01
2.521411832237950819e+02 2.054597095831929010e-01 7.555366672284013418e+01
2.522035182142455767e+02 1.971986995843163781e-01 7.629496334681496705e+01
2.522121408409167600e+02 2.037429081002134490e-01 7.623556693068194079e+01
2.522545482951353790e+02 1.944637540725761282e-01 7.674767231209976615e+01
2.522781867908100253e+02 2.196751067295809323e-01 7.634866868891135994e+01
2.522741352797438594e+02 2.092724834288282321e-01 7.608010687001460326e+01
2.522751762442422319e+02 2.038745646556566760e-01 7.621965930794293342e+01
2.523308546792495122e+02 2.069360184248960899e-01 7.627867655319627715e+01
2.523732586226266790e+02 1.979570413436692600e-01 7.724737213515335554e+01
2.524868080131445822e+02 1.447871025727446304e-01 7.962545114312997896e+01
2.525639096028536130e+02 1.219297691270643802e-01 8.176864607909223537e+01
2.525921121924502870e+02 1.294201494214133330e-01 8.249217960060667565e+01
2.526182328530502161e+02 1.286109004606224016e-01 8.344682655038759833e+01
2.526228390770699832e+02 1.338104566902595105e-01 8.397340362037972739e+01
2.525925773789461743e+02 1.504764211886304992e-01 8.336948271261655918e+01
2.525759114144478019e+02 1.492915121896416231e-01 8.325304565498258569e+01
2.526258320694304018e+02 1.265693461408830545e-01 8.550734819121447572e+01
2.526717012133468074e+02 1.316846421750365037e-01 8.642021963824289799e+01
2.526624729665206246e+02 1.198390630266262247e-01 8.746836205201663006e+01
2.526539556650938039e+02 1.050724637681159368e-01 9.017493820918997471e+01
2.526364435877991355e+02 9.257211268396808856e-02 9.296392259296708005e+01
2.525330861700932417e+02 1.410199696663296254e-01 9.113869403718683770e+01
2.522657636782383861e+02 2.412983793955735257e-01 7.836327378946185718e+01
2.522664553140096757e+02 1.938546230760588573e-01 7.128723071845860204e+01
2.523027205510616682e+02 2.029494579260757159e-01 7.095731694472530648e+01
2.523708852937872109e+02 1.847685653297382324e-01 7.270933918941692298e+01
2.524512642540163938e+02 1.897750252780586455e-01 7.404839168351870171e+01
2.525537281625660171e+02 1.592658128300190878e-01 7.543853569823615146e+01
2.526840242669362908e+02 1.426279350634760135e-01 7.700556117290192049e+01
2.527483218177732738e+02 1.506484524210762732e-01 7.727174088585552170e+01
2.527297670205594784e+02 1.783542579485451196e-01 7.619672122514323576e+01
2.526980816762161624e+02 1.813384732052578385e-01 7.593462462082912623e+01
2.527019611560498902e+02 1.724384900572969448e-01 7.607492837883384595e+01
2.527710826030782982e+02 1.530832209864060323e-01 7.772977930850466066e+01
2.528330191130210096e+02 1.235763537804741019e-01 7.985460025558926134e+01
2.527778655488147308e+02 1.059747500280867338e-01 8.221670844568025416e+01
2.526401598135041127e+02 1.058624031007751876e-01 8.497387758397933055e+01
2.525833403550163041e+02 1.289233653522076084e-01 8.500389352319963621e+01
2.525484267919334798e+02 1.389292635658914699e-01 8.517301602348051404e+01
2.525761624396135403e+02 1.256056201550387608e-01 8.658907355915066262e+01
2.525541898382204238e+02 1.293042916526233044e-01 8.724313279406808874e+01
2.525441242557016039e+02 1.335102797438489919e-01 8.695863351027973920e+01
2.525211545753286089e+02 1.349795669025952161e-01 8.767061811875069566e+01
2.525900636164475941e+02 9.473303561397596051e-02 9.166794987922705218e+01
2.526353920907763211e+02 8.277335411751488015e-02 9.447208003314234759e+01
2.526357221098753030e+02 8.867507864284911168e-02 9.569877857824963030e+01
2.526080426356589044e+02 9.581788563082799248e-02 9.717567548590045590e+01
2.524095519464105166e+02 1.711026148747331888e-01 9.205518165093809557e+01
2.523297083895068056e+02 1.588041371755982423e-01 7.731964807325019251e+01
2.522033496938546193e+02 2.536793618694528907e-01 7.447849258510279924e+01
2.522143912903044622e+02 2.177458993371531315e-01 7.524707722446916591e+01
2.523096772834512933e+02 1.672020699921357156e-01 7.784526843893944204e+01
2.524405105465677934e+02 1.470463290641501053e-01 8.030013130547129663e+01
2.525169924727558737e+02 1.325395320750477612e-01 8.238625751320076063e+01
2.525507895882485059e+02 1.344108105830805477e-01 8.332922740422424113e+01
2.524853036175710486e+02 1.590779828109201155e-01 8.202077189360745990e+01
2.524519681777328515e+02 1.758773592854735446e-01 8.139136227671048118e+01
2.524076508257499256e+02 1.853706746432985109e-01 8.092257892371644346e+01
2.524935734046736400e+02 1.500656527356476755e-01 8.289362676946410602e+01
2.525926124873609808e+02 1.108390208965284868e-01 8.621410691214470035e+01
2.526494424783732029e+02 8.322098640602179631e-02 9.029130153915289725e+01
2.526424681917762030e+02 8.892785922930007692e-02 9.286774309066396427e+01
2.525997342293000827e+02 9.737845466801482719e-02 9.415288134760139371e+01
2.525934989748342900e+02 1.083621222334569117e-01 9.479267076732951125e+01
2.525661916498146411e+02 1.148817548590046062e-01 9.522235563419840787e+01
2.525464554544433327e+02 1.152942787327266572e-01 9.587794559600044408e+01
2.525378521374002787e+02 1.197828895629704515e-01 9.622954759296708005e+01
2.525501190175261286e+02 1.158244157959779780e-01 9.625476596730705126e+01
2.525399744410740368e+02 1.032380490956072289e-01 9.789322477811481349e+01
2.526327396500393263e+02 1.071842349174250142e-01 9.911934227895741856e+01
2.525854152623300877e+02 1.094803252443545677e-01 9.922246271486349656e+01
2.525296894309628044e+02 1.309614088304684731e-01 9.850529961521176858e+01
2.521731722559262892e+02 1.995527187956409321e-01 8.738319430401078591e+01
2.522094164279294546e+02 1.830342096393663687e-01 7.605819570834736965e+01
2.521490597966520681e+02 2.207652230086507017e-01 7.405972994607347459e+01
2.522103310021345806e+02 2.039851561622289533e-01 7.548472959498933221e+01
2.524157117177845180e+02 1.371755982473879254e-01 7.939357586226266505e+01
2.525524063307493634e+02 1.110847798000224734e-01 8.225887014099539840e+01
2.525827540444893771e+02 1.241187787889001248e-01 8.336385307830580871e+01
2.525710032580608981e+02 1.327958235029771950e-01 8.371451592517693996e+01
2.524290546708234899e+02 1.868224075946522955e-01 8.084782257611504974e+01
2.523133759549488957e+02 2.032935203909673194e-01 7.926329029041680485e+01
2.523411730423547965e+02 1.737304797213796159e-01 7.991012596899224718e+01
2.522681615829682187e+02 1.520053926525109511e-01 8.226778416750926226e+01
2.524053319149533650e+02 1.290620435906078001e-01 8.462832827772160726e+01
2.525601459807886613e+02 1.044685990338164311e-01 8.774427030670710792e+01
2.527198945343219805e+02 9.107649421413324675e-02 9.026852846590270474e+01
2.527910241826760966e+02 1.030344202898550721e-01 9.127101063082800181e+01
2.527859071312212222e+02 1.296623974834288373e-01 9.077187078699022038e+01
2.527753149224806180e+02 1.306700089877541882e-01 9.075597896303786172e+01
2.527592721323446767e+02 1.456156611616672147e-01 9.030293997865408073e+01
2.526835573250196489e+02 1.440902005392652452e-01 8.969767090776316820e+01
2.527273814037748707e+02 1.023199640489832613e-01 9.285796364172564665e+01
2.527462276008313609e+02 7.928884395011796815e-02 9.624989643017637775e+01
2.527209249662959110e+02 7.668379957308167627e-02 9.830910501629030307e+01
2.526605472699696691e+02 1.029677143017638519e-01 9.793567260701044574e+01
2.523973236855409539e+02 1.437882681721154854e-01 8.233156386922817660e+01
2.521141672986181277e+02 3.670339006853162722e-01 7.287400116559936691e+01
2.520485356280193230e+02 3.291115464554544290e-01 7.119254859004605862e+01
2.520922719357375570e+02 2.451164195034265803e-01 7.266201655712841045e+01
2.521825707785642123e+02 2.020471716661049189e-01 7.402177774969104007e+01
2.522643031681833463e+02 1.824391220087630550e-01 7.494079316930681500e+01
2.523407763172677107e+02 1.812665009549488948e-01 7.551341843613077742e+01
2.523596962419952945e+02 1.833607178968655327e-01 7.567974455117402499e+01
2.522958954752274963e+02 2.029090832490731411e-01 7.455203067071116152e+01
2.522611767638467484e+02 2.257506179081002207e-01 7.352112473317605179e+01
2.523426546174587202e+02 1.904175092686214987e-01 7.472977228682169937e+01
2.524574152482867078e+02 1.553389366363329971e-01 7.695015307268846527e+01
2.525794977390180804e+02 1.218016234130996495e-01 7.970830524660151184e+01
2.526198250196607091e+02 1.093170711156049857e-01 8.238596611335805164e+01
2.526308104426468901e+02 9.919882597460959184e-02 8.487843184754521531e+01
2.526369772357038528e+02 9.898466464442197410e-02 8.666280123019885195e+01
2.526541434951129190e+02 9.889513818672059087e-02 8.874901696438602983e+01
2.526275576480170741e+02 9.724153185035389058e-02 9.039218556903718138e+01
2.526508275053364798e+02 9.475585608358610967e-02 9.221933806594765315e+01
2.526361820301089836e+02 9.169966857656443315e-02 9.408307353106393123e+01
2.526257969610156238e+02 9.474356813841140756e-02 9.601612880575216025e+01
2.526207694360184348e+02 9.675528030558364079e-02 9.695029877260981266e+01
2.525776369930345027e+02 1.118448769801145964e-01 9.645824556229636926e+01
2.522233685119649351e+02 1.708919643860240534e-01 8.730925949331535207e+01
2.522820961127963244e+02 2.253398494551173969e-01 7.401989242781709777e+01
2.521672968627120497e+02 3.011318952926637649e-01 7.094745674643299083e+01
2.521745274407369948e+02 2.452656302662622190e-01 7.135736153241208513e+01
2.522710176525109489e+02 2.032075047747444185e-01 7.297212742950230790e+01
2.523130687563195238e+02 1.958874002921019986e-01 7.342706928996742022e+01
2.523105023311987338e+02 2.065902005392652452e-01 7.335376818615885952e+01
2.523520127654196017e+02 1.856831395348837177e-01 7.427247289630378191e+01
2.523127913998427232e+02 2.112789293337827279e-01 7.348085889225929179e+01
2.523061769744972480e+02 2.132432451409953800e-01 7.286552423884957363e+01
2.523411677760925613e+02 2.037113105269070801e-01 7.299991222896304066e+01
2.524081318110324617e+02 1.847843641163914030e-01 7.420892315470172207e+01
2.524485749494438949e+02 1.626555302774969070e-01 7.533689332659251647e+01
2.525661424980339405e+02 1.293622205370183187e-01 7.814358990562858764e+01
2.526286126558813692e+02 1.003574036625098365e-01 8.160103148522638605e+01
2.526472166048758652e+02 9.935154757892371291e-02 8.459044805358948338e+01
2.526401598135041127e+02 9.849314683743400078e-02 8.687022876643074198e+01
2.526265904111897669e+02 1.239204162453656916e-01 8.670828769239410860e+01
2.525818658015953133e+02 1.323113273789461863e-01 8.675054418042915927e+01
2.525825451494214064e+02 1.295237192450286456e-01 8.748528079710145278e+01
2.526149923463655682e+02 1.137424867992360422e-01 8.901438742837883922e+01
2.526204797915964377e+02 9.591618919222559547e-02 9.124269569430400395e+01
2.526567099202336806e+02 9.522981968318167123e-02 9.334252296090326695e+01
2.525204102769351664e+02 1.198513509718009268e-01 9.224807956971126544e+01
2.522257383299629225e+02 1.702933659139422573e-01 7.794483941411077410e+01
2.520797206774519736e+02 2.523347095831928733e-01 7.281822969329289208e+01
2.520399937507021662e+02 2.438138973149084343e-01 7.335938553252444194e+01
2.521702670346028583e+02 2.212304095045500574e-01 7.566852741265026339e+01
2.524669506937422625e+02 1.260655403887203652e-01 8.034036203797326436e+01
2.526478748876530744e+02 1.027886613863610854e-01 8.350231539995506580e+01
2.527207476688012662e+02 1.092573868104707302e-01 8.461715853555780598e+01
2.527800457813728769e+02 1.220561594202898559e-01 8.513260448264240665e+01
2.527101414166947393e+02 1.198636389169756150e-01 8.556867557016065007e+01
2.526302469525896015e+02 1.377110015728569836e-01 8.453047410403326012e+01
2.526771008875407176e+02 1.422312099764071469e-01 8.475281218402426475e+01
2.527202859931468311e+02 9.899695258959667621e-02 8.816054024828670777e+01
2.526972583838894479e+02 7.437191045949893831e-02 9.211696719469722439e+01
2.526397069149533650e+02 8.475873497359846798e-02 9.433198341478485816e+01
2.526296360661723384e+02 8.268031681833501456e-02 9.624092271935737131e+01
2.526062152426693501e+02 9.138369284350073007e-02 9.748150839793281364e+01
2.525865264436580162e+02 1.076511768340635833e-01 9.757650825749915668e+01
2.525634215958881157e+02 1.129490366250983091e-01 9.787929375912818841e+01
2.525830577322772683e+02 9.827371924502864564e-02 9.923717138523761605e+01
2.525925844006291356e+02 1.011455875744298460e-01 9.973431180485339098e+01
2.526031590551623367e+02 1.019337714863498418e-01 1.002995660599932535e+02
2.525897985479159615e+02 1.144306117290192076e-01 1.004200686720593154e+02
2.522433241349286561e+02 1.695999747219413545e-01 9.301419608751825763e+01
2.523954787383439964e+02 1.392768368722615557e-01 7.801094855915066262e+01
2.522368887624986087e+02 2.728555780249410367e-01 7.399355409504549641e+01
2.522280607516009354e+02 2.198892680597685778e-01 7.428111658802382067e+01
2.523670216127401318e+02 1.645794714077070120e-01 7.717328811369509367e+01
2.525225290697674438e+02 1.133615604988203601e-01 8.114906155207279426e+01
2.525484004606223891e+02 9.688869228176609505e-02 8.419947372486237214e+01
2.524935154757892235e+02 1.225862964835411767e-01 8.382830054207391868e+01
2.523777086142006567e+02 1.854075384788226033e-01 8.132256909336030049e+01
2.522671311509942598e+02 2.195592489607909314e-01 7.877112648859679211e+01
2.522214533479384215e+02 2.336693208628244089e-01 7.793493006403774359e+01
2.523421753875969102e+02 1.841453909673070322e-01 7.968430337883384595e+01
2.525811794320862873e+02 1.087518256375688136e-01 8.416952449163015615e+01
2.526636087237389177e+02 8.698460847095831894e-02 8.798277581170654571e+01
2.525693777384563532e+02 9.014085496011683962e-02 9.031911793618694162e+01
2.525401886024042142e+02 9.662362375014042770e-02 9.268914131839119364e+01
2.525208561538029528e+02 1.028501011122345821e-01 9.393362227558701250e+01
2.524651110128075402e+02 1.150450089877541882e-01 9.389809431524547279e+01
2.524942913717559918e+02 1.060888523761375074e-01 9.572014555948770465e+01
2.525414121306594666e+02 9.588810246039770890e-02 9.794813960510055040e+01
2.525018291484102804e+02 1.080075272441298750e-01 9.853672691270644179e+01
2.525049450202224364e+02 1.236922115492641305e-01 9.862247570497696358e+01
2.522174738091225663e+02 1.755262751376249764e-01 9.197354405403886801e+01
2.523545967447477949e+02 1.479486153241208746e-01 7.723517020559488344e+01
2.521891606280193230e+02 2.732961886304909327e-01 7.326253194865745400e+01
2.521990734889338341e+02 2.169085636445343135e-01 7.428067246657678879e+01
2.523686523986069119e+02 1.574612403100775215e-01 7.748311109706774857e+01
2.524812485956634021e+02 1.339491349286597022e-01 7.945190673800696857e+01
2.525248953769239506e+02 1.399456521739130543e-01 8.063977713178294948e+01
2.525407784237726219e+02 1.351972390742613161e-01 8.157971365576901235e+01
2.524514889478710131e+02 1.558515194921918923e-01 7.976592342152567028e+01
2.522895355858892401e+02 2.066832378384451108e-01 7.740820553870351262e+01
2.522905537299179741e+02 2.029845663408605672e-01 7.701996264464666808e+01
2.524079931327940756e+02 1.621394365801595294e-01 7.910925914223120969e+01
2.525151229496685801e+02 1.300661442534546686e-01 8.182916771991911276e+01
2.526069016121784045e+02 1.050654420851589721e-01 8.475035459498933221e+01
2.526333996882372901e+02 1.054779659588810231e-01 8.664574907313784990e+01
2.526207747022806416e+02 1.101175429726996974e-01 8.758479559880912291e+01
2.522473282496348759e+02 1.426595326367823824e-01 8.793133145152229702e+01
2.522825455005055630e+02 1.604928519267498077e-01 8.710336970565104764e+01
2.521942636361083032e+02 1.797234861251544857e-01 8.662298653241208513e+01
2.523335562717672076e+02 1.489755364565779061e-01 8.877366833782720335e+01
2.525133517301426878e+02 1.058114958993371518e-01 9.202111068981012920e+01
2.526254564093921999e+02 9.563532187394674366e-02 9.351599188293450027e+01
2.524664451325693619e+02 2.098271963824289432e-01 8.879982235142118441e+01
2.523873792270531453e+02 2.147388636108302495e-01 7.419543450174137433e+01
2.521859324092798431e+02 2.995028648466464549e-01 7.026422768509156924e+01
2.521387537214919803e+02 3.009984833164812690e-01 6.962492627232894904e+01
2.521431194528704509e+02 2.361918604651162823e-01 7.055069304010785913e+01
2.522736595607235017e+02 1.938002050331423531e-01 7.289392343556903597e+01
2.523831100438152930e+02 1.735566930681945730e-01 7.430917523311987338e+01
2.524515082574991709e+02 1.530305583642287415e-01 7.587233702673856328e+01
2.524657412088529327e+02 1.546455454443320943e-01 7.646292024772498053e+01
2.524482203544545484e+02 1.699528142905291639e-01 7.634299692450287012e+01
2.524563268874283892e+02 1.818879198966408262e-01 7.612962904448937707e+01
2.524379757190203293e+02 1.809417481181889720e-01 7.644684234917424703e+01
2.524653602825525240e+02 1.634419587686776754e-01 7.752887667116054615e+01
2.525754778255252120e+02 1.241082462644646639e-01 8.049184958150769376e+01
2.526393294994944370e+02 1.011561200988652931e-01 8.382537074486012330e+01
2.525900513285024260e+02 1.099700876306032998e-01 8.446785122458150852e+01
2.525131709218065339e+02 1.504360465116278966e-01 8.270779266374564997e+01
2.523990317099202230e+02 1.788405094933153694e-01 8.080956669194472397e+01
2.521968142624424161e+02 2.279887793506347737e-01 7.678944430401078591e+01
2.520791958066509437e+02 2.505933322098640725e-01 7.394998279687675335e+01
2.520529645545444453e+02 2.452866953151331408e-01 7.304249171441411193e+01
2.521558673182788368e+02 1.947656864397258603e-01 7.472551188068756289e+01
2.523194286456577800e+02 1.570311622289630449e-01 7.700581044264689012e+01
2.522354475620716698e+02 2.491486209414672526e-01 7.442828579653971133e+01
2.520160603443433445e+02 2.977562212110999029e-01 6.794397048084485391e+01
2.519399031709920109e+02 3.663457757555330652e-01 6.508287867936186899e+01
2.519404719273115347e+02 2.914560161779575220e-01 6.452665606392540099e+01
2.520045781372879503e+02 2.577062970452758117e-01 6.498156632681721590e+01
2.521351375547691305e+02 2.131045669025952161e-01 6.653363912762610255e+01
2.522644927536231876e+02 1.869189557353106435e-01 6.809830531681834032e+01
2.522898866700370775e+02 2.037499297831704415e-01 6.758835208122683014e+01
2.522793172817660832e+02 2.219027356476800383e-01 6.688722475002808210e+01
2.522498086591394326e+02 2.340467363217615948e-01 6.645493308336142491e+01
2.521889008257499256e+02 2.600410066284686850e-01 6.475851554600606619e+01
2.520964340383102922e+02 2.686021935737557542e-01 6.323834751713290814e+01
2.520418509858442917e+02 3.326522300865071280e-01 6.199602923828783219e+01
2.520425162903044622e+02 2.714266655431973874e-01 6.189196438602404271e+01
2.521439409897764392e+02 2.544236602628918154e-01 6.320359018649590155e+01
2.522310958740590934e+02 2.106978850690933713e-01 6.444342454499494011e+01
2.522831914953376042e+02 2.079734720817885685e-01 6.484083424615211300e+01
2.523222408296820447e+02 2.001390293225480399e-01 6.525664426749803226e+01
2.524146531990787423e+02 1.766357010448264264e-01 6.657187043590607800e+01
2.525123932704190679e+02 1.663015391529041598e-01 6.800015623244578933e+01
2.524969613667003614e+02 1.676637456465565612e-01 6.739625463431075048e+01
2.525138274491630170e+02 1.742219975283675892e-01 6.750509949724749958e+01
2.525750442366026220e+02 1.544085636445343135e-01 6.898091857656443437e+01
2.525553923014267923e+02 1.552213234468037273e-01 6.927325581395348308e+01
2.524270148719245128e+02 2.026018846197056578e-01 6.663789532075047362e+01
2.522684722924390428e+02 3.075093388383327575e-01 6.337044292776092647e+01
2.521575911414447830e+02 3.166814122008763110e-01 6.208078797326142961e+01
2.520942186973373680e+02 2.616507274463543697e-01 6.217057598865296342e+01
2.521506256319514705e+02 2.381895292663745722e-01 6.290872689866306899e+01
2.522172614032131150e+02 2.394042804179305761e-01 6.377076487192450571e+01
2.521960822519941701e+02 2.316418099089989913e-01 6.337738210594315547e+01
2.522522206072351310e+02 2.038043478260869457e-01 6.421572541006628398e+01
2.523334913211998582e+02 1.934526317267722673e-01 6.491211310526907141e+01
2.522755132850241466e+02 2.230595579148410279e-01 6.434900748511402924e+01
2.523386575244354617e+02 2.461608948432760235e-01 6.449344525895966740e+01
2.524034448376586965e+02 2.266002415458937269e-01 6.572505547129536296e+01
2.525138467587911464e+02 1.937106785754409699e-01 6.688937514043365695e+01
2.526129859004606146e+02 1.689083389506796928e-01 6.829357480901022370e+01
2.526934263004156946e+02 1.580352628918099134e-01 6.962854770531400561e+01
2.527366956662172868e+02 1.535659616896977997e-01 6.998679923604089481e+01
2.527300250674081497e+02 1.772430766206044284e-01 6.947472369677564075e+01
2.527053947590158316e+02 2.014099539377597892e-01 6.842482761768340538e+01
2.527478812071677226e+02 1.730739523649028333e-01 6.975306672003145536e+01
2.527073502977193584e+02 1.956188209189978766e-01 6.903070055330861976e+01
2.526598135041006685e+02 1.840786849792158120e-01 6.883641409673070655e+01
2.526148484018649469e+02 1.705777440736995776e-01 6.882908697056510050e+01
2.524385041006628398e+02 2.741387905853274742e-01 6.502067534546679894e+01
2.522278079710144993e+02 3.355328755196045343e-01 6.178964091113358137e+01
2.520568370126952118e+02 2.820750477474441298e-01 5.972765173856870291e+01
2.520388597489046276e+02 2.671697702505336225e-01 5.900166589428154396e+01
2.521156084990450381e+02 2.550661442534546408e-01 6.008872949668576524e+01
2.521407355915065693e+02 2.328056538591169455e-01 6.070779617458712352e+01
2.521808364228738242e+02 2.341538169868554176e-01 6.086069156555443271e+01
2.522147599286597028e+02 2.524224806201550431e-01 6.075914925289293222e+01
2.522319630519042732e+02 2.222555752162678477e-01 6.115306566677901401e+01
2.521966948938321593e+02 2.436541540276373485e-01 6.046065048870913472e+01
2.522113245702730069e+02 2.372416020671834491e-01 6.032959253173800818e+01
2.522899990169643729e+02 2.322456746432985109e-01 6.129409090270755911e+01
2.523175766767778896e+02 2.102256768902370510e-01 6.172258559431524816e+01
2.523580988091225663e+02 1.940301651499831415e-01 6.262165241265026339e+01
2.524597394253454752e+02 1.900172733400741498e-01 6.399027672452533722e+01
2.524971527075609572e+02 1.709147848556341887e-01 6.491522195539826612e+01
2.524661133580496539e+02 1.848879339400067434e-01 6.438362613751263552e+01
2.524956026710482035e+02 1.803097966520615658e-01 6.501807907819346610e+01
2.525164991995281412e+02 1.739973036737445244e-01 6.597209583192899629e+01
2.525213336282440082e+02 1.735531822267160906e-01 6.618601491405459569e+01
2.524657131221211159e+02 1.947902623300752645e-01 6.518651520896528950e+01
2.523506961998651832e+02 2.828000365127513738e-01 6.219864165543197743e+01
2.521648498062015449e+02 3.249985956634086071e-01 5.978163794798336994e+01
2.520615415402763801e+02 2.875203628805751976e-01 5.818085748792270806e+01
2.520797470087630643e+02 2.618034490506684908e-01 5.857810920121334419e+01
2.521739516627345381e+02 2.530175682507583290e-01 5.948636389169756455e+01
2.522270917593528736e+02 2.211795023031120078e-01 6.007464224525334373e+01
2.522710510055050008e+02 2.128904055724075983e-01 6.065923597067745021e+01
2.523229131558251765e+02 2.017715706100438045e-01 6.137435049432647816e+01
2.523280144084934307e+02 2.170103780474104127e-01 6.107798105549937873e+01
2.523073601280754872e+02 2.507583417593528541e-01 6.034576873385012874e+01
2.522773582322211041e+02 2.379981884057970898e-01 6.002087721885181537e+01
2.523303227867655210e+02 2.247236967756431891e-01 6.053264907032917819e+01
2.523849795669025866e+02 2.319946494775868007e-01 6.096016248174362318e+01
2.524567253679362011e+02 1.884426609369733718e-01 6.266308209751713321e+01
2.525470786288057639e+02 1.709376053252443517e-01 6.382806531569486452e+01
2.525401657819346042e+02 1.651447168857431702e-01 6.454619038591170010e+01
2.525550377064374743e+02 1.722348612515447741e-01 6.506223142062690101e+01
2.526052076311650296e+02 1.836679165262330160e-01 6.578736939669700234e+01
2.525695251937984551e+02 1.752892933378272233e-01 6.551953607740703944e+01
2.525515198432760258e+02 1.952624705089315849e-01 6.520869143916414146e+01
2.524824299938209151e+02 2.020875463431075214e-01 6.454236532412087968e+01
2.523385258678800085e+02 2.968469132681721412e-01 6.130903831030221340e+01
2.521671932928884416e+02 3.361033872598584438e-01 5.879190013762498523e+01
2.520828277721604422e+02 2.793927648578811151e-01 5.777648754353443650e+01
2.522911575946522760e+02 2.127868357487922579e-01 5.832705770419053692e+01
2.523770222446916023e+02 2.075609482080665036e-01 5.875088297663183567e+01
2.523971025025278152e+02 2.093778086731827859e-01 5.902917684810695675e+01
2.524359956044264663e+02 2.502826227390180791e-01 5.923386417256487846e+01
2.524623058504662367e+02 2.524031709920233624e-01 5.965421371194247513e+01
2.524510571143691777e+02 2.445353752387372237e-01 5.897683546792494980e+01
2.524525527328389956e+02 2.452779182114369072e-01 5.897208354398382113e+01
2.524933996180204474e+02 2.266722137962026706e-01 5.935587469104594760e+01
2.525222517132906432e+02 2.196593079429277617e-01 5.983840123300753078e+01
2.525652489888776415e+02 2.100185372430063979e-01 6.045536491686327452e+01
2.526066558532749013e+02 1.966545191551511140e-01 6.122968802662622068e+01
2.526876597432872700e+02 1.795058139534883856e-01 6.247620702730030473e+01
2.527014713936636383e+02 1.830254325356701628e-01 6.259142582294123969e+01
2.527002741967194765e+02 2.016012947983372716e-01 6.212251607965396971e+01
2.527472264352319939e+02 1.912250028086731890e-01 6.302563440905516501e+01
2.527520397988990055e+02 1.610300106729581071e-01 6.427670697112684195e+01
2.527406383411976094e+02 1.607614312998539574e-01 6.479088374901697023e+01
2.527896163352432382e+02 1.734355690371868208e-01 6.533120049713515698e+01
2.527512129957308105e+02 1.633699865183687316e-01 6.571627661217840455e+01
2.525042498736096945e+02 2.256014071452645819e-01 6.154991714414110504e+01
2.522989218205819668e+02 3.017006516121784054e-01 5.846443166498146127e+01
2.522411544348949519e+02 2.921792495225255526e-01 5.841585566228513926e+01
2.522989902819907968e+02 2.264738512526682512e-01 5.951579703123244514e+01
2.523929228457476768e+02 1.945585467924952350e-01 6.078147996011684029e+01
2.525144716885743037e+02 1.645671834625322960e-01 6.234017771879564407e+01
2.525892069711268277e+02 1.598942534546680116e-01 6.333772539602291829e+01
2.525744983007527367e+02 1.762951494214133330e-01 6.287857403662509626e+01
2.525514461156049890e+02 1.897644927536231985e-01 6.252056124311874896e+01
2.525356367964273545e+02 2.154726294798337272e-01 6.213696319233793730e+01
2.524988379114706163e+02 1.955907341871699900e-01 6.207041694753398531e+01
2.525463747050893062e+02 1.815965200539265134e-01 6.290122598584428459e+01
2.526158086170093213e+02 1.636842068306931797e-01 6.437379578137287695e+01
2.526677760925738596e+02 1.843297101449275499e-01 6.487369747781147566e+01
2.526366279069767415e+02 1.709288282215481458e-01 6.532698573194022629e+01
2.526574120885293837e+02 1.610633636670037172e-01 6.632510567632850496e+01
2.526884005308392318e+02 1.479099960678575409e-01 6.790324823053589398e+01
2.526234394309628044e+02 1.802062268284462532e-01 6.655516585215144687e+01
2.526378567014942007e+02 1.995808055274688186e-01 6.681892835074710035e+01
2.526639598078867550e+02 1.406092012133468017e-01 6.952105276092574115e+01
2.526195617065498311e+02 1.631575806089203551e-01 6.898238435288169512e+01
2.526317425710594193e+02 1.591341562745758886e-01 6.993896577631726075e+01
2.525829734720817896e+02 1.663752668239523724e-01 6.913547459555105945e+01
2.523050798365352136e+02 2.377910487585664645e-01 6.380582940119087709e+01
2.521678094455679116e+02 2.985672255926300478e-01 6.158724265531962772e+01
2.521361662313223349e+02 2.923231940231434400e-01 6.158762007077856282e+01
2.522784044629816833e+02 2.111367402539040539e-01 6.386217314065835637e+01
2.524160031176272412e+02 2.029283928772048218e-01 6.538041898382203954e+01
2.524842854735422861e+02 1.706339175373553507e-01 6.705882590439276214e+01
2.525420230170767297e+02 1.619393186158858688e-01 6.830633145152229702e+01
2.524781976744185954e+02 1.923976238624873492e-01 6.684628833838894479e+01
2.523701164195034323e+02 2.281537889001235830e-01 6.500444121447029033e+01
2.522901640265138781e+02 2.304551454892708739e-01 6.430776738568700068e+01
2.523478752387372310e+02 2.394341225704977039e-01 6.474810941186383673e+01
2.523503679361869558e+02 2.088810246039770890e-01 6.505596456858779675e+01
2.523659016543085158e+02 2.061864537692394139e-01 6.533779385743174828e+01
2.524295514548927031e+02 2.100009830356139862e-01 6.593480016290304491e+01
2.525646381024604068e+02 1.546437900235928531e-01 6.851573910234804998e+01
2.527011361083024497e+02 1.381463459161891838e-01 7.121627134591618358e+01
2.526771219525896015e+02 1.227671048196831843e-01 7.343136655993708928e+01
2.527630269773059126e+02 1.331995702730030262e-01 7.489432191607684786e+01
2.522686618778788841e+02 1.697948264239972915e-01 7.793942218570947489e+01
2.524092184164700541e+02 1.459000393214245628e-01 7.988255006459948504e+01
2.525263400881923417e+02 1.222071256038647358e-01 8.220479967138523136e+01
2.525685930653858975e+02 1.621587462082912101e-01 8.220470663408605105e+01
2.521353166076845298e+02 3.278493989439388856e-01 7.311187998539489286e+01
2.518677325581395223e+02 4.385093669250645920e-01 6.826265833895068624e+01
2.517830247303673730e+02 3.961282440175261099e-01 6.691316811313335222e+01
2.518462391866082442e+02 3.299910122458150630e-01 6.820430288731603241e+01
2.519511536625098245e+02 2.806829991012245729e-01 6.965868301314459643e+01
2.520914644421975197e+02 2.246218823727671177e-01 7.139401822828895661e+01
2.522018804066958637e+02 2.160835158970902115e-01 7.251883917537355728e+01
2.521959997472194175e+02 2.582926075721829196e-01 7.145956388327154230e+01
2.521625238737220513e+02 2.499016964386024109e-01 7.056844561004380978e+01
2.521654817576676919e+02 2.452989832603078291e-01 7.007919756207168405e+01
2.521967300022469374e+02 2.376260392090776274e-01 7.038970164869115820e+01
2.522959235619593414e+02 2.253170289855072339e-01 7.167401485788113291e+01
2.524077807268846243e+02 1.663348921469497699e-01 7.395354454555668156e+01
2.524681373581620107e+02 1.537608133917537367e-01 7.537677297494663264e+01
2.525358421806538729e+02 1.434301623413099525e-01 7.667172403381643164e+01
2.525566070525783573e+02 1.490615520728008070e-01 7.699223401864958305e+01
2.525102516571171805e+02 1.685993849005729683e-01 7.615131902314347201e+01
2.525210738259746108e+02 1.660996657678912580e-01 7.639587721885180827e+01
2.525315484215256845e+02 1.602348050780811051e-01 7.696507590439276214e+01
2.525750442366026220e+02 1.504957308167621521e-01 7.798734166104931376e+01
2.526376179642736872e+02 1.320831226828446114e-01 7.949376474553420735e+01
2.526681131333558028e+02 1.334558617009324877e-01 8.057830054207391868e+01
2.525134939192225545e+02 1.894467615998202403e-01 7.761643530221323317e+01
2.522275288591169442e+02 3.252531316705988274e-01 7.090755603302999077e+01
2.520491149168632603e+02 3.427581872823278197e-01 6.846967335130884180e+01
2.520429428575440909e+02 2.605430569598921609e-01 6.932343802662622068e+01
2.521444886810470791e+02 2.420479440512302016e-01 7.077647174474778069e+01
2.522727362094146599e+02 1.821196354342208834e-01 7.282838304684867126e+01
2.523231220508931472e+02 1.802992641276261188e-01 7.340212300584204286e+01
2.523933423913043441e+02 1.679639225929670798e-01 7.440667130097742188e+01
2.523922645629704391e+02 1.782331339175373675e-01 7.425171855690372524e+01
2.523355627176721612e+02 2.074099820244916237e-01 7.282935028367599273e+01
2.523181928294573595e+02 2.129816874508482227e-01 7.213988070160655752e+01
2.523785143523199679e+02 1.829762807549713544e-01 7.288251671160543310e+01
2.525067794348949519e+02 1.704513537804741019e-01 7.464668646781260009e+01
2.526080408802381783e+02 1.435881502078418248e-01 7.681920395180317485e+01
2.526786368806875771e+02 1.206149589933715321e-01 7.919134612683967589e+01
2.526638404392764983e+02 1.189753960229187751e-01 8.072998118188966998e+01
2.526129174390517846e+02 1.336208712504212970e-01 8.135989109369734251e+01
2.525801384675879149e+02 1.586496601505448800e-01 8.057415599370857251e+01
2.525292330215706045e+02 1.646093135602741397e-01 8.003726056061117333e+01
2.525243424193910755e+02 1.580580833614200764e-01 8.051782629760701582e+01
2.525309498230535894e+02 1.533272244691607777e-01 8.070448018481069141e+01
2.525545584765756644e+02 1.423997303673744386e-01 8.214030551342546005e+01
2.525711208712504288e+02 1.319391781822267240e-01 8.316166722840129921e+01
2.524498388523761321e+02 1.920658493427704616e-01 8.009847734805077835e+01
2.521233341057184703e+02 2.602867655319627271e-01 7.213189353724300190e+01
2.520243687507021662e+02 3.293467728345129686e-01 6.894287860914504051e+01
2.520013095438714856e+02 3.159406246489158687e-01 6.851266711605437365e+01
2.520543706465565776e+02 2.482252696326255614e-01 6.947019997753061205e+01
2.521561499410178726e+02 2.183251881811032469e-01 7.109588459161892615e+01
2.522236967756431909e+02 1.916866784630940346e-01 7.171289918267611085e+01
2.522071800219076465e+02 2.188535698236153126e-01 7.113579583754633973e+01
2.521236500814515296e+02 2.469157257611504230e-01 6.953836823109763543e+01
2.521237097657566437e+02 2.765630266262217862e-01 6.925823994495000591e+01
2.521097050190989819e+02 2.815378890012358304e-01 6.913776893045725558e+01
2.523409044629816833e+02 1.887902342433434577e-01 6.934273887765419886e+01
2.525022328951803274e+02 1.605262049207954178e-01 7.159728190652735691e+01
2.525627475143242293e+02 1.533272244691607777e-01 7.299699998595663430e+01
2.526386115324120851e+02 1.705637007077856482e-01 7.420030930513425460e+01
2.526842419391079773e+02 1.573348500168520459e-01 7.509383426019547869e+01
2.527254925710594193e+02 1.646444219750589910e-01 7.535351891641388988e+01
2.527611908072126710e+02 1.622359847208178774e-01 7.593948011459386294e+01
2.528109464526457657e+02 1.458034911807662148e-01 7.690410136501516547e+01
2.528389770110100017e+02 1.494477446354342265e-01 7.746432282889563226e+01
2.529008310161779605e+02 1.320708347376699232e-01 7.915545128356365012e+01
2.529220610745983606e+02 1.090993989439388856e-01 8.224131593360296222e+01
2.527500631951466232e+02 1.011543646781260519e-01 8.427326283563644438e+01
2.526867802774969221e+02 1.102456886866644142e-01 8.523181033029996456e+01
2.525456146079092150e+02 1.506537186832940245e-01 8.253499255701606785e+01
2.522162151724525359e+02 2.175124283788338331e-01 7.292469947196944702e+01
2.521185927143017693e+02 3.091664560161779818e-01 6.918458951241433397e+01
2.520810688405797180e+02 3.118592714301763880e-01 6.849193735254465309e+01
2.521846878159757352e+02 2.141578193461408930e-01 7.069056672003145536e+01
2.523338301174025275e+02 1.713343304123132183e-01 7.288430724075946898e+01
2.524283173941130087e+02 1.573295837546343223e-01 7.420078151331311744e+01
2.524944756909335979e+02 1.533851533535557921e-01 7.518781948657453995e+01
2.524650021767217254e+02 1.701002696326255614e-01 7.444577680878552428e+01
2.524202196382428838e+02 1.922255926300415751e-01 7.344566621727895495e+01
2.523829590776317389e+02 1.985556398157510283e-01 7.296540943433322468e+01
2.524504778255252120e+02 1.839470284237726128e-01 7.408538717559824249e+01
2.524957571480732383e+02 1.581985170205594815e-01 7.573108358611392532e+01
2.526075739383215364e+02 1.263850269632625645e-01 7.869339470284238303e+01
2.526805415121896488e+02 1.080882765981350385e-01 8.168993476856533675e+01
2.526513418436130678e+02 1.154592882822154803e-01 8.254362747163240499e+01
2.526165020082013370e+02 1.289795388158633815e-01 8.280570476631838517e+01
2.526287250028086646e+02 1.230760588697899088e-01 8.394355971239185976e+01
2.526075388299067583e+02 1.287443124368048419e-01 8.429072400572970025e+01
2.526073334456802684e+02 1.242153269295584728e-01 8.476463143186158788e+01
2.526244698629367349e+02 1.192088669812380597e-01 8.642489783451297569e+01
2.526563272385125174e+02 9.711338613638917372e-02 8.894410389282103324e+01
2.526558690736995914e+02 9.135911695315132586e-02 9.115410838669812676e+01
2.527184480676328633e+02 1.197899112459274301e-01 9.200784146444219402e+01
2.523222724272553705e+02 2.039377598022694138e-01 8.311453944781484893e+01
2.521512242304235372e+02 2.213129142792944481e-01 7.408871545331984976e+01
2.521023620941467129e+02 2.834512976070104329e-01 7.269138474609594880e+01
2.521518702252555784e+02 2.154375210650488759e-01 7.383216422312099780e+01
2.523281004241096639e+02 1.639352319964048899e-01 7.690963094034378855e+01
2.524901678884395153e+02 1.321287636220649375e-01 7.973158037018312427e+01
2.525641588725985969e+02 1.205622963711942414e-01 8.162833529940455435e+01
2.525341306454330947e+02 1.500919840467363209e-01 8.082606589147286513e+01
2.524063904336591406e+02 1.966158998988877527e-01 7.848027960341534026e+01
2.522797104960116883e+02 2.215832490731378390e-01 7.634009345860015117e+01
2.522550521008875535e+02 2.185744579260757159e-01 7.586881389731490799e+01
2.523512649561847070e+02 1.836995140995393849e-01 7.753311250140433231e+01
2.524806148887765289e+02 1.389152201999775404e-01 8.022202561509942598e+01
2.525466941916638461e+02 1.390503875968992220e-01 8.151997493259185035e+01
2.525793766149870692e+02 1.336752892933378289e-01 8.252545360071901825e+01
2.525776089063026575e+02 1.372721463880462733e-01 8.303456072351421824e+01
2.525345537018312427e+02 1.592324598359734777e-01 8.233334386585777054e+01
2.525144383355802802e+02 1.656625660038197889e-01 8.188452666835186733e+01
2.524616247472194175e+02 1.799815329738231606e-01 8.095994129873048450e+01
2.524620987108190207e+02 1.779821087518256295e-01 8.102994747781147566e+01
2.525393600438152930e+02 1.649024688237276659e-01 8.235661372317717621e+01
2.525954580243792691e+02 1.408479384338838236e-01 8.376523880743737038e+01
2.525076904982586257e+02 2.092689725873497497e-01 8.162264422536793518e+01
2.522872746039770675e+02 1.878774154589371859e-01 7.293561994438826446e+01
2.522402925233119788e+02 2.345329878665318446e-01 7.066429158240647723e+01
2.521651886024042142e+02 2.507425429726997113e-01 7.020305829401191033e+01
2.522152321368385515e+02 2.703031962700820356e-01 7.098733815020784732e+01
2.523129002359285380e+02 2.151601645882485203e-01 7.262537390461746156e+01
2.523674394028760730e+02 2.103766430738119309e-01 7.323915149983147899e+01
2.524054688377710249e+02 2.169647371081900866e-01 7.350209772778339357e+01
2.523711117430625848e+02 2.441948236153241303e-01 7.238163022413212389e+01
2.523432198629367349e+02 2.641680007864284918e-01 7.151039033535558076e+01
2.523222952477249805e+02 2.703453263678238239e-01 7.107445090439276214e+01
2.523097545219638107e+02 2.633482193012021133e-01 7.118452982810920560e+01
2.523559519295584721e+02 2.280888383327716040e-01 7.219474462139085347e+01
2.524459558617009236e+02 1.947621755982473779e-01 7.367787853892821204e+01
2.525291505167958519e+02 1.743957841815526322e-01 7.508808525727445726e+01
2.525413489355128718e+02 1.489808027187956296e-01 7.638545528592293010e+01
2.525685281148185481e+02 1.486648269857319404e-01 7.712852488484439561e+01
2.525490675205033142e+02 1.608281372879451776e-01 7.658668618694528618e+01
2.525658107235142040e+02 1.598819655094933234e-01 7.715159813504101294e+01
2.525897880153915196e+02 1.524565357824963496e-01 7.798555288731603241e+01
2.525882853752387405e+02 1.585004493877092413e-01 7.838279406808223371e+01
2.526294289265251223e+02 1.347109875294910664e-01 8.012235984720817328e+01
2.526229268481069425e+02 1.328414644421974933e-01 8.089884914616335720e+01
2.522891160403325443e+02 2.352053140096618256e-01 7.309724504269183853e+01
2.520881221211099898e+02 3.253795219638243030e-01 6.781527356476800605e+01
2.520366777609257269e+02 3.313374199528142938e-01 6.660488990001123000e+01
2.520983895770138190e+02 2.546746854286035533e-01 6.714384619705650437e+01
2.522026229496685801e+02 2.094813784967981263e-01 6.884012154533198213e+01
2.522763207785642123e+02 2.184182254802831125e-01 6.966828692000898116e+01
2.523886027553083977e+02 1.721312914279294337e-01 7.110823046567801953e+01
2.523697407594652304e+02 1.893589905628580983e-01 7.064314051791933480e+01
2.523261624396135403e+02 2.168348359734861286e-01 6.950998483316480758e+01
2.523223654645545366e+02 2.174632765981350524e-01 6.929238814459048967e+01
2.523170921806538729e+02 2.132765981350410178e-01 6.927437577238512745e+01
2.523653100775193820e+02 1.950939501179642654e-01 6.971487403100775282e+01
2.525052451971688470e+02 1.526250561734636690e-01 7.249502689304571845e+01
2.526005768312549264e+02 1.266500954948882041e-01 7.560936095663409162e+01
2.526194686692506366e+02 1.354061341422312104e-01 7.609229475620716698e+01
2.526618655909448421e+02 1.260778283338950811e-01 7.744522736209414404e+01
2.526435284659027047e+02 1.318689613526569937e-01 7.803245772946860370e+01
2.525815392933378405e+02 1.588374901696438524e-01 7.707767736771148748e+01
2.525896914672508728e+02 1.594905066846421804e-01 7.723369214133244043e+01
2.526060186355465760e+02 1.418678378833838905e-01 7.871038190933603573e+01
2.526209800865071315e+02 1.468251460510054951e-01 7.911548737501404105e+01
2.526304154729805589e+02 1.415465958881024500e-01 7.994180078081114971e+01
2.524726944304010772e+02 1.854988203572632277e-01 7.695551763846758320e+01
2.521910424390517846e+02 2.409753819795528718e-01 6.842803652679474169e+01
2.520965411189754093e+02 3.794412144702842271e-01 6.558021043983822551e+01
2.520529873750140553e+02 2.789802409841590780e-01 6.505629283226603832e+01
2.521593149646107292e+02 2.168752106504887034e-01 6.702710194079317318e+01
2.522922687759802329e+02 1.857042045837546396e-01 6.916347706718346444e+01
2.524165894281541398e+02 1.497742528929333905e-01 7.170494186046511231e+01
2.525239878244017575e+02 1.375319486574542172e-01 7.386968458600156850e+01
2.525056331451522169e+02 1.569433911920009028e-01 7.343107340467362576e+01
2.524329938349623603e+02 1.989102348050780789e-01 7.183667740984158456e+01
2.523566172340186426e+02 2.081174165824064837e-01 7.105556959892146551e+01
2.524388148101336924e+02 1.748381502078418248e-01 7.285590453319851179e+01
2.525255080187619399e+02 1.400018256375687997e-01 7.518896402089653463e+01
2.526230269070890984e+02 1.136406723963599569e-01 7.828179418042915927e+01
2.527406225424109607e+02 1.059624620829120317e-01 8.083229763509717714e+01
2.526800745702730069e+02 1.088711942478373246e-01 8.201543716998089906e+01
2.522783728654083859e+02 1.555776738568700190e-01 8.205479896921694660e+01
2.522852786905965559e+02 1.666210257274463591e-01 8.219454099258510382e+01
2.523000733765869086e+02 1.664893691720031321e-01 8.275931952870463704e+01
2.523707062408718116e+02 1.859236321761599808e-01 8.300970045500505989e+01
2.524489909841590816e+02 1.608000505561172910e-01 8.434649898887765573e+01
2.526001871278508020e+02 1.202199893270419068e-01 8.701800008426019417e+01
2.526955696691383082e+02 1.085552185147736215e-01 8.868905179193349397e+01
2.525759061481855952e+02 1.956258426019548413e-01 8.495922157622739235e+01
2.523725055471295491e+02 2.414124817436243131e-01 7.219852404224243969e+01
2.522374364537692486e+02 3.017340046062240155e-01 6.869048948151892375e+01
2.521997194837658753e+02 2.549924165824064559e-01 6.894562584260195592e+01
2.523381308982136773e+02 1.771570610043815275e-01 7.193543035894843740e+01
2.524354496685765525e+02 1.503342321087518252e-01 7.438052079822492146e+01
2.525366092995168970e+02 1.426893747893495101e-01 7.619979496685765241e+01
2.525344940175261286e+02 1.438005561172902014e-01 7.692274568868666051e+01
2.524730033844511752e+02 1.862817380069655138e-01 7.544764984271429853e+01
2.523814195736433987e+02 2.163626277946298082e-01 7.341610844287158955e+01
2.523788180401078591e+02 2.001039209077631609e-01 7.378212771036962181e+01
2.525149667172227907e+02 1.547684248960790876e-01 7.631574050668464793e+01
2.526061590692057166e+02 1.243803364790472960e-01 7.867175914223120969e+01
2.526494863638916968e+02 1.095628300190989723e-01 8.152496910459498736e+01
2.526543681889675383e+02 8.469729524772497131e-02 8.547323685540951033e+01
2.526711517666554414e+02 9.704141388608021612e-02 8.696752296090326695e+01
2.526497918071003141e+02 1.155031738006965514e-01 8.736294377036287528e+01
2.526411902454780432e+02 1.069964048983260280e-01 8.860483021570610163e+01
2.526340035529715635e+02 1.172041764970228050e-01 8.942205405291539932e+01
2.525935270615661068e+02 1.166652623300752784e-01 8.997914735703854205e+01
2.526093662228963126e+02 1.098349202336816044e-01 9.103650572969328891e+01
2.526431844034378287e+02 1.024112459274238857e-01 9.216906106055499492e+01
2.525688195146612713e+02 1.332803196270082036e-01 9.134909701157172890e+01
2.521652254662397468e+02 2.230490253904055808e-01 8.305218339231547020e+01
2.523481841927873290e+02 2.424867992360408842e-01 7.082328179418043135e+01
2.522497559965172513e+02 2.409613386136389146e-01 6.818752808673183097e+01
2.522991517806987929e+02 2.018031681833501734e-01 6.998270208403549475e+01
2.524764282103134576e+02 1.484892849118076563e-01 7.350544531513313018e+01
2.526211784490506602e+02 1.141848528255252210e-01 7.804151394506234851e+01
2.526721119817997874e+02 1.019162172789574161e-01 8.132148599876418871e+01
2.526132404364678052e+02 1.338560976294798366e-01 8.084888460566229185e+01
2.524806341984046867e+02 1.850845410628019216e-01 7.784721695596000757e+01
2.523582901499831621e+02 2.211285951016739582e-01 7.507957322210987172e+01
2.523852516571171805e+02 2.028757302550275310e-01 7.533682486518368648e+01
2.524906313195146481e+02 1.556250702168295585e-01 7.756326360802157183e+01
2.525848658156386932e+02 1.177079822491854805e-01 8.039074261318953063e+01
2.526256512610942480e+02 1.016774800584204080e-01 8.286488175485899887e+01
2.526489404280417830e+02 1.039033535557802451e-01 8.448185070497696358e+01
2.525752057353106466e+02 1.281878440624648896e-01 8.449933469553982945e+01
2.525245934445567855e+02 1.405635602741265033e-01 8.408722334569149837e+01
2.525038461268396759e+02 1.537766121784069073e-01 8.359881789967418797e+01
2.525580851168408003e+02 1.352727221660487700e-01 8.490495449949443696e+01
2.526566537467700186e+02 1.140531962700820079e-01 8.715789658465341461e+01
2.526735005196045449e+02 1.021584653409729204e-01 8.887620421862712305e+01
2.525913134760139371e+02 1.136196073474890489e-01 8.898430478317042969e+01
2.522983179558476650e+02 2.026598135041006721e-01 8.257842166610492995e+01
