2.513953858993367874e+02 1.901485355091314389e-01 1.162676110316988201e+02
2.513991740135365944e+02 1.602372306517628187e-01 1.174300545429255465e+02
2.513991074255916658e+02 1.957256458290791146e-01 1.166869537938851522e+02
2.514261110568542676e+02 2.143569528172619698e-01 1.161547755394363435e+02
2.514568302954433250e+02 1.971017966907271102e-01 1.164171586775930081e+02
2.514622431554991238e+02 1.974007025768055035e-01 1.166495121323235651e+02
2.511709327343377822e+02 2.151841230663600613e-01 1.171237618341575484e+02
2.510484849022932963e+02 2.119686651928534837e-01 1.177883287609611216e+02
2.510675482910573919e+02 1.993376719078777948e-01 1.189900517610291786e+02
2.511149663064998663e+02 2.057019997099724939e-01 1.197482901695477011e+02
2.511252563635879369e+02 2.256769034533988028e-01 1.197552759848357056e+02
2.511273561034510351e+02 2.443466834764234374e-01 1.197250273010574233e+02
2.511142486364268507e+02 2.758605382081628088e-01 1.192125309633943857e+02
2.510573529368243157e+02 3.103782491217789707e-01 1.182160334892971036e+02
2.510332214655858820e+02 3.092950852177721588e-01 1.178670608673005802e+02
2.510177967380785446e+02 2.994252720487483033e-01 1.178565000192365204e+02
2.510457473978910912e+02 2.844577817631895877e-01 1.181921328562677047e+02
2.511021873400039794e+02 2.368163267722011578e-01 1.195209204525612705e+02
2.513010426192442139e+02 1.548391679170403046e-01 1.228005602265765788e+02
2.514043752719007614e+02 1.269772920310507092e-01 1.263697835743816995e+02
2.513764926797652492e+02 2.281480560759280019e-01 1.247370338473922686e+02
2.512593615251894903e+02 3.253738543174143905e-01 1.221154102261326670e+02
2.511925101879555768e+02 3.348397006205996451e-01 1.214012086451868697e+02
2.511381181950819723e+02 3.261684704601078844e-01 1.209896211589853721e+02
2.510731564757516310e+02 3.410782511934039585e-01 1.202792594828632247e+02
2.510382525547574915e+02 3.408400143238068392e-01 1.199253785894601663e+02
2.509773393824781920e+02 3.099210119000056496e-01 1.194777551872009127e+02
2.509731221459666983e+02 3.099387686853172230e-01 1.196124152483434386e+02
2.510519341578400656e+02 2.534425967522839773e-01 1.211025335973175459e+02
2.511470247026478262e+02 2.129275315996791984e-01 1.224400456941275337e+02
2.512033122323534542e+02 2.231717169923557176e-01 1.226820366440859544e+02
2.512164463345555987e+02 2.569821159577270198e-01 1.222179630599676301e+02
2.511823237121151635e+02 2.892432354046623466e-01 1.216467909049745657e+02
2.511366147872589067e+02 3.032252241054279596e-01 1.207442238657113478e+02
2.510819727196588360e+02 3.186780665228367004e-01 1.204785853169142200e+02
2.511595358376319496e+02 2.642180059721987995e-01 1.213891355109071100e+02
2.511886332898291982e+02 2.564153785598655144e-01 1.217218488364866431e+02
2.512100953243424897e+02 2.772707229083246627e-01 1.217974749851286873e+02
2.512815397500436632e+02 2.306192086984572287e-01 1.227211903556979991e+02
2.512600022491928087e+02 2.590966531419152119e-01 1.225341315008330838e+02
2.512288331720425276e+02 2.993646030322670293e-01 1.212945022033211160e+02
2.511237100435337197e+02 3.488601623562070375e-01 1.200752946886495636e+02
2.510523706788123093e+02 3.426038549980911507e-01 1.195268393809984673e+02
2.510259441430723371e+02 3.300172536763944509e-01 1.193306964507145693e+02
2.510599617045330092e+02 2.902198585967996625e-01 1.195410818025504653e+02
2.510415760330749606e+02 3.067144324191548588e-01 1.194645278618758795e+02
2.510601762656888525e+02 2.928108695201820932e-01 1.195790768839209335e+02
2.510811277926244145e+02 2.800881328444298490e-01 1.195168571081891287e+02
2.510643417115765317e+02 3.122131169373096871e-01 1.188675210639865725e+02
2.509956333105454576e+02 3.362439663923243449e-01 1.183888514023421266e+02
2.509459098724766761e+02 3.404182906726566094e-01 1.177378240243386358e+02
2.509373422235638600e+02 3.339281856412715244e-01 1.176746024699688320e+02
2.509130598196502433e+02 3.105646953675506583e-01 1.174817356665749202e+02
2.508266863766983761e+02 3.388187002625044908e-01 1.166987013871008827e+02
2.507853500602250847e+02 3.376171577897537635e-01 1.159843681099973622e+02
2.507157197860899203e+02 3.491339127964273592e-01 1.155877599519382954e+02
2.506903009479163984e+02 3.517308426482469441e-01 1.152552212347476654e+02
2.507049325390131287e+02 3.267396470542973108e-01 1.156308571496216331e+02
2.507764450323913366e+02 2.727264656006676558e-01 1.166911399560223686e+02
2.508759866113838655e+02 2.497181110331785636e-01 1.180366307683656970e+02
2.509384934551448794e+02 2.394236147487858735e-01 1.195058419823675138e+02
2.509809543680212016e+02 2.616802654047511445e-01 1.196751780857593559e+02
2.509841683461626189e+02 3.049165579063566334e-01 1.194827448438734621e+02
2.509740528974634515e+02 3.345141595565538917e-01 1.192304475597737792e+02
2.509705548107570507e+02 3.189532966951663107e-01 1.191900508731899180e+02
2.509667918520031265e+02 3.260323351060523955e-01 1.189959884462516868e+02
2.509425893536234184e+02 3.290095561099618537e-01 1.187436822837593553e+02
2.509467429616542233e+02 3.279456287233759038e-01 1.186630280054098989e+02
2.509561629362620181e+02 3.120533058695053596e-01 1.188620016632188907e+02
2.509473259761052759e+02 3.224321468841280791e-01 1.186732396366961666e+02
2.509470966176283468e+02 3.200320214028452015e-01 1.186073338482801063e+02
2.509302025161364895e+02 3.210796717362288666e-01 1.183560753361211511e+02
2.508974057336659769e+02 3.331350492306872635e-01 1.177751487870635856e+02
2.508973125105430881e+02 3.452954877049059235e-01 1.176564979476115695e+02
2.508997821834335014e+02 3.318624796166901869e-01 1.178714438338083283e+02
2.508948665133664235e+02 3.313016611472658912e-01 1.178150601215156001e+02
2.509031101009473161e+02 3.253013474440587527e-01 1.177603085537394350e+02
2.508834607382679565e+02 3.269349716927247296e-01 1.175501910334153166e+02
2.508422398408991967e+02 3.417204549288396787e-01 1.170095324342481007e+02
2.507923343957809834e+02 3.593973347065247403e-01 1.165349335156363253e+02
2.507733775477287566e+02 3.501090562564553310e-01 1.160506438314407518e+02
2.507593718833142589e+02 3.443040671916756112e-01 1.162954314750857492e+02
2.507720665050799198e+02 3.435375659590587660e-01 1.162818401356618381e+02
2.507790286446541757e+02 3.355514517651724260e-01 1.163931574227801775e+02
2.507956593538305867e+02 3.319172297047342512e-01 1.164561984498326410e+02
2.508472901665882375e+02 3.036972586482943326e-01 1.167766714314040541e+02
2.508431602342711813e+02 3.326304605814163207e-01 1.166662567808723878e+02
2.508778451549131603e+02 3.242462984501285894e-01 1.169232359373659023e+02
2.509187523490747367e+02 3.049668687980727766e-01 1.171541880857889453e+02
2.509374176899014230e+02 3.092580919150397234e-01 1.175193726527749476e+02
2.509231945048668422e+02 3.222501398346843127e-01 1.171694041710688765e+02
2.509200929863657450e+02 3.304582138449654871e-01 1.166883891340311692e+02
2.508356047221211043e+02 3.847703011846735355e-01 1.154948386944027590e+02
2.507230548181557310e+02 4.224294833663313486e-01 1.140681919745249360e+02
2.506122199237049983e+02 4.117946486967999364e-01 1.130947235712446570e+02
2.506162359166496572e+02 3.921423265532008040e-01 1.128196310140012315e+02
2.506236996854089512e+02 3.895631534866927925e-01 1.121755716945004338e+02
2.505776696586849823e+02 4.137922870443535017e-01 1.112383419305768939e+02
2.505860094288530036e+02 4.001905894956777066e-01 1.113110115744645583e+02
2.506727409669753399e+02 3.399921278251785139e-01 1.123584207115143840e+02
2.507543141589646609e+02 3.162749815773352458e-01 1.131221326491052110e+02
2.508648279515476531e+02 2.894415195073083980e-01 1.139075951689706159e+02
2.509412265203507673e+02 2.836409696388565993e-01 1.147699120151287815e+02
2.509684432330370782e+02 2.874927123193616874e-01 1.149081397103868341e+02
2.510268808134975131e+02 2.714139432197195112e-01 1.153422058070606937e+02
2.510275703686604629e+02 3.057688836013128242e-01 1.152352108174336109e+02
2.510375422833450330e+02 2.980875942219420871e-01 1.151469329592570574e+02
2.510222255762816701e+02 3.095140855699484161e-01 1.151336479243797726e+02
2.510217816566488693e+02 3.153013178494165625e-01 1.149602499563479086e+02
2.510405594571158758e+02 3.236958381054693690e-01 1.148381661384023005e+02
2.510738978215383952e+02 2.982296485044347301e-01 1.151483934548489287e+02
2.510657814909188801e+02 3.070976830354632536e-01 1.151604591904681598e+02
2.510448388423759809e+02 3.123773672014418246e-01 1.148812455793003267e+02
2.510573351800390185e+02 3.112187369598607978e-01 1.149608581262448297e+02
2.510849336636095472e+02 2.925474772047268468e-01 1.150686566104072455e+02
2.510802399533588414e+02 3.031971091953512554e-01 1.151510540131814508e+02
2.510781046999251203e+02 2.990893728599374191e-01 1.150811470291418459e+02
2.510863704834876557e+02 2.946620143889150389e-01 1.148263134842068212e+02
2.510905980781239464e+02 3.138570993107407947e-01 1.149081870618143313e+02
2.511220305475896737e+02 2.842225043578110455e-01 1.152416950035365630e+02
2.510536624849437146e+02 2.264626412034365377e-01 1.154998609051817198e+02
2.510993107407834941e+02 2.477944592910899524e-01 1.157936365600371715e+02
2.511067656311501253e+02 2.915516174951686690e-01 1.155993728895320771e+02
2.511177733583112115e+02 2.831067863473996638e-01 1.160396938138319456e+02
2.511371386124256162e+02 2.715900313407260680e-01 1.163620578930390508e+02
2.511295668232223193e+02 3.013326467376346018e-01 1.157894222829898894e+02
2.511227541365911122e+02 3.145658909910949985e-01 1.155073424307263394e+02
2.511254886815291059e+02 3.044371247029437622e-01 1.154478320444866597e+02
2.511454384298266689e+02 2.878093749907516541e-01 1.154255650357059295e+02
2.511435813660295082e+02 2.932710662061740470e-01 1.152832710366115379e+02
2.511510480942530137e+02 2.852997493333807033e-01 1.153873953459465724e+02
2.511522895894927103e+02 2.927975519311983854e-01 1.151260642973196155e+02
2.511584497142637247e+02 2.905838726956871954e-01 1.150864933012527445e+02
2.511815764473999764e+02 2.828611508172560463e-01 1.154060281326668616e+02
2.511693227858028479e+02 2.954655089242643751e-01 1.147985122773373092e+02
2.511838374780629692e+02 3.060677894873912175e-01 1.146552638510324158e+02
2.511620217875755827e+02 3.062039248414467063e-01 1.144617267289929856e+02
2.511436494337065142e+02 3.191501010657030735e-01 1.141903157452374842e+02
2.511474612236200699e+02 3.030772508944980514e-01 1.143197390344452060e+02
2.511516843790600149e+02 3.067085134907176491e-01 1.141469566349708060e+02
2.511046614520907099e+02 3.230284789241755772e-01 1.135489643354967058e+02
2.511070689762325401e+02 3.192359255280424191e-01 1.134019307544562167e+02
2.511115984362191114e+02 3.194312501664698378e-01 1.129945294303919212e+02
2.510896303333244646e+02 3.262972071536169305e-01 1.128936309370551498e+02
2.511161959638826886e+02 3.156520143593203875e-01 1.132465781194972436e+02
2.511449412398379479e+02 3.049269160311217086e-01 1.133253753340495251e+02
2.511779718199817069e+02 2.984190542144249947e-01 1.135804367577293874e+02
2.512038597332338838e+02 3.012261060257651057e-01 1.134841017582176903e+02
2.511893613180269824e+02 3.253531380678841844e-01 1.128320148920239490e+02
2.511961873222471695e+02 3.439578098780996518e-01 1.125379669664603881e+02
2.511575618749981516e+02 3.506905909754098327e-01 1.119633455559205544e+02
2.511320853272723639e+02 3.656136892976895592e-01 1.112800674165949033e+02
2.510606542191601704e+02 3.876750153152273559e-01 1.102801724775746663e+02
2.509266245238961801e+02 4.628350483428479989e-01 1.075478279012367580e+02
2.507836335709783100e+02 4.909884314543694894e-01 1.051552978848709188e+02
2.507095404248015029e+02 5.077967084838961309e-01 1.035391729481294760e+02
2.506985386165688681e+02 4.781058837108129733e-01 1.030863423685775899e+02
2.507493836915764689e+02 4.511392457509492693e-01 1.033062335194836265e+02
2.507832133270592578e+02 4.361702757332812652e-01 1.035005548995409868e+02
2.508002524422978468e+02 4.181589764988946634e-01 1.035842914598741089e+02
2.508050068215650299e+02 4.295203596340918528e-01 1.032565455949854822e+02
2.507752035371516399e+02 4.583470208553443448e-01 1.024026898570282782e+02
2.507912704683944014e+02 4.578024794391223340e-01 1.021343552363280196e+02
2.508796001171947694e+02 3.875403596932811556e-01 1.033872296159503321e+02
2.509939493754050659e+02 3.135374771751321954e-01 1.042670931254605620e+02
2.510418127902124468e+02 3.324395751393167675e-01 1.048440258775551257e+02
2.511737649415949818e+02 2.830446375988091012e-01 1.063018964246712841e+02
2.512637252551797928e+02 2.706504014513212431e-01 1.070961367154090453e+02
2.513545408539237940e+02 2.512481540341936492e-01 1.081783935436328647e+02
2.514219308136455027e+02 2.427944444937688573e-01 1.087583745438725771e+02
2.515019724829016923e+02 2.202240906306322243e-01 1.098771319240364761e+02
2.515181755494985225e+02 2.345493771807551919e-01 1.100916930798848199e+02
2.515127804462280210e+02 2.526820144481043418e-01 1.098659791831286867e+02
2.514956347902775633e+02 2.722677486467849906e-01 1.093113652304386818e+02
2.514842127381258763e+02 2.703322590478219878e-01 1.092816048582564576e+02
2.514752204060976908e+02 2.700614680718202987e-01 1.092537858946016343e+02
2.515694926590490184e+02 2.330696450714562773e-01 1.107783820017224059e+02
2.516523739342229362e+02 1.909816246866667122e-01 1.125816945300222898e+02
2.516821742591721147e+02 1.759505059204081734e-01 1.135840754189861457e+02
2.516470853716643035e+02 2.225295132569199696e-01 1.132641040665997849e+02
2.512933391338831939e+02 2.313250409145928277e-01 1.131358897185253625e+02
2.512896294454851898e+02 2.803056534644967623e-01 1.125159204377639526e+02
2.512683760531993187e+02 3.145214990278160094e-01 1.123670712254253488e+02
2.512866655420702671e+02 3.082267186348583432e-01 1.126606056839469829e+02
2.512990242646471302e+02 2.946694130494615371e-01 1.130484775036327392e+02
2.513458355899248033e+02 2.626642872574349030e-01 1.136845625467965277e+02
2.514037375073616545e+02 2.361563662514538364e-01 1.146164075655743346e+02
2.515524076721150379e+02 1.753334576308305248e-01 1.168731144513597258e+02
2.516072184291755889e+02 1.815912447210557001e-01 1.173893189976886617e+02
2.515996762346144919e+02 2.351974998446281218e-01 1.161024610904441801e+02
2.515710981683876071e+02 2.519628646429850072e-01 1.154456908721245156e+02
2.515291359252320831e+02 2.754787673239636470e-01 1.146994382936913155e+02
2.514842793260708049e+02 2.867913192995539817e-01 1.142069538530744381e+02
2.514547261163838812e+02 2.953782047298157409e-01 1.137055185129284212e+02
2.514114261954015888e+02 3.085759354126528797e-01 1.131934276218633357e+02
2.513678273685331988e+02 3.176688892242948148e-01 1.126392309536281573e+02
2.513819232966063737e+02 2.966389364869383982e-01 1.128457985966220605e+02
2.514073746888863354e+02 2.748750366233697062e-01 1.133993708179071263e+02
2.515002367571374862e+02 2.380149097807333081e-01 1.147570901364017004e+02
2.515458761345846028e+02 2.240447589368420866e-01 1.155059085703124282e+02
2.515689629149538860e+02 2.351605065418956586e-01 1.154795471427852647e+02
2.515877703100630640e+02 2.351205537749445906e-01 1.155454041000417220e+02
2.515766294070121489e+02 2.404993799922462150e-01 1.154313922207523575e+02
2.515582496544825517e+02 2.531969612221403598e-01 1.148854924104540061e+02
2.515003418181172492e+02 2.967395582703707402e-01 1.142141364727329744e+02
2.514704423511167590e+02 2.885832748839149975e-01 1.140504914190334915e+02
2.514466171844249232e+02 2.857836217331214401e-01 1.138336647933258092e+02
2.513894995250059878e+02 3.173847806593094178e-01 1.127405289746344295e+02
2.513200068659569979e+02 3.268639445514783803e-01 1.120490619978159117e+02
2.512953293735702118e+02 3.148174454496757702e-01 1.119071542088020408e+02
2.513027517098304600e+02 2.906770958185729836e-01 1.123644950118230526e+02
2.512997700496302116e+02 2.823876365422803847e-01 1.126278725299571732e+02
2.512932740256703994e+02 2.980727969008490907e-01 1.121243433688764952e+02
2.512445035350800140e+02 3.112705275836862295e-01 1.115872109713257458e+02
2.512138612425606539e+02 3.195688652526346707e-01 1.111617006857078565e+02
2.511812139130331900e+02 3.095673559258831919e-01 1.111362936853911947e+02
2.511694322859789565e+02 3.125223809481531556e-01 1.110070775586787732e+02
2.512203898206268775e+02 2.794784832153986986e-01 1.115906069565165950e+02
2.511925368231335369e+02 3.066522836705642963e-01 1.113621303999124024e+02
2.512205644290157807e+02 3.000142054282492476e-01 1.113986353910487992e+02
2.512145064057602895e+02 3.003678614023717053e-01 1.113569883308325927e+02
2.512134335999810730e+02 2.928005113954169625e-01 1.114044877315410815e+02
2.512391291480590212e+02 2.872707525029668529e-01 1.117100775675571640e+02
2.512540537261134261e+02 2.824986164504778019e-01 1.116436464742423027e+02
2.512152092785122193e+02 3.035685219547852864e-01 1.112876022124954432e+02
2.512067762852213377e+02 2.990982512525932058e-01 1.111861858129204279e+02
2.512056146955155214e+02 3.130639629001565338e-01 1.109941994501315463e+02
2.511947386645121867e+02 3.131808617367911607e-01 1.108519838768389434e+02
2.511787738347849483e+02 3.180980115359915428e-01 1.106040029713020800e+02
2.511754962281628423e+02 2.980727969008490907e-01 1.108199047644414463e+02
2.511754015253078478e+02 2.795347130355520515e-01 1.110638741162299965e+02
2.512265677021831891e+02 2.573017380933355636e-01 1.117685536210524475e+02
2.512867202921583214e+02 2.472632354638516217e-01 1.124378127783746066e+02
2.513068638853621906e+02 2.492904684535911519e-01 1.125880618172886045e+02
2.512881304768584698e+02 2.539249894199154256e-01 1.121952254963761391e+02
2.513259716660895720e+02 2.372247328343676798e-01 1.131215008034945413e+02
2.514371454191933140e+02 1.922127618016034323e-01 1.148882876244084770e+02
2.514919591357180764e+02 1.740682866773799187e-01 1.157392490063598842e+02
2.514751345816353307e+02 2.147402034335703924e-01 1.154531931139186582e+02
2.514635349616305575e+02 2.196174004658196788e-01 1.153651875264502138e+02
2.511014060414502467e+02 2.187147638791473170e-01 1.159008461108200976e+02
2.511304872165943038e+02 2.473608977830653588e-01 1.158899316067819143e+02
2.511395106229968235e+02 2.833968138408222703e-01 1.158088999967445858e+02
2.511812908591028588e+02 2.661712523564733757e-01 1.164445189242939449e+02
2.512171122140047714e+02 2.518829591090828712e-01 1.169527240388400031e+02
2.512558234857161494e+02 2.460631727232101829e-01 1.173394209512309914e+02
2.512671286390311991e+02 2.526420616811532183e-01 1.171187381436464676e+02
2.512677782414271803e+02 2.726509992630933854e-01 1.166906856782648134e+02
2.512796812065143683e+02 2.647625473884208103e-01 1.166981642443452074e+02
2.512939798578865407e+02 2.644532833775773417e-01 1.167168473419572052e+02
2.512890479107662429e+02 2.605601081980118416e-01 1.166802062154667539e+02
2.512951088934859172e+02 2.630001864462457872e-01 1.167283359820538067e+02
2.512790005297440814e+02 2.628093010041462341e-01 1.167086969774991871e+02
2.512722869851642145e+02 2.762511874850177018e-01 1.162888111536287425e+02
2.512390314857398153e+02 2.872707525029668529e-01 1.160683813802349249e+02
2.511522289204762330e+02 3.048632875504218576e-01 1.150861056114401038e+02
2.509449939183010372e+02 3.634828750602990821e-01 1.129196209518228784e+02
2.506281640371826995e+02 4.185126324730170655e-01 1.094340882926555025e+02
2.504659794790751164e+02 4.312176123634577363e-01 1.072839014024900877e+02
2.504815388622043884e+02 3.874722920162533835e-01 1.076570750431341850e+02
2.505391122791129987e+02 3.598234975540028358e-01 1.082203927800910890e+02
2.505408702008588477e+02 3.613269053770505335e-01 1.080232465914370863e+02
2.505884657841544367e+02 3.375490901127259913e-01 1.088475816738137780e+02
2.506929407899993691e+02 2.880239361466000458e-01 1.102066401498672690e+02
2.508406979600413251e+02 2.550066735918129490e-01 1.115997679780052607e+02
2.509681102933124919e+02 2.261800123705604293e-01 1.129539596151512768e+02
2.510479196446275409e+02 2.273593588616716898e-01 1.132668726453762815e+02
2.510450548832639299e+02 2.799623556151394355e-01 1.129190749306745545e+02
2.510655121796749825e+02 2.750718409939064690e-01 1.131982841026460562e+02
2.510739392540374411e+02 2.728315265804278633e-01 1.132871686509874252e+02
2.510683236706826733e+02 2.818712100361350781e-01 1.130752784115963578e+02
2.510703331468870942e+02 2.906016294809987688e-01 1.127592165114427729e+02
2.510724536029997012e+02 2.934663908446014657e-01 1.124951464786815052e+02
2.510500770940429049e+02 3.012024303120163227e-01 1.125178929206656449e+02
2.510451022346914272e+02 2.970266262995747142e-01 1.124549821100387987e+02
2.510751615127597347e+02 2.839487539175907793e-01 1.127291468752497110e+02
2.511195031651469947e+02 2.694799333528657970e-01 1.130320998286470200e+02
2.511176623784030255e+02 2.854669590617314734e-01 1.130704737214374660e+02
2.511333475387615692e+02 2.820783725314369161e-01 1.132095300666767344e+02
2.511532676924169607e+02 2.692254194300663928e-01 1.134041325958348523e+02
2.511293123092995359e+02 3.021109858271258664e-01 1.130037304046475413e+02
2.510945948345511454e+02 3.186499516127600518e-01 1.122925667137221524e+02
2.510339776086937320e+02 3.195614665920881725e-01 1.118504390365168319e+02
2.510199823024039745e+02 3.040997457820236449e-01 1.119482078964424261e+02
2.510185351244010690e+02 2.974424310222877343e-01 1.120677968860517524e+02
2.510364635586373367e+02 2.857259121808587987e-01 1.122090269577595620e+02
2.510462845406467522e+02 2.723210190027197664e-01 1.122877472262421605e+02
2.510144643813683842e+02 2.950940961648303440e-01 1.120538607690463664e+02
2.510271442058129878e+02 2.953930020509086818e-01 1.120609250101361596e+02
2.510320140041846741e+02 2.765915258701564516e-01 1.123549744154318262e+02
2.510949322134720774e+02 2.565692706992326322e-01 1.130429980556320118e+02
2.511625870452413380e+02 2.128431868694491413e-01 1.140815199216333866e+02
2.511726521830487684e+02 2.375384360415390417e-01 1.142509004169885145e+02
2.511944441978224347e+02 2.348734385126916568e-01 1.141972068576704942e+02
2.511913027265543974e+02 2.568356224789064002e-01 1.141267168591798082e+02
2.511877809641342481e+02 2.440167032160497629e-01 1.141477645687024847e+02
2.511656545299039180e+02 2.578226037958087913e-01 1.140808259272741196e+02
2.511440400829833663e+02 2.591972749253474984e-01 1.140623085596583621e+02
2.511166369240512779e+02 2.591336464446476473e-01 1.136503363431084495e+02
2.510730025836122650e+02 2.756726122302818327e-01 1.134765995164235477e+02
2.507280503937567175e+02 2.241113468817605148e-01 1.130061394085214772e+02
2.506705272877398158e+02 2.692342978227221795e-01 1.120619164306493900e+02
2.505999174309482953e+02 3.275564591786302993e-01 1.113533955412712118e+02
2.506150743269438408e+02 3.099254510963335152e-01 1.117752508885791372e+02
2.506292028091234272e+02 3.073018860665465146e-01 1.120982852864317465e+02
2.506505982556917900e+02 2.968224232684914532e-01 1.122170589436488370e+02
2.506588507216653454e+02 2.942684056478415133e-01 1.122414049760431425e+02
2.506614461717850588e+02 2.948099875998449471e-01 1.120694393886930698e+02
2.506567347047490557e+02 2.901266354739138187e-01 1.121356366843346706e+02
2.506736095697235100e+02 2.878759629356701377e-01 1.122215691671179911e+02
2.506656456515112552e+02 2.933169379015623246e-01 1.120846036833491723e+02
2.506315215493387143e+02 3.043927327396648286e-01 1.117013338305233248e+02
2.505894897587740786e+02 3.032829336576906010e-01 1.114955016143877344e+02
2.505703612617971601e+02 3.018712692254194030e-01 1.113602896131684332e+02
2.505849706569122759e+02 2.966759297896708891e-01 1.114955016143877344e+02
2.505342202847596411e+02 3.087165099630362897e-01 1.110088458385493908e+02
2.504527255185721231e+02 3.331246911059221882e-01 1.100976046096614738e+02
2.504289284667903814e+02 3.276970337290137092e-01 1.098901550463304062e+02
2.503766080988697809e+02 3.331454073554523942e-01 1.095582407760899031e+02
2.503624115490131601e+02 3.292921849428379621e-01 1.095254291962983046e+02
2.503967664893947642e+02 3.180269843947451935e-01 1.097167570782985422e+02
2.503945054587317429e+02 3.209494553106105874e-01 1.096749265313007697e+02
2.504021956265037829e+02 3.263297612600215003e-01 1.095579773837744426e+02
2.503977771464253976e+02 3.280358923820431705e-01 1.095684568465725022e+02
2.504140246049855136e+02 3.158695349793873564e-01 1.097908546636716949e+02
2.504264247600614510e+02 3.134324161953719878e-01 1.099766113542804220e+02
2.504453579323999293e+02 3.012645790606068852e-01 1.099930023468551212e+02
2.504458151696216817e+02 3.225638430418557023e-01 1.099715181163602153e+02
2.504404378231365058e+02 3.266005522360231894e-01 1.098429634299006494e+02
2.504440454100189584e+02 3.309228497272853620e-01 1.097900052974409562e+02
2.504249716631300942e+02 3.382504831325336969e-01 1.095105490102071855e+02
2.503966732662718755e+02 3.461833269704852611e-01 1.091701677128372694e+02
2.503479220121989215e+02 3.628924619486887937e-01 1.084806273472250524e+02
2.502965782674704656e+02 3.502540700031666066e-01 1.082527915146241924e+02
2.502862822914539436e+02 3.445704189713494348e-01 1.082411475026561192e+02
2.503172131317346327e+02 3.185315730440161364e-01 1.086373250586713795e+02
2.503388334975836074e+02 3.106993509894968586e-01 1.090303182311874224e+02
2.503448130950372672e+02 3.230758303516731433e-01 1.088813831943864869e+02
2.503513949434594394e+02 3.286810555816974677e-01 1.088629546106972725e+02
2.503768359776146042e+02 3.308858564245529266e-01 1.089035954530791770e+02
2.504033838513875310e+02 3.363978585316914072e-01 1.089756317716240659e+02
2.504167206768886444e+02 3.322812438036217841e-01 1.090302501635104022e+02
2.504261539690854477e+02 3.302821257239589303e-01 1.090747634648223254e+02
2.504550664547690246e+02 3.171125099511984402e-01 1.092786261575204492e+02
2.504800058597391512e+02 3.059997218103634453e-01 1.093523034989745497e+02
2.504858345245176849e+02 3.352125931121429647e-01 1.092252551798022466e+02
2.505120021071385281e+02 3.414126706501054986e-01 1.089892556651543742e+02
2.504571454783825857e+02 3.640718084398000820e-01 1.084063359169455936e+02
2.504687332605305130e+02 3.415369681472866237e-01 1.085214427979958458e+02
2.505045901290030486e+02 3.059094581516962341e-01 1.088860147558885956e+02
2.504954705400134287e+02 3.196088180195857387e-01 1.090649824355798643e+02
2.505203137623964551e+02 3.171554221823680852e-01 1.092092000864163595e+02
2.505635781698081246e+02 3.036040355254084888e-01 1.096343833512380854e+02
2.505920881683580035e+02 2.932163161181299826e-01 1.097853027087976017e+02
2.505950387541839461e+02 3.139665994868289234e-01 1.096521889677092929e+02
2.506147117925770829e+02 3.272930668631751083e-01 1.096547459447941577e+02
2.506009132906578714e+02 3.286736569211509695e-01 1.094790647501176437e+02
2.506292738362646730e+02 3.066863175090781546e-01 1.095838623375624081e+02
2.506135960745666580e+02 3.147360601836643457e-01 1.096332069642111975e+02
2.506323265236061673e+02 2.941293108295673919e-01 1.098326570957593873e+02
2.505667359181293818e+02 2.468681469906688075e-01 1.099613982284647165e+02
2.505995090248861459e+02 2.614331501424981830e-01 1.102832828744684122e+02
2.506064977996383618e+02 2.847211740786447787e-01 1.103506314016910324e+02
2.506268337580164598e+02 2.879218346310584153e-01 1.106974761689143776e+02
2.506325218482446076e+02 3.077132515929316137e-01 1.104509986712005656e+02
2.506188890763216364e+02 3.211980503049727820e-01 1.100162149044537045e+02
2.506298923642863770e+02 3.256254087759952176e-01 1.098873701905007181e+02
2.506139689670582129e+02 3.312350732023474631e-01 1.098119763597998286e+02
2.505991553689120224e+02 3.347331599087301490e-01 1.094400871266265938e+02
2.505975069473422536e+02 3.374913805604633499e-01 1.093121835222951290e+02
2.506267494132862055e+02 3.183569646551188126e-01 1.095347352315336877e+02
2.506497133758904283e+02 3.105262223327088789e-01 1.095547323312587480e+02
2.506539838827578706e+02 3.146709519708552061e-01 1.094423792316639066e+02
2.506530842056354231e+02 3.304508151844189889e-01 1.091395165419252464e+02
2.506317716240651805e+02 3.301149159956081602e-01 1.090125925202501378e+02
2.506378133702674518e+02 3.284650146937398429e-01 1.090434330968721355e+02
2.506441954548548665e+02 3.160959339921100564e-01 1.090620658835924388e+02
2.506374271601869168e+02 3.120325896199752091e-01 1.089219663272161256e+02
2.506321696720025898e+02 3.024986756397621823e-01 1.090147988008251048e+02
2.506381877424911124e+02 2.976555124460267820e-01 1.090751363573138661e+02
2.506311723325609080e+02 3.081616104220492036e-01 1.089384756983595679e+02
2.506329317340388627e+02 3.057540862802198278e-01 1.089894983412203118e+02
2.505799602839901752e+02 3.087816181758454293e-01 1.087947581969760193e+02
2.505384390010032689e+02 3.180994912681008313e-01 1.084615979922994740e+02
2.505407311060405675e+02 3.100275526118751457e-01 1.084434150441404086e+02
2.505292424659439519e+02 3.056667820857711937e-01 1.084994066274241646e+02
2.505196345653582739e+02 3.093838691443301370e-01 1.083446014933456496e+02
2.504883323123181640e+02 3.196147369480229483e-01 1.080082746619551983e+02
2.504794494804660587e+02 3.328183865592972968e-01 1.076116161930044228e+02
2.504687806119580102e+02 3.305958289311303200e-01 1.075455417151278965e+02
2.504570818499018969e+02 3.225416470602162078e-01 1.074781621135309706e+02
2.504896803482697578e+02 3.107688983986339193e-01 1.077648261758691177e+02
2.504654822890863954e+02 3.186011204531531416e-01 1.074810283546266731e+02
2.504872683849315820e+02 3.254848342256118077e-01 1.074160118852083059e+02
2.505169710475615545e+02 3.138497006501942965e-01 1.075944572194649851e+02
2.505171057031834891e+02 3.209376174537361681e-01 1.077198452792106451e+02
2.505553212646382519e+02 3.188881884823571711e-01 1.078310353093675928e+02
2.505533680182539626e+02 3.136647341365318975e-01 1.078642345789718178e+02
2.505654115578915651e+02 3.225224105427953458e-01 1.076576225440146288e+02
2.505611839632553028e+02 3.160308257793009168e-01 1.076952388139651191e+02
2.505633621289201756e+02 3.149402632147476067e-01 1.077191941970825582e+02
2.505954989508699384e+02 3.267041334836741084e-01 1.076841201068958469e+02
2.505838534591697453e+02 3.311270527583686230e-01 1.075485973619336022e+02
2.505738919026099438e+02 3.407379128082652087e-01 1.072859759869073315e+02
2.505656335177079654e+02 3.332060763719336127e-01 1.073102894651952255e+02
2.505418675403005011e+02 3.378317189456020997e-01 1.071066102592786535e+02
2.505351421578637314e+02 3.333673671718472287e-01 1.071274907590729839e+02
2.505231607669747405e+02 3.228657083921526727e-01 1.070070967951962047e+02
2.505108005646657716e+02 3.383096724169056269e-01 1.067015528308754995e+02
2.505102412259284677e+02 3.213608208369956865e-01 1.065911337411475017e+02
2.504937540507666540e+02 3.349092480297367058e-01 1.066043655056688522e+02
2.504830970201154798e+02 3.402880742470383302e-01 1.064688560782955875e+02
2.505212016016620282e+02 3.282134602351590158e-01 1.065797294457811404e+02
2.505160018230299670e+02 3.308281468722902297e-01 1.065365567817602255e+02
2.505258657172705341e+02 3.239163181897549149e-01 1.064231900656705108e+02
2.504929165223927896e+02 3.337136244854231326e-01 1.064118109257500038e+02
2.505046419196268630e+02 3.371895152101663240e-01 1.063635968144327109e+02
2.505285292350672819e+02 3.197464331057505160e-01 1.063998828052169472e+02
2.505161793908830816e+02 3.373626438669543037e-01 1.064138026451691132e+02
2.505629759188396406e+02 3.101207757347609895e-01 1.067397683923302480e+02
2.504857990109470620e+02 2.673698353650055259e-01 1.070138206979008544e+02
2.504941476595077177e+02 2.989369604526796453e-01 1.068198914468524663e+02
2.504778469305916815e+02 3.332489886031033133e-01 1.067040402605512242e+02
2.505092808797895145e+02 3.334709484194981477e-01 1.068606861813737225e+02
2.505221826640504901e+02 3.293972459225981697e-01 1.069686740712461415e+02
2.505441818413194426e+02 3.431217612363457459e-01 1.069641016990284044e+02
2.505464206760008210e+02 3.434902145315611999e-01 1.071010745814577660e+02
2.505430883192906890e+02 3.437787622928745179e-01 1.069853728480995869e+02
2.505291448036247459e+02 3.491753452954877157e-01 1.068207556104042908e+02
2.505103359287834621e+02 3.413549610978428572e-01 1.067004785453641489e+02
2.505233516524168351e+02 3.329545219133527856e-01 1.067342001604029633e+02
2.505120450193696797e+02 3.356550330128233450e-01 1.062770339657708405e+02
2.505039168508933187e+02 3.460856646512715518e-01 1.059989390320776295e+02
2.504912858576083465e+02 3.361596216620942879e-01 1.058961982722647832e+02
2.504988502481510864e+02 3.437388095259234500e-01 1.058854021467953430e+02
2.505142335431593494e+02 3.317174658699789114e-01 1.060511040281267441e+02
2.505247455600637920e+02 3.349521602609063509e-01 1.060906173146413636e+02
2.505607681585325679e+02 3.309080524061923656e-01 1.061726329465313654e+02
2.505621798229648505e+02 3.275742159639418727e-01 1.062393570268038729e+02
2.505856616918073030e+02 3.262128624233868734e-01 1.062576997860307415e+02
2.505986345032095528e+02 3.295851719004791458e-01 1.062964036590815624e+02
2.506141258186617904e+02 3.271258571348243382e-01 1.063341516251897758e+02
2.506249530185055221e+02 3.300276118011595261e-01 1.062359151699176323e+02
2.506345653582875457e+02 3.229071408912130292e-01 1.062971331670114381e+02
2.506480294407500367e+02 3.167262998706714128e-01 1.064354555651244851e+02
2.506776610762387634e+02 3.153679057943349906e-01 1.065077567557169402e+02
2.507043362069730961e+02 3.126999488012690009e-01 1.066681745136860400e+02
2.507077292326997053e+02 3.086366044291341537e-01 1.066934143042743557e+02
2.507508944980600631e+02 3.061047827901236529e-01 1.068511744633751448e+02
2.507622588406594843e+02 3.029381560762239856e-01 1.067853189858508074e+02
2.507827205762668825e+02 3.218461729688457118e-01 1.067417467941603917e+02
2.507869022992077532e+02 3.067144324191548588e-01 1.069685453345526298e+02
2.507799727137399088e+02 3.080269548001030033e-01 1.068947081820307261e+02
2.507743201370823840e+02 2.971464846004279181e-01 1.069786489453949230e+02
2.507811994116585197e+02 2.906460214442777024e-01 1.069228304907679501e+02
2.507623535435144788e+02 3.030432170559841931e-01 1.066663070917641107e+02
2.507167141660673622e+02 3.087209491593642108e-01 1.064466201438891488e+02
2.506595506349530353e+02 3.333836442250495136e-01 1.055098061846883297e+02
2.506054960210003628e+02 3.477651605953258063e-01 1.045798922163131550e+02
2.506294632419746620e+02 3.565444111997964072e-01 1.049736548495260422e+02
2.506532662126848550e+02 3.233185064175981838e-01 1.054808478273093471e+02
2.506734645559767785e+02 3.117943527503780898e-01 1.055609072533508481e+02
2.507398290613467395e+02 2.947685551007845350e-01 1.060158656876758982e+02
2.507435298713520808e+02 3.126511176416621463e-01 1.060059485230793825e+02
2.507400569400915629e+02 3.177280785086668002e-01 1.058531188313667712e+02
2.507499208343321584e+02 3.158192240876711576e-01 1.059588945217357860e+02
2.507662481984261547e+02 3.082725903302466208e-01 1.061309503727445218e+02
2.507891426136212374e+02 3.130254898653148099e-01 1.061202193554878761e+02
2.508129470640635361e+02 3.079248532845613728e-01 1.062452744755089498e+02
2.508100097958265735e+02 2.997537725770126338e-01 1.064998416686643026e+02
2.508414437450244066e+02 2.878004965980958674e-01 1.067458767264774337e+02
2.508536426565334523e+02 2.951769611629510570e-01 1.065997635388089293e+02
2.508702230548181547e+02 2.821050077094042763e-01 1.067350214117236220e+02
2.508525728102184473e+02 3.189606953557128088e-01 1.063871141968458005e+02
2.508676882737149185e+02 3.054921736968739254e-01 1.066101246230382458e+02
2.508871733861301720e+02 2.947138050127404707e-01 1.070375940739688474e+02
2.509017768623168365e+02 2.805216943524544426e-01 1.071607299814441632e+02
2.508777726480398087e+02 2.912556710733089083e-01 1.069391001453096948e+02
2.508795971577305579e+02 2.905335618039709966e-01 1.069612280592721447e+02
2.508923509687806188e+02 2.703115427982917818e-01 1.069285230201924293e+02
2.505391048804524416e+02 2.784293531499057450e-01 1.066975708717693720e+02
2.505158316538373811e+02 3.089591860289613301e-01 1.063858830597308724e+02
2.504825154853965330e+02 3.756788271051408890e-01 1.057091675323099480e+02
2.505144688205647299e+02 3.582505423218180773e-01 1.062008026066960866e+02
2.505304943193084455e+02 3.520963364792438210e-01 1.063483925670096681e+02
2.505382155614547628e+02 3.530137703870091515e-01 1.063630004823926640e+02
2.505291137292504686e+02 3.685050858392596718e-01 1.061485103536855661e+02
2.505363999301566480e+02 3.534354940381593257e-01 1.063528228849449135e+02
2.505506823044756004e+02 3.484073643307615820e-01 1.062607968653354931e+02
2.505717655275688855e+02 3.441694115697294110e-01 1.063035108124025214e+02
2.505830440457059751e+02 3.482002018354596884e-01 1.062160571650108523e+02
2.505891834542274523e+02 3.516716533638750142e-01 1.061120985856720438e+02
2.505793905871281027e+02 3.774471069757531216e-01 1.054371912908886912e+02
2.505385928931426349e+02 3.815504041148390368e-01 1.049067014107765914e+02
2.505363303827475079e+02 3.816658232193643752e-01 1.048266656604488389e+02
2.505538992420812008e+02 3.567796886051748939e-01 1.051336420054513354e+02
2.505809576234318570e+02 3.507261045460329796e-01 1.054143220311394771e+02
2.505802473520193985e+02 3.559036871964699755e-01 1.051877839235984737e+02
2.506081506604044478e+02 3.634266452401457292e-01 1.049256538196324868e+02
2.506608084072459519e+02 3.427710647264419208e-01 1.052406325558820868e+02
2.506829126454946675e+02 3.213371451232469034e-01 1.057074761985090277e+02
2.507166564565151248e+02 3.089429089757590452e-01 1.061152622529217240e+02
2.507354017028757198e+02 2.958502392726820585e-01 1.066116827809493373e+02
2.507245138340154824e+02 3.046487263945735213e-01 1.063378110026960712e+02
2.506924391608143310e+02 3.146088032222646436e-01 1.060318601120453224e+02
2.506920189168952788e+02 3.206786643346088428e-01 1.058730389850221485e+02
2.506910896451306314e+02 3.193838987389722717e-01 1.059908789312782744e+02
2.506788966525500086e+02 3.224602617942047833e-01 1.057762156739143933e+02
2.506807581555435149e+02 3.141249308225239067e-01 1.057026774272785588e+02
2.506451661591185598e+02 3.340376858173595975e-01 1.050674491490060660e+02
2.506589912962157314e+02 3.274306819493398857e-01 1.052832917528610608e+02
2.506788670579078371e+02 3.166981849605947086e-01 1.054702973373700416e+02
2.507312880476118551e+02 2.651842710395709846e-01 1.063521584852278323e+02
2.507680519918673951e+02 2.787341779644213480e-01 1.068156135413244812e+02
2.507970443830848808e+02 2.927265247899520362e-01 1.069037641425396288e+02
2.507904270210921140e+02 3.001932530134744370e-01 1.065671606012447512e+02
2.508115516766844451e+02 3.024409660874995409e-01 1.064865196404842891e+02
2.508273596548081059e+02 3.011047679928025578e-01 1.065369873838040320e+02
2.508502274348252001e+02 2.923240376562227238e-01 1.067222143303176409e+02
2.508688513431528406e+02 2.878818818641073474e-01 1.070475467521360002e+02
2.509046416236804475e+02 2.865545621620662065e-01 1.073006978416627391e+02
2.509560327198364007e+02 2.741455286934853519e-01 1.077309033172634400e+02
2.509770671117700829e+02 2.721478903459317866e-01 1.079002127854773221e+02
2.509968259746255512e+02 2.836424493709658878e-01 1.078778362765204974e+02
2.510135232717468909e+02 2.837001589232285292e-01 1.080627657968801287e+02
2.510422552301131418e+02 2.777516358438468225e-01 1.082770280468424033e+02
2.510462741825219837e+02 2.725947694429400325e-01 1.084492111548125308e+02
2.510258361226283625e+02 2.681200595444200863e-01 1.083939091266917103e+02
2.510313658815207987e+02 2.739620419119322414e-01 1.084840055756305901e+02
2.510168867028313286e+02 2.733006016590756593e-01 1.086125336269121817e+02
2.510197943764260913e+02 2.773639460312105065e-01 1.084347822870147553e+02
2.510378678244090622e+02 2.827368533200749212e-01 1.085832719244507985e+02
2.510445976460421491e+02 2.891041405863882252e-01 1.087685950535515076e+02
2.510665746273294587e+02 2.698395082554254643e-01 1.087785018600232547e+02
2.510590812639279648e+02 2.800762949875554297e-01 1.088944817830180085e+02
2.510719578927430859e+02 2.911594884862044319e-01 1.088153797436512065e+02
2.510730750904856166e+02 2.851636139793251590e-01 1.089863894240586717e+02
2.510789599850843103e+02 2.812526820144480855e-01 1.090732763340524798e+02
2.511024033808919285e+02 2.784826235058405208e-01 1.091805702295656459e+02
2.510966871757537149e+02 2.722485121293640731e-01 1.091717717424437524e+02
2.508164643872873114e+02 2.690226961310924203e-01 1.091696394484742427e+02
2.508525846480753216e+02 2.859745071752209933e-01 1.092609803521170591e+02
2.508714601108615341e+02 3.143646474242303146e-01 1.094378941636406211e+02
2.509117828108399237e+02 3.265532008085256233e-01 1.098429900650786237e+02
2.509240853035966268e+02 3.108562025930825534e-01 1.101761843035936721e+02
2.509396698421717815e+02 3.042743541709209132e-01 1.102626672467216480e+02
2.509534135940029387e+02 2.982769999319322962e-01 1.103648383096724217e+02
2.509608048558888811e+02 2.961802195330557330e-01 1.104859647409433023e+02
2.509744598237934952e+02 2.959257056102563288e-01 1.105730943270030338e+02
2.509969295558732085e+02 3.019171409208076806e-01 1.105282599238233843e+02
2.510271427260808821e+02 2.912897049118227666e-01 1.107148363860206786e+02
2.510296064800428439e+02 2.887179305058611978e-01 1.105588755811647843e+02
2.510133590214827564e+02 2.927916330027611758e-01 1.105176028931722243e+02
2.509949052823476734e+02 3.055025318216390007e-01 1.101476313928126416e+02
2.509639537258174755e+02 3.069112367896916216e-01 1.100911559371291446e+02
2.509537080606926907e+02 3.110500474994006836e-01 1.098336929082358893e+02
2.509338589341785450e+02 3.065842159935365241e-01 1.097726317627456751e+02
2.509243368580552271e+02 3.003811789913554131e-01 1.097458663683526794e+02
2.509216319077594051e+02 2.967809907694310967e-01 1.099448207896442398e+02
2.509370640339272995e+02 2.876377260660730184e-01 1.102304860328086136e+02
2.509481294706406231e+02 2.863163252924690316e-01 1.103612174052009607e+02
2.509533899182891901e+02 2.872737119671854855e-01 1.103688173093143234e+02
2.509442599711748301e+02 2.845228899759987273e-01 1.105222610898522930e+02
2.509510060698611085e+02 2.937756548554449898e-01 1.103918552585240036e+02
2.509452069997247747e+02 2.887223697021891189e-01 1.105113998561700441e+02
2.509459468657794332e+02 2.838229766883003657e-01 1.106675841005744303e+02
2.509529104850857664e+02 2.862157035090367452e-01 1.106773044608004142e+02
2.509447749179488483e+02 2.990804944672816323e-01 1.104078496828934135e+02
2.509464884477314115e+02 2.979055871724982651e-01 1.103313282963252391e+02
2.509699895530912954e+02 2.978671141376565412e-01 1.102817040003077835e+02
2.509712828389548349e+02 2.930150725512652987e-01 1.101810289465195183e+02
2.509700694586252041e+02 2.999668540007516815e-01 1.100662550051938666e+02
2.509458477237280931e+02 2.710129358180994874e-01 1.101531567125087605e+02
2.509192169849570462e+02 3.058547080636521698e-01 1.098240894468465427e+02
2.509220802665885230e+02 3.062616343937093477e-01 1.096783387935448104e+02
2.509125537512688595e+02 3.055454440528087012e-01 1.096075750446139239e+02
2.509272460113820955e+02 3.110115744645589597e-01 1.094350959902219245e+02
2.508985688031038990e+02 3.258917605556689856e-01 1.091004974859351506e+02
2.509251581093758716e+02 2.788022456414490646e-01 1.099242480741286556e+02
2.510032036200166203e+02 2.170693017736068930e-01 1.119684358343765496e+02
2.510489110651407714e+02 2.002906193862662998e-01 1.131732603529457037e+02
2.510988993752571048e+02 1.930695266928875165e-01 1.142661653334280345e+02
2.510766264475479375e+02 2.123933483082222906e-01 1.147158884755503863e+02
2.510616604369944866e+02 2.255067342608294279e-01 1.148679235511202990e+02
2.510213850884435942e+02 2.583035167313309510e-01 1.144115948848620405e+02
2.510104187937815823e+02 2.737741159340513208e-01 1.139839626633994243e+02
2.509908685731535058e+02 2.775799869191681313e-01 1.136136818990290038e+02
2.509680496242960146e+02 2.807421744367399885e-01 1.136072139899792575e+02
2.509451167360660975e+02 2.735417979928913557e-01 1.134837495819756725e+02
2.508890023350172669e+02 2.957629350782334243e-01 1.132473742153720480e+02
2.508640407340654974e+02 2.925741123826942625e-01 1.131693316641955107e+02
2.508619409942023992e+02 2.983717027869274285e-01 1.130177449474547160e+02
2.508752852183640698e+02 2.872293200039064964e-01 1.131336286878623554e+02
2.508705308390968867e+02 2.906105078736545555e-01 1.130437556784719675e+02
2.508613417026981551e+02 2.858931219092095688e-01 1.129810683073936275e+02
2.508559939508551508e+02 2.805971606900286575e-01 1.128659954601818924e+02
2.507913207792861101e+02 3.032311430338651692e-01 1.125130098047049501e+02
2.508083983675595334e+02 3.049402336201054164e-01 1.123834681369284851e+02
2.508035285691878471e+02 2.748868744802440700e-01 1.125720881091687176e+02
2.507845776400640432e+02 2.810233235375067529e-01 1.125646110228204293e+02
2.505362682339989249e+02 2.401664402676539356e-01 1.126780428471229527e+02
2.505680247647965757e+02 2.643970535574239888e-01 1.126615734287464647e+02
2.505394363404449223e+02 3.192492431170260714e-01 1.121505346272110870e+02
2.505442809833707827e+02 3.370223054818155539e-01 1.120340678723523951e+02
2.505385647782325407e+02 3.401415807682177106e-01 1.119609439507071613e+02
2.505152767542963943e+02 3.387787474955534228e-01 1.118385035173232183e+02
2.505012577722929166e+02 3.431839099849363084e-01 1.116017966907271131e+02
2.504913317293037380e+02 3.530966353851298645e-01 1.113207837253143708e+02
2.504661703645172111e+02 3.413697584189358536e-01 1.110465923249254985e+02
2.504741402016578888e+02 3.322472099651079258e-01 1.110462194324339578e+02
2.504681265703657118e+02 3.302998825092705037e-01 1.109475508953859020e+02
2.504512975770866490e+02 3.372620220835220173e-01 1.107307686616414912e+02
2.504555251717229112e+02 3.312025190959428933e-01 1.107764391134628994e+02
2.504503520282688100e+02 3.211551380738031369e-01 1.107409359009644874e+02
2.504406642221492234e+02 3.228079988398900313e-01 1.107415855033604686e+02
2.504364928573331213e+02 3.218654094862666293e-01 1.106014889064483810e+02
2.504174901375855029e+02 3.408459332522439933e-01 1.101967910529477734e+02
2.504126780487660540e+02 3.392759374842778675e-01 1.100966738581647206e+02
2.504250441700034742e+02 3.309302483878318601e-01 1.101323265236061673e+02
2.504472963814631044e+02 3.402407228195407640e-01 1.099825865125377646e+02
2.504405399246520290e+02 3.386189364277490954e-01 1.099507042045108136e+02
2.504522786394751108e+02 3.292300361942473996e-01 1.100435337186555813e+02
2.504535867226597361e+02 3.295333812766536585e-01 1.099893429693488258e+02
2.504518539563597415e+02 3.382060911692547078e-01 1.098138570993107379e+02
2.504666808720949120e+02 3.413002110097987929e-01 1.097876451247266232e+02
2.504664929461170289e+02 3.364333721023146095e-01 1.097905202442149886e+02
2.504988487684189522e+02 3.330581031610037046e-01 1.098991222229127658e+02
2.504938413549610914e+02 3.362750407666196262e-01 1.097088153560679444e+02
2.505241891807906995e+02 3.400261616636924278e-01 1.097086037543763126e+02
2.505282406873059813e+02 3.424440439302868788e-01 1.094267547403218117e+02
2.505395221649072539e+02 3.358503576512508193e-01 1.095413599921870116e+02
2.505460063510102202e+02 3.346887679454511599e-01 1.094854882672041043e+02
2.505381652505630257e+02 3.334502321699679417e-01 1.093422309625065481e+02
2.505423928451993163e+02 3.299432670709294690e-01 1.093677563413919529e+02
2.505524905371131581e+02 3.387935448166464192e-01 1.091468663713121430e+02
2.505570318349566037e+02 3.302895243845054285e-01 1.092388790733325692e+02
2.505656483150290512e+02 3.392685388237313693e-01 1.091903778939860672e+02
2.505909398962411956e+02 3.372797788688335907e-01 1.092291779496240025e+02
2.505920171412167576e+02 3.356772289944628396e-01 1.092150509471765218e+02
2.506205300992308480e+02 3.002021314061302237e-01 1.093417130562682900e+02
2.506024980837469229e+02 3.406935208449862196e-01 1.090208449862236932e+02
2.506167656607447896e+02 3.331232113738128997e-01 1.091435354943341025e+02
2.506337396677705556e+02 3.263046058141634287e-01 1.091957966729703315e+02
2.506447237192178648e+02 3.271820869549776911e-01 1.090158967620502040e+02
2.506514727773683830e+02 3.395274919428586391e-01 1.088089503076363087e+02
2.506999946729644080e+02 3.349832346352016321e-01 1.089604733958964005e+02
2.507062909330894627e+02 3.340436047457968072e-01 1.088757439353179564e+02
2.507033240702103285e+02 3.388275786551602775e-01 1.086889647498216931e+02
2.507345286609312325e+02 3.272605127567705385e-01 1.087590833355529298e+02
2.507407021032912269e+02 3.394327890878635068e-01 1.086348849804231378e+02
2.507529439270314526e+02 3.315295398920979353e-01 1.086370498284990447e+02
2.507700422315544131e+02 3.486470809324679898e-01 1.083913758253205799e+02
2.507845332481007574e+02 3.282548927342193723e-01 1.086429569190793671e+02
2.508249254954882872e+02 3.267455659827344649e-01 1.086922142415337191e+02
2.508437240122048308e+02 3.138955723455825741e-01 1.091023101577690397e+02
2.508750647382797752e+02 3.121539276529377016e-01 1.092680949040985610e+02
2.508950825542543726e+02 3.181527616240356071e-01 1.094106448968478702e+02
2.508794906170186891e+02 3.118668596237337276e-01 1.094282255940384516e+02
2.508882091986066882e+02 3.039295765894542423e-01 1.095071589439447877e+02
2.508699626219669199e+02 3.258947200198876182e-01 1.091825012799682781e+02
2.507099266348820095e+02 2.578551579022133611e-01 1.087898366079804902e+02
2.507560484049967613e+02 2.795302738392241304e-01 1.089621469729120236e+02
2.507452004889034924e+02 3.219615920733710501e-01 1.087416269358595287e+02
2.507423845586994844e+02 3.334531916341865743e-01 1.088750839747972066e+02
2.507619569753092037e+02 3.331098937848291919e-01 1.088908372028327989e+02
2.507471182217171304e+02 3.314851479288189462e-01 1.088204019544301673e+02
2.507413901787220425e+02 3.402865945149290416e-01 1.085065803686900523e+02
2.507457701857655650e+02 3.418506713544580133e-01 1.084256552993646068e+02
2.507573875625556639e+02 3.505722124066659173e-01 1.084227787001441214e+02
2.507553425727806200e+02 3.419631309947647191e-01 1.083658474869709636e+02
2.507645923781958572e+02 3.442093643366804789e-01 1.082243392256265935e+02
2.507632295449231776e+02 3.428465310640161912e-01 1.082564360948094020e+02
2.507690463718448370e+02 3.458755426917510811e-01 1.080260580824447487e+02
2.507548749774340990e+02 3.385271930369725957e-01 1.079642896250062876e+02
2.507556755125052064e+02 3.315014249820212311e-01 1.080124075537364661e+02
2.507612496633609567e+02 3.259627876969153348e-01 1.079921603792849396e+02
2.507503248011979906e+02 3.377666107327929601e-01 1.076579081323117322e+02
2.507483434399036355e+02 3.318417633671600364e-01 1.077112983465473377e+02
2.507520753242832825e+02 3.426556456219165825e-01 1.073508933142743871e+02
2.507798454567785029e+02 3.315295398920979353e-01 1.073267544443753962e+02
2.507708102125191374e+02 3.367855483443277231e-01 1.071198849360311840e+02
2.507603189118642035e+02 3.404907975460122471e-01 1.068636560037170824e+02
2.507756785311587180e+02 3.259183957336364013e-01 1.069931799147082359e+02
2.507836912805305758e+02 3.211640164664589236e-01 1.070354499421424777e+02
2.507807051811340102e+02 3.194963583792790329e-01 1.070187585639495893e+02
2.507636764240201899e+02 3.153175949026188474e-01 1.069046046303777189e+02
2.507867543259968102e+02 3.165235765716974403e-01 1.069818954776427233e+02
2.507797122808886741e+02 3.153471895448047846e-01 1.068921423265531985e+02
2.508034767785640042e+02 3.058473094031056716e-01 1.070038650602694901e+02
2.508170222462925381e+02 3.040790295324934389e-01 1.070604796107712673e+02
2.508216700848478524e+02 3.073403591013882941e-01 1.071676151749487218e+02
2.508209479755784912e+02 3.085374623778111003e-01 1.071444410903850013e+02
2.508518077887179345e+02 3.001784556923814407e-01 1.073796415496938437e+02
2.508484073643307681e+02 3.092344162012909403e-01 1.072938984726205121e+02
2.508619853861656850e+02 2.961343478376674554e-01 1.074342954551508029e+02
2.508795705225525978e+02 2.940064930644956109e-01 1.075944749762502965e+02
2.509043279204732642e+02 2.626184155620466254e-01 1.077629350782334399e+02
2.509049760431371396e+02 2.961683816761813692e-01 1.076837812482428234e+02
2.509250782038419629e+02 2.917928138289844209e-01 1.079824178230773128e+02
2.509612324984684903e+02 2.764790662298497459e-01 1.083493173995779841e+02
2.509953595601052427e+02 2.669259157322158571e-01 1.087694340616574777e+02
2.510193045850979274e+02 2.630667743911642154e-01 1.088422146854533423e+02
2.510005504603446695e+02 2.878833615962166359e-01 1.083717101855880003e+02
2.509624162841559212e+02 3.046709223762130159e-01 1.080096197384425523e+02
2.509620567092533463e+02 3.056075928013992082e-01 1.078853252007256600e+02
2.509509380021840741e+02 3.206949413878111277e-01 1.074410785471398242e+02
2.509235037688776799e+02 3.339977330504085296e-01 1.068462040432200126e+02
2.509290113317885016e+02 3.346739706243581636e-01 1.065161571949014387e+02
2.509247571019742509e+02 3.396103569409794076e-01 1.064227949771973272e+02
2.509125774269826081e+02 3.364999600472330377e-01 1.062791041109917529e+02
2.509178245570421950e+02 3.214999156552697523e-01 1.063816051542028873e+02
2.509121187100287500e+02 3.321643449669871573e-01 1.061836761872630603e+02
2.508869632641706460e+02 3.200468187239381979e-01 1.062689694257751540e+02
2.508995898182593010e+02 3.215221116369092469e-01 1.062459507130829053e+02
2.508926350773456022e+02 3.261847475133101693e-01 1.061144735557074767e+02
2.509138233614186504e+02 3.257067940420066421e-01 1.061306692236437499e+02
2.509061465112356188e+02 3.410545754796551754e-01 1.059803891103554605e+02
2.509036738788809657e+02 3.332859819058357487e-01 1.057135090663186361e+02
2.509205946155508116e+02 3.441161412137946352e-01 1.053848990378781849e+02
2.508334620700268545e+02 3.959156434319131002e-01 1.036288180787750122e+02
2.510125866013216864e+02 2.899253919070491348e-01 1.000516100965081279e+02
2.510269725568882961e+02 3.170829153090124475e-01 9.948934000988461435e+01
2.509455502975741297e+02 3.959245218245688869e-01 9.816597859123584158e+01
2.509568954036561195e+02 4.529963095481194246e-01 9.787648676083681210e+01
2.509860150518350110e+02 4.387139352291661298e-01 9.824756510081414262e+01
2.509758862855468635e+02 4.704926620084700084e-01 9.777880816456988100e+01
2.509721440430424479e+02 4.773171864965566891e-01 9.755086579125715218e+01
2.509700176680013897e+02 4.345884421084406646e-01 9.762082900511691719e+01
2.510012533330965709e+02 4.013891725042098568e-01 9.782777102033448102e+01
2.509682627057197521e+02 4.247940952769910794e-01 9.726958943352894948e+01
2.509396802002965501e+02 4.478719972536172045e-01 9.651111426787294079e+01
2.509596861784142732e+02 4.257781171296748379e-01 9.661121518560280208e+01
2.509518243617175415e+02 4.366867022394265718e-01 9.642755379566082752e+01
2.509918052435787104e+02 3.890792810869520002e-01 9.674015460241078301e+01
2.510249157292563780e+02 3.783704598119556617e-01 9.716445298743116155e+01
2.510230453478702088e+02 3.769292007374984710e-01 9.721333741739395862e+01
2.510291448036247459e+02 3.737966078621126620e-01 9.726907300702281134e+01
2.510804234401404074e+02 3.485420199527077822e-01 9.794473348544978819e+01
2.511013734873438636e+02 3.408784873586485631e-01 9.823338926720705899e+01
2.510868351193699937e+02 3.656610407251871253e-01 9.777249710712372632e+01
2.510944009896448392e+02 3.616598451016427851e-01 9.777833908949124009e+01
2.511300566145505115e+02 3.298234087700762651e-01 9.847872441173250024e+01
2.511648525151006766e+02 3.204241504118094386e-01 9.881032941796216562e+01
2.511507743438127989e+02 3.397494517592535290e-01 9.835663171539424354e+01
2.511701647533730579e+02 3.424425641981775348e-01 9.857389930127050093e+01
2.511817288598072082e+02 3.378272797492741786e-01 9.857453558607750210e+01
2.512151974406553450e+02 3.166878268358296333e-01 9.910952681126609320e+01
2.512288775640058134e+02 3.309642822263457185e-01 9.894265150237201567e+01
2.512104105072817504e+02 3.536722511756471565e-01 9.845823900041136767e+01
2.512186748111122085e+02 3.444609187952613061e-01 9.859409024590188153e+01
2.512104430613881618e+02 3.421229420625689910e-01 9.828624085895489770e+01
2.511833447272705655e+02 3.686071873548013023e-01 9.760884317503159480e+01
2.511888419320566186e+02 3.717723343365916810e-01 9.767196706708217846e+01
2.511670972687104779e+02 3.712973403295067309e-01 9.731133267633227035e+01
2.511011485680632518e+02 4.188011802343303835e-01 9.627773979798696757e+01
2.510240130926696906e+02 4.717341572481718037e-01 9.498844033276215271e+01
2.510767063530818461e+02 4.018937611534807997e-01 9.602795361927677220e+01
2.511280560167387250e+02 3.689238500261912690e-01 9.678628229145395778e+01
2.511150299349805834e+02 3.962456236922867747e-01 9.601104324073169494e+01
2.512017377973891712e+02 3.420016040296064985e-01 9.700839747972027283e+01
2.512883568758711874e+02 2.877812600806750054e-01 9.869020328559717825e+01
2.512944800073394731e+02 3.203871571090769477e-01 9.831533239222370923e+01
2.512744962252033929e+02 3.390288222220249059e-01 9.781817791706988885e+01
2.512321344543783823e+02 3.454419811837264875e-01 9.746399219885232412e+01
2.512619776915587124e+02 3.274558373951979573e-01 9.810743299033143217e+01
2.512994356301735195e+02 3.159523999775080694e-01 9.832215099778336764e+01
2.512870029209911706e+02 3.321628652348778687e-01 9.806333845320642695e+01
2.513474751331019093e+02 2.803278494461362569e-01 9.944605044702707630e+01
2.513419779283158562e+02 2.799386799013906524e-01 9.958848650040397388e+01
2.512785595695755205e+02 3.363623449610682603e-01 9.833256979156493571e+01
2.512897034320906471e+02 3.683704302173134715e-01 9.791993169556583609e+01
2.512573313327355322e+02 3.706359000766501488e-01 9.769352824364676735e+01
2.512249178008813146e+02 3.548915504337094573e-01 9.745207443644402190e+01
2.512161785030438068e+02 3.692316343049254490e-01 9.735897117185905358e+01
2.511782958813136588e+02 3.847007537755364748e-01 9.653696814728661479e+01
2.511287292948484549e+02 4.100885175747782663e-01 9.597267378713758035e+01
2.510100873337891016e+02 4.687569362442623455e-01 9.429699851138950351e+01
2.508882299148562254e+02 5.038946549116748441e-01 9.279414558788276679e+01
2.508530818380640426e+02 4.677965901053273146e-01 9.290887661697726685e+01
2.508740673988381218e+02 4.272844844169411682e-01 9.336691733328598275e+01
2.510904175508065919e+02 3.454878528791147652e-01 9.492396248583156648e+01
2.511897726835533717e+02 3.008946460332821426e-01 9.711429006892592497e+01
2.513080461913175156e+02 2.702553129781384289e-01 9.897404549880289437e+01
2.513707039677536841e+02 2.642801547207893620e-01 9.977496530028203381e+01
2.514254481368693064e+02 2.664849555636447653e-01 1.002199858537610311e+02
2.514382951710422276e+02 2.685684183735376762e-01 1.001073974767608092e+02
2.514006404280569029e+02 3.081394144404097091e-01 9.924412620339214186e+01
2.513752097520265067e+02 3.196783654287227994e-01 9.897026330353152446e+01
2.513703414333868977e+02 3.092714095040233757e-01 9.908487003512884428e+01
2.513475343223862808e+02 3.362291690712313486e-01 9.856212655260891609e+01
2.512937800940517832e+02 3.807868623464408242e-01 9.747661727320885916e+01
2.512635388089340438e+02 3.883349758359746495e-01 9.706177733583112399e+01
2.512538406446896886e+02 3.630419148917279903e-01 9.718351785592736292e+01
2.512669510711780845e+02 3.701253924989419963e-01 9.712639427757999044e+01
2.512172513088230517e+02 3.994803180832142142e-01 9.627059417163117416e+01
2.512026685488858959e+02 3.907277026567110290e-01 9.626592857629054834e+01
2.512589427610025439e+02 3.171998141456470743e-01 9.756932248985643241e+01
2.513517693156831001e+02 2.702109210148594953e-01 9.919672002580652759e+01
2.514771914092672773e+02 2.017659122992373488e-01 1.018616583653695358e+02
2.515159219174960583e+02 2.163679087537992152e-01 1.023979650724032950e+02
2.515008937581940245e+02 2.354653313564112338e-01 1.024756125351066487e+02
2.514747779661969957e+02 2.618104818303694237e-01 1.024429119352232505e+02
2.514488471407136387e+02 2.825163732357893753e-01 1.022028594343280048e+02
2.514257041305242240e+02 3.109745811618264688e-01 1.016430501422022559e+02
2.513945498506950287e+02 3.183880390294140939e-01 1.013168062054045748e+02
2.514067783568462744e+02 3.179115652902198552e-01 1.014044063462750671e+02
2.513889549835897697e+02 3.190332022290684466e-01 1.012227366757522162e+02
2.513885051450285459e+02 2.980698374366304582e-01 1.017013116345416819e+02
2.513829990618498300e+02 2.944622505541596991e-01 1.019264262397935425e+02
2.513791325218482484e+02 2.983435878768507798e-01 1.020841937975548888e+02
2.513143587284957903e+02 2.906756160864636951e-01 1.023517559980941058e+02
2.512719407278506196e+02 3.074528187416949998e-01 1.020048742375680320e+02
2.512141349930008687e+02 3.038674278408636797e-01 1.020284286132838503e+02
2.511873858756610787e+02 3.117529202513176778e-01 1.019836400817995923e+02
2.511667939236280631e+02 3.157970281060316631e-01 1.018637018754124739e+02
2.511453540850964430e+02 3.156549738235389646e-01 1.017266875604840521e+02
2.511523339814559961e+02 3.104729519767741031e-01 1.020092867987179659e+02
2.511647208189429250e+02 3.091086389720005267e-01 1.019014039698252958e+02
2.511624316733698663e+02 3.104093234960742520e-01 1.018430344570418953e+02
2.511869656317420265e+02 2.906475011763870464e-01 1.024745929996833382e+02
2.512010896747252957e+02 2.844681398879546630e-01 1.027537311445135941e+02
2.511941719271143256e+02 3.028108991148242279e-01 1.026062181302696956e+02
2.512061607166638453e+02 2.926362611312847695e-01 1.028215990577065924e+02
2.512032219686947769e+02 3.011032882606932692e-01 1.027724660327494348e+02
2.511964817889369215e+02 2.975208568240805818e-01 1.028326112240639958e+02
2.511925989718821199e+02 3.018490732437799640e-01 1.028401223442508012e+02
2.512210335040944074e+02 2.995850831165525752e-01 1.030258464807531311e+02
2.512208514970449755e+02 3.008117810351613741e-01 1.030869875317772539e+02
2.512039573955531182e+02 3.086114489832760821e-01 1.028041752121196026e+02
2.511879570522552569e+02 3.133895039642023428e-01 1.025235203418773011e+02
2.512012465263288732e+02 3.012571804000603870e-01 1.028876646571904558e+02
2.512153099002956367e+02 2.826998600173424858e-01 1.033750455017623580e+02
2.512061296422895680e+02 2.915649350841523768e-01 1.032956415970452753e+02
2.511772807850866798e+02 3.119068123906847956e-01 1.030617403425283953e+02
2.511508113371155275e+02 3.180994912681008313e-01 1.028108902364315895e+02
2.511702490981032838e+02 2.834560031251942003e-01 1.034739877892506286e+02
2.511762804861807865e+02 2.685536210524446799e-01 1.039512768608371118e+02
2.511787102063042596e+02 2.810765938934415287e-01 1.039699392421995867e+02
2.511683713180565860e+02 2.921005981077186009e-01 1.037041394026025500e+02
2.512046306736628480e+02 2.837933820461143730e-01 1.040970349127993870e+02
2.508597657880017380e+02 2.837785847250213767e-01 1.034221143004270544e+02
2.508182015927836517e+02 3.371451232468873904e-01 1.021997105643994246e+02
2.508167840094229462e+02 3.574751626965453899e-01 1.022702997049414222e+02
2.508411966297621518e+02 3.682698084338811295e-01 1.026502919511451637e+02
2.508377651310006797e+02 3.864364795397441377e-01 1.023889017132338353e+02
2.508394668229263686e+02 3.802097668238142436e-01 1.023177014433307050e+02
2.508809392747537004e+02 3.535938253738543091e-01 1.026815157783834849e+02
2.509003770357414567e+02 3.545941242797404080e-01 1.026859386976581732e+02
2.509197585669090529e+02 3.440658303220784919e-01 1.028543085359826392e+02
2.509246831153687936e+02 3.467160305298328526e-01 1.028565740058419777e+02
2.509228852408560044e+02 3.620534538427163107e-01 1.025320421190947542e+02
2.509603328213460145e+02 3.417130562682931805e-01 1.028872015010402521e+02
2.509992157419820842e+02 3.227710055371575404e-01 1.034397482679735703e+02
2.510227819555547626e+02 3.189163033924338198e-01 1.037020174667578232e+02
2.510670969727640625e+02 2.906060686773266344e-01 1.042242948336633077e+02
2.511309400146197390e+02 2.839383957928256486e-01 1.048543470090174878e+02
2.511647459743888078e+02 2.619998875403596883e-01 1.054215993536530078e+02
2.512046040384848595e+02 2.575976845151953798e-01 1.058363919396032600e+02
2.511746320646110178e+02 2.744577521685473975e-01 1.055011541910452593e+02
2.511473561626403068e+02 2.956904282048777866e-01 1.048866969123909740e+02
2.510710448980316585e+02 3.374514277935122819e-01 1.032778744536089164e+02
2.505399631250758432e+02 4.852441114060710436e-01 9.244754497645746483e+01
2.503446621623621127e+02 7.197239411776892304e-01 8.714726737871376372e+01
2.504689049094552047e+02 4.936978209464958356e-01 8.986569507456370332e+01
2.507166830916930849e+02 3.208488335271782455e-01 9.379916335946539618e+01
2.509572875326650774e+02 2.406458734710668068e-01 9.703846415644912327e+01
2.510845814873675295e+02 2.434632834071719654e-01 9.842553396133163801e+01
2.511502090861470435e+02 2.639102216934646195e-01 9.894657279246165160e+01
2.511979363656003841e+02 2.701798466405642141e-01 9.970006126090932241e+01
2.512782591839573456e+02 2.452715160447352660e-01 1.016565349409142982e+02
2.513170814355769096e+02 2.559581413380921378e-01 1.020946481049070940e+02
2.513194948786471627e+02 2.634233898295052501e-01 1.023803325845888850e+02
2.513965104957398466e+02 2.243939757146366232e-01 1.041025173202643401e+02
2.514144951597962745e+02 2.397535950091595480e-01 1.044097185845474485e+02
2.514036250477213628e+02 2.519791416961873476e-01 1.043960473395896429e+02
2.514240690265434353e+02 2.559374250885619873e-01 1.046734882316905413e+02
2.513990023646119027e+02 2.770206481818531796e-01 1.044077224259320076e+02
2.513922015158375700e+02 2.673446799191474543e-01 1.048382031317050291e+02
2.513940186268677905e+02 2.598379989286739300e-01 1.052685107088212817e+02
2.513890718824264070e+02 2.600584790129594759e-01 1.055941139216156301e+02
2.513183673227798920e+02 2.700348328938528830e-01 1.053372028327991501e+02
2.513076969745397378e+02 2.654402646944797328e-01 1.053876099071024157e+02
2.513509643414156187e+02 2.129571262418651634e-01 1.074787924794095346e+02
2.513372235490486730e+02 1.623414097111858800e-01 1.100015078470193686e+02
2.512615974004066288e+02 1.939248118520623121e-01 1.103968212394828043e+02
2.512040713349255157e+02 2.332220574787140510e-01 1.099230998020118477e+02
2.511636613307526886e+02 2.537977324585157235e-01 1.095752428980257349e+02
2.511579865581135209e+02 2.617527722781067823e-01 1.093967561312699956e+02
2.511159917608516139e+02 2.844725790842825841e-01 1.088108576823251923e+02
2.511034214365831190e+02 2.684441208763565512e-01 1.091511709120180882e+02
2.511090414591342324e+02 2.737755956661606094e-01 1.091167227485136095e+02
2.511274138130033009e+02 2.672263013504035389e-01 1.094510223469143142e+02
2.511185235824906385e+02 2.851502963903415067e-01 1.092975119784314302e+02
