4.808073166150089151e+01 8.751385366769982577e-01 5.513545286622210106e+00
4.801223662377508816e+01 8.717119063272908974e-01 5.471824614132306586e+00
4.795685169531323311e+01 8.720468989699758922e-01 5.438857581165273736e+00
4.782864500172192379e+01 7.865314173006480170e-01 5.282669609592686832e+00
4.766810525656679687e+01 6.680755142293604010e-01 4.945903384364922495e+00
4.744023042484580799e+01 6.088178203562818469e-01 4.580359099589868421e+00
4.723077549231395267e+01 5.991906953445415018e-01 4.181973012742243867e+00
4.721687329764252894e+01 5.564055602517140597e-01 4.122936038320653473e+00
4.721118468426161030e+01 5.552221282990513762e-01 4.039106477568015663e+00
4.723358849128079839e+01 5.561613600075138164e-01 4.048406436867975522e+00
4.725170627093704212e+01 5.460646191415422512e-01 4.090199117122193861e+00
4.720848752387213665e+01 5.395776588084280068e-01 4.105021758867912318e+00
4.717019504711812061e+01 5.385178923640462356e-01 4.171237594314517239e+00
4.719456184840800006e+01 5.394665163895933091e-01 4.192965154503616176e+00
4.721878776494160945e+01 5.425471963933502506e-01 4.154819824050592914e+00
4.725340941110172110e+01 5.540903540903541202e-01 4.189475908706677743e+00
4.730162174008327725e+01 5.501815847969694362e-01 4.180581384427537905e+00
4.738218120910428865e+01 5.478929902006824948e-01 4.120658401427632178e+00
4.745364891518737949e+01 5.387636579944272697e-01 4.135415296953758535e+00
4.743104160796468705e+01 5.500266115650731535e-01 4.158057042672427706e+00
4.745685952224413739e+01 5.361776400237938667e-01 4.155510159356313515e+00
4.743482201559124434e+01 5.433064086910240897e-01 4.157341661187815340e+00
4.740003130772361573e+01 5.467095582480198113e-01 4.173435396512319429e+00
4.747833505525813536e+01 5.521164021164021163e-01 4.179314987007294313e+00
4.748349926426849521e+01 5.519301211608903523e-01 4.130193168654707314e+00
4.750015966939044176e+01 5.485739331893177972e-01 4.109165336088413056e+00
4.745640712563789521e+01 5.516577439654363202e-01 4.109149682226605371e+00
4.744818728280267095e+01 5.484987946526408420e-01 4.109915156069002151e+00
4.749402961710654125e+01 5.578566732412886253e-01 4.146277511662127324e+00
4.756535487304718401e+01 5.623947277793431843e-01 4.181974578128424547e+00
4.751566168873861074e+01 5.547634701480855801e-01 4.130913246297861718e+00
4.752719388873234863e+01 5.582261043799505718e-01 4.129897310666541088e+00
4.752530603299834411e+01 5.433283240975548267e-01 4.166701105162643692e+00
4.754131680285526329e+01 5.433111048495663509e-01 4.119067969067969237e+00
4.753419586111893835e+01 5.362324285401208757e-01 4.160162487085563576e+00
4.753963870886947518e+01 5.439309977771515925e-01 4.138633730941423394e+00
4.754317335086565777e+01 5.506230236999467564e-01 4.102113271344040690e+00
4.752527629066090498e+01 5.376381453304530655e-01 4.126782192166807306e+00
4.750012836166682462e+01 5.409865063711217781e-01 4.128854763470148015e+00
4.754036661344353831e+01 5.413355874894336672e-01 4.144054663285432483e+00
4.751904605366144096e+01 5.481622366237750565e-01 4.125824175824176265e+00
4.754166588397357884e+01 5.463009924548386520e-01 4.122732538117153567e+00
4.753400018784633829e+01 5.486694217463448098e-01 4.116082777621238975e+00
4.752115619423311443e+01 5.422654268808114741e-01 4.143016812247581449e+00
4.750420932344009373e+01 5.537944961021884493e-01 4.118560783945399706e+00
4.748920666228358556e+01 5.468692276384583550e-01 4.104116965655427052e+00
4.741477254938793351e+01 5.445634137941830488e-01 4.115004226542688492e+00
4.743188378572993713e+01 5.428853198083967158e-01 4.129696941235402541e+00
4.741210669672208411e+01 5.552362167746782706e-01 4.132400363169593582e+00
4.743367302213456327e+01 5.579975579975580136e-01 4.120990263297955813e+00
4.746105788798096370e+01 5.453539338154722582e-01 4.085765943458251392e+00
4.745767978460285974e+01 5.402038132807364113e-01 4.112203750665289093e+00
4.750304624150778210e+01 5.459722613568767091e-01 4.112571616417770137e+00
4.756329325944710718e+01 5.449093641401333565e-01 4.171267336651951929e+00
4.752392536238689758e+01 5.432970163739394565e-01 4.171815221815221797e+00
4.757112332112332354e+01 5.439341285495131739e-01 4.119831877524185337e+00
4.757341348110578849e+01 5.690053536207382301e-01 4.160351898813437366e+00
4.758040919194765195e+01 5.596146019222941748e-01 4.133765379919226213e+00
4.757828496290034792e+01 5.539619924235308357e-01 4.142893146739300647e+00
4.761479133402210095e+01 5.412150527535143363e-01 4.155251870636486267e+00
4.761989292758523362e+01 6.534281957358880621e-01 4.174081901004978334e+00
4.761064932218778267e+01 5.672928211389749453e-01 4.136021101405717104e+00
4.760455840455840359e+01 5.616214270060423397e-01 4.072427287811903440e+00
4.757111392880623413e+01 6.063272909426755675e-01 4.103127641589179753e+00
4.757785917785917462e+01 6.209558248019786397e-01 4.109141855295701085e+00
4.757367959675652003e+01 6.316458470304624484e-01 4.056936226166995674e+00
4.760486365486365656e+01 6.215412792335869296e-01 4.141775461006230508e+00
4.761060236060236406e+01 6.193012116089039454e-01 4.132874675182367064e+00
4.762712657712657460e+01 6.156429041044425565e-01 4.144054663285432483e+00
4.766466923389999977e+01 6.173585673585673117e-01 4.189181616104693084e+00
4.760835603143295458e+01 6.072383456998841078e-01 4.217378917378917791e+00
4.765323721862183248e+01 6.019035095958172876e-01 4.209547290316520751e+00
4.768423656115963638e+01 5.953320184089414546e-01 4.178947121254813268e+00
4.778706991014683325e+01 5.949391064775679805e-01 4.166913997683228565e+00
4.784944898406436664e+01 6.108168185091261693e-01 4.194092232553771282e+00
4.795617701386932197e+01 5.965295388372311436e-01 4.217820356281894334e+00
4.802411164334241533e+01 5.992454838608685108e-01 4.215450361604207608e+00
4.805167496321342213e+01 5.881030650261419579e-01 4.184372749757365284e+00
4.804933627625935344e+01 5.835462258539181324e-01 4.155165774396543554e+00
4.799204627281550017e+01 5.787811903196518060e-01 4.144781002473310494e+00
4.795294292601985120e+01 5.784039322500861280e-01 4.217286559594251472e+00
4.790190350959581878e+01 5.857283741899126372e-01 4.205829498137190647e+00
4.783752387213925772e+01 5.750790520021289431e-01 4.120429855045239620e+00
4.779096302557841369e+01 5.659497197958736070e-01 4.154788516326977543e+00
4.775069190069189773e+01 5.715694561848407851e-01 4.161621427006042317e+00
4.776833380294918641e+01 5.567342913496760026e-01 4.189367897060204626e+00
4.770540527848220336e+01 5.649056072132995210e-01 4.169769262076954419e+00
4.777445133214364148e+01 5.767054882439497376e-01 4.184267868883253527e+00
4.774346294730909790e+01 5.719404527096835222e-01 4.149129645283491818e+00
4.774313578159731719e+01 5.816771547540778853e-01 4.196989762374378152e+00
4.776274067812529012e+01 5.661046930277700007e-01 4.181548793087254801e+00
4.775087974703359350e+01 5.553817976894900310e-01 4.137558310635233383e+00
4.776697035158573357e+01 5.635656366425597641e-01 4.108230800538493099e+00
4.781177326946557571e+01 5.481591058514135861e-01 4.134662346200808081e+00
4.781189850036003719e+01 5.589853166776244109e-01 4.130620519082057740e+00
4.784474812936351640e+01 5.468660968660968846e-01 4.146440311824926894e+00
4.782390657775273013e+01 5.412181835258758067e-01 4.102514010206317785e+00
4.783249741711280478e+01 5.586158855389624645e-01 4.110927960927960534e+00
4.776860304937228108e+01 5.630584515199900109e-01 4.125780345011114569e+00
4.784028834413449971e+01 5.840721956106571522e-01 4.111702827087442280e+00
4.781302244763783449e+01 5.679706333552487774e-01 4.115710215710215891e+00
4.784940984940985231e+01 5.582135812905043570e-01 4.122987696064619456e+00
4.785138223599761886e+01 5.602063178986256275e-01 4.186335744028051309e+00
4.785515951285182012e+01 5.512773551235089498e-01 4.172954822954823229e+00
4.788799035722112762e+01 5.519019442096365635e-01 4.164133871826179778e+00
4.790780188472496093e+01 5.567530759838452692e-01 4.135610970226355043e+00
4.789067029836260758e+01 5.724601609216993792e-01 4.143428508813124189e+00
4.785948937102783418e+01 5.566732412886259418e-01 4.137354810431733476e+00
4.784733727810650805e+01 5.599182868413637992e-01 4.104513008359162107e+00
4.784152812998966908e+01 5.653955730878807984e-01 4.157427757427757165e+00
4.783110422341191281e+01 5.482248520710059081e-01 4.145011114241883732e+00
4.783982498982499010e+01 5.601906640368178314e-01 4.165273472965780321e+00
4.782394258163488843e+01 5.709855671394132859e-01 4.154761904761905100e+00
4.784442879058263998e+01 5.583059390751698992e-01 4.179706333552487330e+00
4.784567640336871364e+01 5.637237406468175172e-01 4.166748066748066748e+00
4.785450205065589557e+01 5.566701105162643604e-01 4.131032215647600481e+00
4.787316145393068467e+01 5.748692902539056515e-01 4.090903540903540581e+00
4.788638270561347809e+01 5.656961272345887304e-01 4.096279077048308181e+00
4.789786637863561225e+01 5.702247894555586560e-01 4.116244012397858754e+00
4.787045333583795070e+01 5.675636329482482978e-01 4.085585924047462569e+00
4.789255971948279722e+01 6.616433424125731655e-01 4.129895745280360408e+00
4.792809085501393440e+01 5.830468676622523327e-01 3.994348955887417230e+00
4.793209667825052378e+01 5.834241257318180107e-01 4.097434332049716410e+00
4.793582699351929932e+01 6.088569550108011708e-01 4.121910710372248765e+00
4.797138004445696424e+01 6.334930027237719585e-01 4.063097586174508891e+00
4.792785604708681291e+01 6.342146457531072645e-01 4.092016530478068681e+00
4.799096459096458744e+01 6.119470273316427456e-01 4.097146300992454471e+00
4.796662753201214713e+01 5.961851538774615156e-01 4.166067123759431112e+00
4.797498356344510029e+01 5.995757803450111334e-01 4.227156319464011602e+00
4.796550515012053495e+01 6.063570332801102580e-01 4.219706646629723501e+00
4.796207069283992297e+01 6.138787138787138442e-01 4.255754359600513403e+00
4.794375723991108629e+01 6.161782661782662096e-01 4.246595285056823599e+00
4.793270404808866658e+01 6.017438402053786328e-01 4.165692996462227349e+00
4.789319057011364578e+01 6.079020694405309344e-01 4.163972637049559999e+00
4.790020506558968094e+01 5.881421996806611707e-01 4.163625121317428679e+00
4.790783475783475609e+01 5.898531667762436648e-01 4.157360445821984385e+00
4.789119313734698125e+01 5.899376976300053643e-01 4.165758742681819449e+00
4.791037381421996599e+01 6.017360132744747903e-01 4.183392818008202951e+00
4.786348580194734126e+01 5.911242603550296293e-01 4.158132181209103884e+00
4.788045771891925995e+01 5.856720202874049486e-01 4.129711029711029546e+00
4.788398453398453114e+01 5.921699383237845060e-01 4.168709495632572981e+00
4.782159137159137430e+01 5.824144516452208764e-01 4.166175135405904228e+00
4.781210669672208269e+01 5.606007952161797814e-01 4.164409379793995392e+00
4.778849754234369840e+01 5.552346513884975909e-01 4.172039072039072316e+00
4.782177452177452182e+01 5.593782286089978850e-01 4.148910491218183338e+00
4.784899815284430957e+01 5.550875050875050398e-01 4.190161547853855417e+00
4.782219874142950999e+01 5.594549325318556310e-01 4.149311230080460433e+00
4.783229861306784159e+01 5.730690961460191968e-01 4.139557308788077705e+00
4.784270060423906301e+01 5.612206881437650230e-01 4.127532012147396401e+00
4.788501142731912097e+01 5.449782411320872599e-01 4.177070223224069068e+00
4.789630099245484018e+01 5.579678156601233230e-01 4.149261137722676018e+00
4.787314110391033495e+01 5.538211076672615585e-01 4.150590150590150351e+00
4.788343195266271834e+01 5.879120879120879328e-01 4.163161767007920844e+00
4.785976957515418917e+01 5.626514511129895313e-01 4.183781033781033720e+00
4.788889984659215315e+01 5.732037193575655332e-01 4.161289565135718682e+00
4.780290379136533119e+01 5.680066372374065198e-01 4.192636423405653900e+00
4.778660968660968678e+01 5.762155223693685713e-01 4.213553113553113683e+00
4.780615666384897366e+01 5.757568642184026642e-01 4.155200212892520284e+00
4.780729626498857243e+01 5.811026580257349083e-01 4.163000532231301065e+00
4.780891174352712625e+01 5.809602078832848404e-01 4.130589211358442370e+00
4.779303403149557283e+01 5.627798127798128158e-01 4.176016718324410348e+00
4.777090729783037659e+01 5.651451112989575032e-01 4.165563069409222940e+00
4.774031025954102603e+01 5.545333583795122312e-01 4.151286747440593672e+00
4.773467330390407426e+01 5.698303121380043912e-01 4.135002035002035115e+00
4.775176888638426931e+01 5.422826461287999500e-01 4.234076891769199769e+00
4.771203312357158666e+01 5.337544222159606999e-01 4.226688268995961728e+00
4.767071945148867940e+01 5.551516859209166821e-01 4.214673930058545182e+00
4.762586017970633634e+01 5.550906358598666213e-01 4.176635045865815243e+00
4.761968786199555126e+01 5.734447888294041951e-01 4.132373751604521139e+00
4.762385648539494554e+01 5.520772674618827924e-01 4.094295732757271544e+00
4.759419867881406674e+01 5.512914435991359552e-01 4.183842083842083781e+00
4.755236529851914185e+01 5.500767039228577904e-01 4.182340878494724912e+00
4.755809930809930819e+01 5.607166337935568512e-01 4.137769637769637576e+00
4.756762781378166238e+01 5.623242854012084901e-01 4.171046617200463658e+00
4.758619642465796318e+01 5.413950721643029373e-01 4.120314016467862217e+00
4.757016217400833114e+01 5.461507153814846305e-01 4.122834288218903964e+00
4.763348987195141149e+01 5.516796593719670572e-01 4.104170188785573714e+00
4.766887855734009349e+01 5.763360571052879022e-01 4.131695939388246863e+00
4.766674963213424832e+01 5.636235559312482435e-01 4.128212955136032036e+00
4.772568172568172429e+01 5.723317992548762057e-01 4.107682915375223232e+00
4.768074418459033836e+01 6.560157790927021448e-01 4.182675871137409906e+00
4.775808208885131734e+01 5.817648163802009442e-01 4.049633699633699457e+00
4.776362668670360989e+01 5.652014652014651919e-01 4.057501330578253906e+00
4.780541623618546510e+01 5.770811809273347359e-01 4.072975172975173308e+00
4.777315519238596409e+01 6.091262014338937325e-01 4.057077110923264840e+00
4.773053911900066026e+01 6.297501643655489811e-01 4.037085564008640937e+00
4.774221376913684622e+01 6.149760495914342595e-01 4.076633480479634031e+00
4.775153251307097690e+01 6.038962462039385581e-01 4.151887855734009314e+00
4.771068376068375727e+01 6.005604082527159493e-01 4.143057512288281785e+00
4.767555492940108053e+01 6.017547979086440568e-01 4.133272283272283687e+00
4.768577063961679130e+01 6.020694405309789943e-01 4.130019410788641210e+00
4.766027989104912166e+01 5.945070598916752935e-01 4.124240005009236043e+00
4.762834601296139425e+01 6.017391440468363717e-01 4.124991390376005818e+00
4.762192636423405645e+01 5.968833161140852939e-01 4.118545130083592021e+00
4.761640524717447676e+01 5.937807207037976154e-01 4.141539087692933663e+00
4.762577877962493034e+01 5.895166087473779903e-01 4.150792085407470466e+00
4.761021571021571219e+01 5.909771140540370782e-01 4.198732037193575906e+00
4.761934191164960595e+01 5.950189411727873079e-01 4.202031871262640550e+00
4.767738486584640611e+01 5.771328386713001635e-01 4.197892990200682739e+00
4.769429103659872737e+01 5.940734479196018158e-01 4.175960364421903215e+00
4.767343070035377650e+01 5.955089070473685853e-01 4.166370808678500737e+00
4.769023668639053426e+01 5.983813906890830259e-01 4.184906546445008146e+00
4.774428477505400537e+01 6.062584139507216641e-01 4.213333959487805203e+00
4.766823518361979950e+01 5.805923421308036847e-01 4.211920415766569725e+00
4.770568548260855835e+01 5.729657806580883417e-01 4.211208165054318719e+00
4.771540026924642319e+01 5.660358160358159862e-01 4.154142011834319526e+00
4.771904761904762182e+01 5.591700322469552731e-01 4.114511129895745078e+00
4.774247518862903661e+01 5.555555555555555802e-01 4.196908362292977479e+00
4.778804514573745621e+01 5.492376569299646238e-01 4.159180989950220564e+00
4.773197927428696374e+01 5.533139225446918052e-01 4.140556025171409971e+00
4.778364954134185183e+01 5.410491218183526296e-01 4.082937290629597982e+00
4.775091888168811494e+01 5.539792116715193115e-01 4.101577909270217148e+00
4.776854043392504678e+01 5.491327760558529780e-01 4.117302213456059512e+00
4.776918537303152590e+01 5.528912682758836405e-01 4.076397107166338074e+00
4.768417238032622407e+01 5.514245014245013898e-01 4.104984189599574229e+00
4.766923390000312821e+01 5.679283679283679831e-01 4.112200619892927733e+00
4.767132212516828105e+01 5.566888951504336269e-01 4.150443004289158466e+00
4.771166838859146253e+01 5.577439654362731369e-01 4.174286966594658921e+00
4.772573025265332802e+01 5.506637237406468710e-01 4.173222503991734555e+00
4.772987852603237258e+01 5.519755173601327281e-01 4.129660937353245131e+00
4.774142637988791904e+01 5.663097586174509201e-01 4.112991139914217165e+00
4.767677593062208530e+01 5.583278544817006361e-01 4.078236435928743298e+00
4.769259102720641152e+01 5.651153689615228126e-01 4.090934848627155951e+00
4.766987101217870304e+01 5.629128706051782505e-01 4.116403681788296964e+00
4.766455182993644257e+01 5.524858332550640627e-01 4.104080961773269642e+00
4.768043893428508540e+01 5.646081838389530594e-01 4.142949500641808669e+00
4.771297861682477048e+01 5.801665570896340496e-01 4.155428759274912842e+00
4.769570771109232510e+01 5.594768479383863680e-01 4.139845339845339645e+00
4.768333489871951514e+01 5.670407939638708594e-01 4.118955261262953194e+00
4.767130177514793132e+01 5.624604739989355062e-01 4.117256817256817136e+00
4.766067593375285583e+01 5.577533577533577702e-01 4.093743151435458749e+00
4.764937697630005431e+01 5.696925581540965844e-01 4.082755705832628479e+00
4.760761247299708998e+01 5.654331423562193315e-01 4.116359850975235268e+00
4.758567515105976753e+01 5.682273566888951244e-01 4.091869384177076796e+00
4.754598948060486663e+01 5.551829936445320524e-01 4.117868883253498424e+00
4.754956638802792668e+01 5.492016530478068814e-01 4.134451019066403887e+00
4.757891581353119648e+01 5.644735606274068340e-01 4.136251213174290342e+00
4.761066967220813240e+01 5.591371591371591121e-01 4.174811370965216817e+00
4.755815253122945307e+01 5.538258038258038196e-01 4.164182398797783513e+00
4.758757396449703947e+01 5.550890704736858305e-01 4.153104160796468491e+00
4.759049497511036009e+01 6.514291975830437398e-01 4.033712156789079906e+00
4.753870260793337366e+01 5.744528975298206497e-01 4.010243887166963894e+00
4.748886853886853743e+01 5.725759994990764490e-01 4.108683197144735288e+00
4.747591340283648265e+01 6.178140947371716374e-01 4.038491280798973015e+00
4.745844682383143720e+01 6.237907391753545472e-01 4.058114961961115874e+00
4.745834820450205171e+01 6.379011302088225532e-01 4.019899189129958472e+00
4.747567389875082000e+01 6.103143295450987882e-01 4.070303058764597637e+00
4.741710967095582419e+01 5.968927084311699272e-01 4.079967753044676293e+00
4.748139225446917777e+01 5.914122914122914576e-01 4.156247456247456284e+00
4.746240255471024483e+01 5.951973951973952293e-01 4.158310635233712027e+00
4.748808741116433652e+01 5.855013931937008698e-01 4.182833975141667437e+00
4.749040731348423350e+01 5.902836479759556720e-01 4.186504805735575374e+00
4.750781284242822977e+01 5.854559969944584941e-01 4.174135124135124109e+00
4.752037350114272840e+01 5.931514354591277405e-01 4.166640055101593632e+00
4.756533608841301231e+01 5.849535080304311130e-01 4.142489277104661305e+00
4.753093046554585044e+01 5.796358911743526576e-01 4.120307754923139498e+00
4.755278325662941086e+01 5.779484048714818023e-01 4.116693278231739583e+00
4.756050687204533034e+01 5.749569518800288215e-01 4.089850036003881861e+00
4.749397639397639637e+01 5.801775147928993626e-01 4.139601139601139401e+00
4.744509094893709999e+01 5.918474687705457260e-01 4.183710591402898693e+00
4.742026705488243721e+01 5.885632885632885447e-01 4.126653830499984466e+00
4.737757584296046076e+01 5.712031558185404201e-01 4.105690178767101628e+00
4.734886666040512182e+01 5.664115087192009845e-01 4.061370965217118822e+00
4.736747284054976603e+01 5.637675714598791021e-01 4.013797313797313748e+00
4.729748285902132210e+01 5.608027300334992304e-01 4.113942894712125486e+00
4.732559093328324451e+01 5.480698788391096254e-01 4.089933001471463214e+00
4.731986788140634559e+01 5.777574277574277772e-01 4.069606461914154316e+00
4.727775742775742884e+01 5.703750665289126776e-01 4.098739864124479659e+00
4.729551516859208959e+01 5.657697003850850059e-01 4.106399298706991274e+00
4.729195078425847498e+01 5.652421652421651954e-01 4.073106665414357508e+00
4.725901505901505573e+01 5.612645189568266080e-01 4.076523903446980235e+00
4.727949970257662216e+01 5.654221846529539075e-01 4.097539212923828167e+00
4.722887198271813958e+01 5.665226511380357932e-01 4.119130584515199978e+00
4.722735042735043010e+01 5.541576656961272329e-01 4.105125074355843395e+00
4.724201653047806815e+01 5.620722582261044042e-01 4.100792085407469756e+00
4.719813405967251896e+01 5.612535612535612950e-01 4.050039134654519479e+00
4.729494380263611220e+01 5.727027957797188318e-01 4.066336370182524362e+00
4.728509126201434043e+01 5.492094799787107240e-01 4.118232052847437430e+00
4.725521586675432673e+01 5.497479728248958475e-01 4.149306533921918394e+00
4.732708744247205601e+01 5.970774240005009004e-01 4.160160921699382897e+00
4.729864437556745571e+01 5.745358629974014475e-01 4.204458219842835298e+00
4.729130114899345472e+01 5.803622303622303358e-01 4.132212516827901361e+00
4.733980463980464037e+01 5.702404433173663412e-01 4.097426505118813012e+00
4.735645252183713438e+01 5.790426098118406362e-01 4.097373281988666349e+00
4.732818634357096244e+01 5.711076672615134076e-01 4.088785573400958384e+00
4.734647005416235999e+01 5.646707992861839109e-01 4.076721142105757423e+00
4.733840361917285122e+01 5.689380420149651174e-01 4.084191164960396137e+00
4.732266835728373877e+01 5.619188503803888013e-01 4.072184652953883877e+00
4.728297799067029672e+01 5.829216367677906296e-01 4.104647631570708555e+00
4.727100435177358406e+01 5.564744372436679631e-01 4.101407282176513291e+00
4.729057480980557671e+01 5.812952005259697241e-01 4.076138818446510825e+00
4.726131148054224695e+01 5.634795404026172738e-01 4.082464544003005180e+00
4.723314079083309736e+01 5.551595128518205247e-01 4.123845527691681667e+00
4.721552706552706269e+01 5.626592780438933739e-01 4.059526940296170672e+00
4.725103785103785015e+01 5.889953351491813427e-01 4.109534767227074781e+00
4.723408628408628118e+01 5.604505181428258709e-01 4.127345731191884859e+00
4.723728123728123762e+01 5.846404307942769663e-01 4.134405622867161512e+00
4.720903697442158631e+01 5.688378572993957327e-01 4.142753827369212161e+00
4.719267399267399554e+01 5.846106884568422757e-01 4.058891393506778300e+00
4.719922669922669911e+01 5.738048276509815082e-01 4.061054757208603760e+00
4.722527472527472270e+01 6.479947403024326480e-01 4.177009173163019007e+00
4.727891111737265817e+01 5.831548793087254490e-01 3.964277887354810570e+00
4.725423750039134774e+01 5.735637581791428463e-01 3.988453711530634660e+00
4.720628815628815289e+01 5.873454181146489095e-01 3.986525155755924921e+00
4.716064932218778694e+01 6.063711217557371524e-01 3.997979086440624830e+00
4.722055352055352273e+01 6.159058889828120664e-01 4.017602767602767244e+00
4.723252089790551622e+01 5.786183901568516808e-01 3.981669327823174065e+00
4.723730158730158735e+01 5.687204533358379832e-01 4.096468488776181083e+00
4.723970132431671232e+01 5.653720922951692707e-01 4.075160452083529172e+00
4.723178673178673392e+01 5.711280172818634648e-01 4.071124886509501550e+00
4.721261388184465346e+01 5.788422403807018668e-01 4.069974327666635361e+00
4.720477912400989595e+01 5.907861369399830531e-01 4.084930027237719585e+00
4.720623023699946685e+01 5.907673523058138976e-01 4.079338467800006640e+00
4.716610469302776920e+01 5.905325443786981765e-01 4.152690898844745071e+00
4.715334679565448539e+01 5.921448921448921876e-01 4.152881875958798652e+00
4.712117341348110244e+01 5.938057668826899338e-01 4.103055633824864934e+00
4.713074574997651922e+01 6.091152437306283085e-01 4.087185748724210477e+00
4.713799192260730564e+01 6.210497479728248615e-01 4.059342224726839810e+00
4.708724679878525876e+01 6.095472903165211065e-01 4.147846028615258973e+00
4.708656115963808020e+01 6.007858238627469261e-01 4.142476754015215867e+00
4.703055477286246600e+01 5.854920008766162365e-01 4.118039510347202281e+00
4.705761873454181199e+01 5.584922200306815521e-01 4.081137096521711527e+00
4.706441094518017820e+01 5.603002410694718494e-01 4.097849159387620510e+00
4.706783601014370078e+01 5.829936445321061145e-01 4.086547071162455858e+00
4.707773707773707628e+01 5.759180989950221097e-01 4.083640149024764021e+00
4.706625183932876411e+01 5.661031276415892100e-01 4.038258038258038418e+00
4.701671362825209144e+01 5.521790175636329678e-01 4.106094048401740970e+00
4.702241789549481865e+01 5.617372655834194095e-01 4.079186625340471828e+00
4.705519551673398126e+01 5.622287968441814776e-01 4.058683197144735466e+00
4.705606900222284850e+01 5.553301399455246035e-01 4.067618421464575640e+00
4.708828308443693089e+01 5.647647224570301328e-01 4.036875802260417423e+00
4.708877618108387253e+01 5.475595629441782908e-01 4.056383644845182879e+00
4.705405435020819738e+01 5.567076797846028935e-01 4.085573400958016244e+00
4.711930903853981079e+01 5.712282019974327385e-01 4.071621113928806324e+00
4.710884443192135507e+01 5.697536082151466452e-01 4.073402523402523734e+00
4.710805547728624987e+01 5.851037851037851345e-01 4.028552643937259425e+00
4.704312795466641717e+01 5.711280172818634648e-01 4.001297705143858963e+00
4.702829592060361108e+01 5.605162643624181928e-01 4.025395260010644627e+00
4.702575999499076431e+01 5.704533358379512142e-01 4.031155881155880749e+00
4.697204689896997820e+01 5.639397639397639717e-01 4.047432766663535908e+00
4.694561065714911763e+01 5.730972730972730966e-01 4.084270999655615242e+00
4.688569863185247755e+01 5.661907892677123799e-01 4.068369806831345414e+00
4.689252684637300206e+01 5.645909645909645835e-01 4.080712876866723349e+00
4.692195454118530762e+01 5.661125199586738432e-01 4.082472370933909467e+00
4.688464043079427768e+01 5.538993769763000952e-01 4.034577815347046403e+00
4.687455934379011069e+01 5.468113083497698756e-01 4.094436617513540710e+00
4.683517892364046276e+01 5.502488964027425489e-01 4.080914811684042576e+00
4.683861494630725275e+01 5.478789017250556004e-01 4.069163457624996205e+00
4.686568516953132502e+01 5.688597727059265807e-01 4.105486678563601721e+00
4.680860023167715411e+01 5.770060423906577807e-01 4.053328011020318478e+00
4.678907986600294322e+01 5.634638865408095887e-01 4.037736764659841882e+00
4.682013399705707712e+01 5.742744435052127283e-01 4.035985097523559162e+00
4.682385178923640723e+01 5.502144579067655972e-01 4.030456153533076957e+00
4.682680254218715987e+01 5.503083810776118190e-01 4.054910616449078020e+00
4.681748849441157034e+01 5.551642090103628968e-01 4.047080554772862548e+00
4.680667637206098419e+01 5.568845684230299131e-01 4.062837732068500962e+00
4.680921386306001608e+01 5.584389969005353338e-01 4.054275069659684760e+00
4.682418991265144825e+01 5.586315394007701496e-01 4.067139413293259231e+00
4.685618953695876598e+01 5.793024639178485646e-01 4.065552111705957650e+00
4.687417895494818509e+01 5.692072884380576792e-01 4.077029523183369086e+00
4.688009924548386209e+01 6.633480479634326077e-01 4.066640055101593987e+00
4.684482326790018902e+01 5.869399830938292206e-01 3.996192980808365380e+00
4.684477630631477041e+01 5.826007326007326403e-01 4.014389029773645312e+00
4.682370777370777404e+01 6.195297579912965036e-01 4.039292758523528093e+00
4.682495225572148456e+01 6.349722926646003129e-01 4.013618859772705605e+00
4.680330922638614766e+01 6.342130803669264738e-01 3.994172067248990210e+00
4.682119845965999616e+01 6.210826210826211335e-01 4.029388560157791233e+00
4.679115243730628038e+01 6.095676403368710528e-01 4.030903853980777107e+00
4.680489809335963258e+01 6.096302557841019043e-01 4.061209730440499932e+00
4.677109201339970923e+01 6.070144954760339218e-01 4.141665883973576712e+00
4.676738048276509829e+01 6.043157697003850304e-01 4.113632948248333143e+00
4.678963244732475601e+01 6.155380232303309107e-01 4.116366112519958875e+00
4.677704517704517428e+01 6.068532606994145873e-01 4.105074981998058981e+00
4.680596255596255872e+01 6.057715788485019681e-01 4.115212422904730438e+00
4.682233179925487576e+01 6.013102282333051551e-01 4.099737015121630357e+00
4.683535581227889111e+01 5.894054663285432927e-01 4.067288124980432684e+00
4.687347140039447879e+01 5.944413136720828605e-01 4.070894774740928312e+00
4.686035033342725598e+01 5.960943614789768752e-01 4.041481168404245317e+00
4.681484925331078983e+01 5.927679158448388996e-01 4.051159951159950978e+00
4.678159418928649416e+01 5.838123415046492237e-01 4.083309852540621954e+00
4.679042296734604633e+01 5.808568923953539853e-01 4.120345324191478475e+00
4.676626123164584925e+01 5.582558467173851513e-01 4.070110516264362488e+00
4.673078801540339811e+01 5.702560971791741373e-01 4.079438652515575470e+00
4.674838608684762420e+01 5.682038758961835967e-01 4.058233931310854636e+00
4.674604270373501436e+01 5.634044018659403186e-01 4.089727935881781740e+00
4.666799567953414396e+01 5.780642434488588721e-01 4.097669139976832575e+00
4.665437681976143836e+01 5.687846341692495145e-01 4.060510002817695252e+00
4.664460098306252434e+01 5.853699007545161148e-01 4.100043830813061341e+00
4.669191947653486352e+01 5.714943176481638298e-01 4.080179080179080486e+00
4.669257224257223982e+01 5.583591622053160064e-01 4.072801415109107204e+00
4.667278576124729739e+01 5.557903634826711903e-01 4.088679127140665948e+00
4.665001095770326600e+01 5.553191822422591795e-01 4.093376851069158384e+00
4.664491406029867449e+01 5.679361948592718257e-01 4.027727685419993264e+00
4.666179675025828999e+01 5.700432046585892643e-01 4.088794965718042462e+00
4.661215522369368358e+01 5.783788860711938096e-01 4.105882721267336777e+00
4.661048182586644373e+01 5.806737422122038028e-01 4.099275226198303201e+00
4.659927835697066456e+01 5.655051501205347053e-01 4.020353151122382229e+00
4.663247393632008908e+01 5.810024733101656347e-01 4.030861588553896091e+00
4.663939450862527991e+01 5.601061331830562429e-01 4.049863811402272695e+00
4.664370558216712226e+01 5.541279233586925423e-01 4.078439936132244092e+00
4.664823737516045554e+01 5.635405904636673347e-01 4.077550796781565623e+00
4.660876303183995617e+01 5.702560971791741373e-01 4.108349769888231862e+00
4.665058545443160654e+01 5.749162518393287069e-01 4.084632603863372680e+00
4.662545787545787590e+01 5.655239347547039719e-01 4.077303465765004020e+00
4.667047681663066072e+01 5.798096490404183179e-01 4.068338499107730044e+00
4.669469960239190698e+01 5.668075514229360401e-01 4.046304123227200122e+00
4.674732788578942433e+01 5.579850349081117988e-01 4.048310948310948731e+00
4.676866096866096711e+01 5.658964966657273887e-01 4.019138411446103731e+00
4.675316677624370243e+01 5.709840017532324952e-01 4.007794057794058062e+00
4.675020036943114121e+01 5.567687298456529543e-01 4.002260417645032931e+00
4.679178015716477290e+01 5.752387213925675979e-01 4.039391377852916243e+00
4.672134404057481305e+01 5.677217369525061619e-01 3.995363326132556736e+00
4.668315957546726480e+01 5.800350646504492946e-01 4.013507717353871129e+00
4.664719169719169400e+01 5.746626592780439413e-01 4.009581728812498191e+00
4.664317022009329605e+01 5.498778998778999227e-01 4.058559531636454665e+00
4.660953320184089677e+01 5.683604145142606701e-01 4.070087035471650516e+00
4.660775335775336004e+01 5.664005510159356716e-01 4.033745029898875956e+00
4.657486772486772253e+01 5.672928211389749453e-01 4.057800319338780604e+00
4.655675777214239019e+01 5.668169437400206734e-01 4.095177045177044839e+00
4.658685388685388773e+01 5.743746282207821130e-01 4.098810306502613798e+00
4.649342068188222044e+01 6.638661907892676739e-01 4.072400676246830109e+00
4.654521461444538488e+01 5.836730221345606262e-01 3.978098681944835846e+00
4.653515700823393075e+01 5.828183212798597745e-01 4.063672082902852090e+00
4.648445884599730960e+01 6.329278983125137259e-01 4.000551015935631227e+00
4.648065652296421746e+01 6.323283554052784305e-01 3.986587771203155661e+00
4.646453617607463826e+01 6.447606524529601035e-01 3.992623900316207841e+00
4.652321467706082814e+01 5.859772705926552527e-01 4.017058013211859624e+00
4.651238846623461853e+01 5.943113866190788963e-01 4.075916533608840986e+00
4.652535299458376272e+01 5.771954541185310150e-01 4.134912807989731043e+00
4.655500767039228549e+01 5.943833943833943811e-01 4.156100309946463511e+00
4.652137221752606422e+01 5.890000313077236038e-01 4.096847312231927773e+00
4.650941110171879700e+01 5.987633449171910760e-01 4.108363858363857979e+00
4.648825334209949744e+01 5.926254657023888317e-01 4.093545912776682449e+00
4.651042390657775627e+01 6.098744560283021476e-01 4.112577877962493744e+00
4.648921292382831183e+01 5.968207006668545533e-01 4.125822610437994697e+00
4.648818289972135887e+01 6.118155348924579906e-01 4.098254594408440532e+00
4.645417801571647942e+01 6.045787545787545403e-01 4.057676653830499802e+00
4.644139194139194160e+01 5.998653767884537524e-01 4.077729250806173766e+00
4.645792555023324155e+01 6.085704893397201332e-01 4.072643311104849673e+00
4.649440687517610371e+01 5.961882846498230970e-01 4.061890673429134679e+00
4.645100184715569469e+01 5.984440061363138774e-01 4.074587520741366653e+00
4.645595003287311187e+01 6.068970915124761722e-01 4.105142293603831760e+00
4.640048996587458419e+01 5.694530540684387132e-01 4.113515544284775061e+00
4.638109952725337592e+01 5.615603769449922789e-01 4.067828183212798265e+00
4.639962587270279926e+01 5.542688081149619306e-01 4.067815660123352828e+00
4.641894430355969092e+01 5.602830218214833735e-01 4.058362292977677477e+00
4.640012366550828204e+01 5.743480166557090039e-01 4.078447763063147491e+00
4.641481794558717411e+01 5.844666729282114170e-01 4.066724585955355131e+00
4.641064149525688265e+01 5.719467142544065741e-01 4.060215710215710594e+00
4.644340815879277073e+01 5.470539432077893283e-01 4.107917723302338509e+00
4.643997370151216586e+01 5.550828089289627787e-01 4.054801039416424224e+00
4.642949187564572355e+01 5.639757678219217141e-01 4.043057512288281252e+00
4.643689771766695173e+01 5.598775868006636847e-01 4.064808553270092162e+00
4.641385679847218171e+01 5.612739112739112413e-01 4.085589054819823929e+00
4.641180614257537229e+01 5.788610250148711334e-01 4.068844118844118896e+00
4.639656241194703057e+01 5.699320622397545666e-01 4.108775554929400720e+00
4.644963056886133757e+01 5.810603925988541141e-01 4.118495037725806718e+00
4.642657869196330722e+01 5.647130647130647052e-01 4.054913747221439380e+00
4.645212422904730687e+01 5.803700572931341783e-01 4.067032967032966795e+00
4.639699758930527906e+01 5.697551736013274359e-01 4.035645408722332128e+00
4.636679815910585489e+01 5.655708963401271383e-01 4.058277762123916332e+00
4.640759368836292253e+01 5.521023136407752219e-01 4.050402304248458485e+00
4.633984533984533982e+01 5.653830499984345836e-01 4.023410350333427310e+00
4.635654018346325955e+01 5.749491249491249789e-01 4.069448357909896785e+00
4.631659465890235339e+01 5.632384709307786119e-01 4.071544410005948578e+00
4.630190820575435851e+01 5.606195798503490479e-01 4.055090635859866843e+00
4.629117748348517836e+01 5.705644782567859119e-01 4.065966939043861750e+00
4.628627625935317980e+01 5.607338530415453270e-01 4.076152906922137831e+00
4.631236811621427307e+01 5.709354747816286491e-01 4.105730878807801965e+00
4.624399361322438295e+01 5.716633793556870069e-01 4.115203030587646360e+00
4.624720265489496285e+01 5.631195015810400717e-01 4.066597789674712971e+00
4.624840174070943277e+01 5.774740928587082101e-01 4.082650824958517610e+00
4.620812278889201963e+01 5.632948248332864116e-01 4.083388121849660379e+00
4.625262202185279392e+01 5.554428477505400918e-01 4.094284775054005898e+00
4.627932281393820091e+01 5.616386462540308155e-01 4.100679377602454601e+00
4.628941329325945020e+01 5.717072101687485919e-01 4.100422654268808031e+00
4.623257568642183912e+01 5.556651325882094872e-01 4.045663880279264824e+00
4.626041138348830373e+01 5.610484956638802645e-01 4.061834319526627546e+00
4.624622272314579874e+01 5.438683823299207409e-01 4.115905888982812399e+00
4.626175761560376998e+01 5.519019442096365635e-01 4.048614633230017468e+00
4.623050937666322113e+01 6.603894680817757878e-01 4.030374753451676284e+00
4.618364327979712414e+01 5.916658839735763342e-01 3.956724899032591392e+00
4.617938073322688552e+01 5.801822109514417347e-01 4.002166494474186820e+00
4.617885319808397071e+01 6.090714129175667235e-01 4.018808114961960776e+00
4.617001815847969937e+01 6.159293697755235941e-01 3.993256316333239297e+00
4.621397263704955805e+01 6.216743370589524753e-01 4.004359600513446971e+00
4.621135531135531238e+01 5.827275288813750231e-01 3.971913841144610213e+00
4.619113521805829237e+01 5.894305125074356111e-01 4.037224883378729423e+00
4.617170877555493291e+01 5.865173288250211669e-01 4.020298362606054887e+00
4.619646535800382026e+01 5.943896559281174330e-01 4.000352211890673360e+00
4.615798033874956730e+01 5.924548386086847529e-01 4.071693121693122031e+00
4.613477818477818460e+01 5.882596036442190313e-01 4.049259572336495694e+00
4.620408722331799112e+01 5.960129613975767571e-01 4.043586612817382075e+00
4.623350396042703636e+01 5.876475376475376322e-01 4.070803982342443561e+00
4.628313296390219733e+01 5.958172881249804709e-01 4.065278169124322716e+00
4.629612097304404728e+01 5.902225979149056112e-01 4.073757866065558453e+00
4.629681913528067128e+01 5.931780470242008496e-01 4.092619204157665891e+00
4.625224163301086122e+01 5.858176012022165979e-01 4.108631539400770194e+00
4.619458063304217177e+01 5.844807614038383115e-01 4.114237187314110145e+00
4.621413856798471897e+01 5.867364828903290919e-01 4.068905168905168956e+00
4.622828183212798336e+01 5.826868288406750196e-01 4.092077580539118742e+00
4.617222065683603915e+01 5.751761059453367464e-01 4.103043110735418608e+00
4.618230174384020614e+01 5.601562255408408797e-01 4.061170595785980275e+00
4.614247831940139832e+01 5.773551235089696698e-01 4.085488870104255099e+00
4.612304091919476434e+01 5.634231865001095851e-01 4.046225853918161697e+00
4.609569675338906336e+01 5.543705582167121060e-01 4.074908424908424642e+00
4.611661344353652225e+01 5.580523465138850225e-01 4.105757490372875296e+00
4.608172724711186419e+01 5.465608465608465805e-01 4.053576907423061648e+00
4.606422466422466755e+01 5.513712782943551716e-01 4.035488870104254389e+00
4.608390626467549822e+01 5.700510315894931068e-01 4.043747847594001854e+00
4.608670204439435025e+01 5.591606399298707508e-01 4.051357189818728166e+00
4.609816849816849782e+01 5.697990044143890209e-01 4.026350145580915196e+00
4.608970445508906977e+01 5.518518518518518157e-01 4.035612535612535190e+00
4.604268495037725728e+01 5.596443442597288653e-01 4.017263078801540210e+00
4.603090541936695956e+01 5.682524028677874428e-01 4.028320966782505508e+00
4.600682664913433939e+01 5.637393945086253133e-01 4.026506684198992048e+00
4.605607995992611592e+01 5.797736451582605754e-01 4.036640994333302146e+00
4.599934879934880172e+01 5.574637613099151512e-01 3.998887010425471900e+00
4.598063930371622376e+01 5.445414983876522008e-01 4.005643217181678928e+00
4.598454494223724964e+01 5.616120346889578174e-01 4.005530509376662884e+00
4.598737359506590394e+01 5.581760120221658239e-01 4.013977333208102571e+00
4.598467330390407426e+01 5.717212986443755973e-01 4.037198271813656092e+00
4.595930309007231784e+01 5.630944554021477533e-01 4.059044801352493792e+00
4.592185435646974412e+01 5.536050843743151040e-01 4.048063617294386241e+00
4.601513258820951080e+01 5.728765536457843810e-01 4.016420901036285684e+00
4.600365361134591780e+01 5.667402398171629274e-01 3.984105068720453335e+00
4.600539745155129623e+01 5.573416611878150295e-01 3.996448138755831270e+00
4.597410068563914365e+01 5.435333896872358572e-01 4.056416517954979817e+00
4.599168466860774629e+01 5.269794308255846271e-01 4.084854888701042519e+00
4.592277323815785195e+01 5.524654832347140054e-01 4.064486083716852605e+00
4.590419836573682488e+01 5.384067499452115380e-01 4.070237312545004649e+00
4.591179831564446800e+01 5.638239253623869018e-01 4.095090948937103015e+00
4.593318931780470393e+01 5.463886540809618220e-01 4.047964997964998091e+00
4.593146895839203836e+01 5.629848783694937353e-01 4.046247769324692101e+00
4.589441157133465055e+01 5.598024482639867294e-01 4.075579975579975311e+00
4.593714191791114843e+01 5.534516765285996120e-01 4.082896590588898533e+00
4.590294292601984694e+01 5.639350677812215995e-01 3.993204658589273759e+00
4.594628533859302877e+01 5.605006105006105077e-01 4.050180019410788645e+00
4.584722457030149201e+01 5.645267837575529413e-01 4.056342944804483430e+00
4.587242572242572436e+01 5.773879966187658308e-01 4.033602579756426110e+00
4.587573025265332660e+01 6.638114022729407759e-01 4.159472151779843863e+00
4.590153407845715350e+01 5.893694624463855503e-01 3.947489120566043841e+00
4.593992673992674014e+01 5.793948217025139957e-01 3.998489402335556164e+00
4.598614320152781687e+01 5.781409473717166181e-01 4.034966031119877172e+00
4.592282019974327767e+01 5.904073134842365844e-01 3.987564572179956635e+00
4.589623681162142788e+01 6.057214864907172203e-01 3.972732538117153656e+00
4.588848971541279553e+01 5.898484706177014036e-01 3.993531824301054911e+00
4.588210607056760892e+01 5.949610218840988285e-01 4.051693747847593841e+00
4.584985285369900510e+01 5.978006324160169971e-01 4.087855734009580466e+00
4.584058263673648526e+01 5.942284211514980985e-01 4.076062114523653079e+00
4.583562505870197867e+01 5.903807019191634753e-01 4.070224789455558323e+00
4.583450267681036649e+01 5.857815973200588555e-01 4.034508938355092056e+00
4.590911993988917317e+01 5.970414201183431580e-01 4.069136846059922874e+00
4.590257036410882563e+01 5.809946463792617921e-01 4.071542844619767898e+00
4.592349488118718881e+01 5.827510096740865508e-01 4.073756300679377773e+00
4.591961428884506091e+01 5.826398672552518532e-01 4.062170877555493220e+00
4.590217745217745460e+01 5.953664569049184063e-01 4.084058107135030369e+00
4.590233712156788926e+01 5.994067186374878453e-01 4.044301994301994441e+00
4.587829435521743449e+01 5.901083247237093321e-01 4.037387683541529881e+00
4.588052659591121341e+01 6.041294887448733775e-01 4.041571960802730068e+00
4.589706020475251336e+01 5.941642403180864562e-01 4.055438151591998164e+00
4.587788109326570662e+01 5.787498825960364357e-01 4.051062897216743508e+00
4.586860618014463853e+01 5.616903039979963541e-01 4.001637393945085996e+00
4.591079803387495417e+01 5.519129019129018765e-01 3.986147897686359354e+00
4.584730283961053487e+01 5.456732725963495678e-01 3.977384865846404161e+00
4.580610344071882878e+01 5.488510065433142016e-01 3.953331141792680192e+00
4.579122444507059697e+01 5.624729970883817209e-01 3.968546695469772345e+00
4.578023073792304842e+01 5.669343477035784229e-01 4.029305594690209880e+00
4.574647788109326285e+01 5.562411947027331438e-01 4.004353338968723364e+00
4.576035346419961769e+01 5.764205879590494908e-01 4.036061801446416908e+00
4.572218934911242627e+01 5.595034595034594771e-01 4.051554428477505354e+00
4.571800976800976457e+01 5.537913653298268679e-01 3.935726808803731824e+00
4.574473560627406954e+01 5.607714223098838602e-01 3.963914717760871564e+00
4.571359850975235872e+01 5.565041795811026537e-01 4.004170188785573181e+00
4.571843868382330101e+01 5.881046304123227486e-01 4.007000407000407272e+00
4.566755267524498407e+01 5.825036786575248371e-01 3.966826336057105440e+00
4.569783507091199226e+01 5.703140164678626167e-01 4.017418052033436382e+00
4.564165492627031284e+01 5.603096333865564826e-01 4.024704924704924913e+00
4.564477004477004130e+01 5.644375567452490916e-01 4.011752919445227050e+00
4.564547446855139157e+01 5.614570614570614238e-01 4.043533389687235413e+00
4.559030243261012316e+01 5.505666697974390678e-01 4.027212673366519446e+00
4.559086127547666223e+01 5.682242259165336540e-01 3.992900973670204579e+00
4.558169907016061018e+01 5.651435459127767125e-01 3.975636329482483244e+00
4.555489339720109143e+01 5.638348830656523258e-01 4.032215647600263075e+00
4.554261294261294069e+01 5.809789925174541070e-01 4.064313891236968068e+00
4.554239378854763487e+01 5.787217056447825358e-01 4.051158385773770298e+00
4.553581447042985531e+01 5.818790895713972233e-01 4.026830719138411396e+00
4.553528380451457025e+01 5.629723552800476316e-01 4.075047744278513129e+00
4.551661970508124000e+01 5.707241476472245667e-01 4.048129363513979229e+00
4.548160827776212045e+01 5.781941705018628364e-01 3.988301869071099848e+00
4.550653705269090210e+01 5.813734698350082608e-01 4.009580163426317512e+00
4.545352055352055487e+01 5.674978867286559758e-01 4.039635578097116486e+00
4.540543658620581624e+01 5.606086221470837350e-01 4.041783287937134261e+00
4.541379105225259138e+01 5.829247675401521001e-01 3.998304686766225302e+00
4.539830468676622388e+01 5.599464637926175881e-01 3.947625309163770524e+00
4.540533327071788960e+01 5.711295826680442556e-01 3.949855984471369208e+00
4.536826336057105635e+01 5.716649447418677976e-01 3.938909238909238830e+00
4.535797564259102899e+01 5.693387808772424341e-01 3.962386900848439364e+00
4.534761904761904816e+01 5.557105287874518629e-01 3.988776181083873329e+00
4.534626498857267762e+01 5.610641495256879496e-01 3.998337559876021352e+00
4.535107385492000986e+01 6.687721110798033886e-01 4.012582574121035250e+00
4.539268025421871755e+01 5.798738298738298491e-01 3.874388716696409052e+00
4.536371434832973648e+01 5.739237970007200484e-01 3.955863936633167377e+00
4.533426786888325211e+01 6.033233148617763719e-01 3.928090855013931737e+00
4.534860993707147259e+01 6.172129864437556623e-01 3.960312764158917975e+00
4.535508907047368865e+01 6.261983031213800288e-01 3.913560940484017259e+00
4.533485332331486006e+01 6.004179581102657703e-01 3.961303653611345954e+00
4.533050311511849628e+01 5.941047556432171861e-01 3.967250555712094062e+00
4.534058733289502641e+01 5.986318524780063210e-01 3.993779155317616958e+00
4.535921542844619836e+01 6.112801728186343375e-01 4.036227732381578726e+00
4.534331893178047324e+01 5.954948185717416909e-01 4.058141573526189205e+00
4.532725024263486091e+01 6.051923859616167301e-01 4.090214770984001547e+00
4.527657243041858237e+01 6.102251025327948275e-01 4.088431796124103457e+00
4.525832941986788427e+01 6.033233148617763719e-01 4.043644532106070777e+00
4.530037412729720359e+01 6.130991515606900588e-01 4.085740897279358741e+00
4.529822954822954983e+01 6.160780814626968249e-01 4.053982342443880782e+00
4.526278763971071584e+01 6.182148335994489541e-01 4.074745624745625072e+00
4.529514730283960944e+01 6.033420994959456385e-01 4.032866848251464020e+00
4.525566826336056891e+01 6.060329983406906873e-01 4.034859584859584736e+00
4.524903572211264446e+01 6.209793055946901674e-01 4.067217682602297657e+00
4.521022353714661079e+01 5.951535643843336443e-01 4.017978460286152576e+00
4.522201872201872419e+01 5.770357847280924712e-01 4.002446698600544472e+00
4.520557434018972742e+01 5.711561942331173647e-01 4.009038539807770363e+00
4.517493190570113626e+01 5.550765473842397268e-01 3.961123634200557131e+00
4.519504555273785940e+01 5.752684637300021775e-01 3.928954948185717555e+00
4.518194013963244515e+01 5.804373688989074020e-01 3.989045427506965780e+00
4.515252653329576304e+01 5.608684762530916634e-01 4.007279045740584245e+00
4.515943145173914530e+01 5.751401020631790040e-01 3.993560001252308922e+00
4.518703234087849552e+01 5.629676591215052595e-01 3.980105507028584011e+00
4.516806455652609742e+01 5.701856548010394432e-01 3.987149744842052534e+00
4.518981872828026525e+01 5.879809649040418362e-01 4.005143858990012795e+00
4.519121974891205440e+01 5.738768354152969930e-01 3.973050311511849841e+00
4.516616887386118151e+01 5.684543376851068919e-01 4.018599918599918830e+00
4.507471744779437017e+01 5.704267242728781051e-01 4.004406562098870026e+00
4.506521085751855082e+01 5.708102438871669460e-01 4.040111455496070647e+00
4.508131555054632145e+01 5.890908237062083552e-01 3.980841238533546100e+00
4.506421057574903699e+01 5.816427162581008226e-01 3.961583857737704051e+00
4.509136846059922732e+01 5.930731661500892038e-01 3.975636329482483244e+00
4.506507310353464391e+01 5.767555806017344855e-01 3.944414702107009951e+00
4.503243480166557333e+01 5.644187721110798250e-01 3.979502833348987245e+00
4.505155286309132379e+01 5.789549481857174662e-01 4.010555399016937805e+00
4.507634858019473256e+01 5.833975141667449016e-01 4.002333990795529317e+00
4.508747377978146886e+01 6.004852697160389940e-01 3.964896214896215021e+00
4.508345386806925603e+01 5.834413449798064866e-01 3.997252747252747263e+00
4.509760965530196586e+01 5.757991296452834584e-01 4.004688331611408358e+00
4.513008515700823153e+01 5.771422309883847968e-01 3.978821890360352054e+00
4.515926865157634040e+01 5.726120033812341914e-01 3.935844212767289907e+00
4.516161046930277934e+01 5.783053129206975340e-01 3.901629567014182509e+00
4.515638834100372634e+01 5.767477536708306429e-01 3.903212172442941608e+00
4.521890516890516665e+01 5.749835634451019306e-01 3.955359882282959205e+00
4.523598196675119709e+01 5.763266647882032689e-01 3.997305970382893481e+00
4.522990513759744857e+01 5.457953727184496895e-01 3.982951379105225342e+00
4.524758304373688844e+01 5.583936007012929581e-01 4.020555085939701456e+00
4.526407908330985208e+01 5.412432297047681251e-01 4.034660780814626868e+00
4.521280172818634213e+01 5.571569456184840563e-01 4.007603080680003593e+00
4.518031370339062391e+01 5.574825459440844178e-01 4.007372968911430355e+00
4.522001972386587454e+01 5.681741335587489061e-01 3.962906609060455221e+00
4.510064024294793228e+01 5.738752700291162023e-01 3.946031746031746223e+00
4.510407470022854426e+01 5.965404965404965676e-01 3.946025484487023061e+00
4.505515325130709670e+01 5.819025703641088620e-01 3.930539119000657333e+00
4.496237281237281280e+01 6.698287467518236893e-01 3.952622021852790990e+00
4.502311918850380579e+01 5.901333709026016505e-01 3.814595660749506845e+00
4.504160326852634455e+01 5.890516890516890314e-01 3.890703171472402300e+00
4.501512476127860651e+01 6.233790426098118065e-01 3.949209479978710746e+00
4.502981591058514255e+01 6.165602204063742597e-01 3.953041545349237573e+00
4.493133903133902862e+01 6.225446917754610121e-01 3.895003287310979445e+00
4.492667887667887783e+01 5.941391941391941378e-01 3.896297861682477048e+00
4.494964778810932415e+01 5.888935850474311673e-01 3.966181396950627658e+00
4.490697536082151231e+01 5.929651545036160876e-01 3.961756050217588587e+00
4.490031777339469699e+01 5.952897529820606604e-01 3.971859052628283315e+00
4.495541936695782681e+01 5.944507059891674938e-01 3.987901130208822309e+00
4.500752794214332653e+01 5.969975893052815730e-01 4.015719608027300325e+00
4.502181835258758014e+01 6.086049278356970849e-01 4.031454869916408335e+00
4.506147428070504901e+01 5.944381828997213901e-01 4.064925957233649356e+00
4.505105820105820413e+01 6.005431890047274734e-01 4.078654394039009645e+00
4.498567984721830726e+01 5.903994865533327419e-01 4.032034062803293573e+00
4.500366300366300720e+01 6.006058044519583250e-01 4.008381077611846699e+00
4.501626749319056842e+01 5.854074700228546480e-01 4.040778310009079277e+00
4.495209135593751171e+01 5.848799348799348374e-01 4.007003537772768631e+00
4.490826054287592939e+01 6.058545443160827659e-01 4.051191258883566348e+00
4.489033374033373747e+01 6.177921793306409004e-01 4.053259134028365018e+00
4.481182179643717944e+01 6.013603205910897920e-01 4.044193982655521324e+00
4.475238721392567243e+01 6.035048996587457637e-01 4.018972480510941914e+00
4.474185529570144837e+01 5.809883848345386292e-01 4.011948592717823558e+00
4.465638207945900007e+01 5.751901944209636408e-01 3.995339845339845208e+00
4.462422435114742569e+01 5.743683666760589501e-01 3.948124667355436657e+00
4.466725681725682051e+01 5.925628502551579802e-01 3.993234400926708449e+00
4.463547165085626744e+01 5.835133527441219714e-01 4.003836761529068866e+00
4.462103722488338065e+01 5.680739488431796325e-01 4.042962023731254462e+00
4.464963213424751842e+01 5.623101969255815957e-01 3.988016968786199712e+00
4.457446698600544721e+01 5.745327322250398661e-01 3.977140665602203917e+00
4.457645502645502944e+01 5.843163958548573955e-01 3.996698600544754232e+00
4.458768510691587750e+01 5.682711875019567094e-01 3.980896027049872998e+00
4.458912526220218808e+01 5.643671143671143975e-01 3.991845903384364735e+00
4.457904260981184308e+01 5.684652953883723159e-01 3.989751416674493623e+00
4.457566607181991714e+01 5.721815221815221841e-01 3.926085595316364696e+00
4.459179737641276375e+01 5.745170783632321809e-01 3.988294042140196005e+00
4.460102219717604299e+01 5.891565699258006772e-01 3.984350834350834258e+00
4.463012429166275297e+01 5.831094831094830733e-01 3.939253623869008347e+00
4.458306721768260417e+01 5.649885726808803188e-01 3.994261294261294282e+00
4.456362512131742903e+01 5.814517391440467975e-01 3.926207695438464818e+00
4.455240912933220443e+01 5.701465201465201194e-01 3.942033749726057579e+00
4.459578598040136654e+01 5.913872452333990282e-01 3.966084343007419744e+00
4.454325162017470063e+01 5.883206537052690921e-01 3.982888763657994602e+00
4.451266397420243237e+01 5.830515638207945939e-01 3.967001659309351780e+00
4.450362073823612263e+01 5.942456403994865743e-01 3.968934911242603558e+00
4.449422059422059306e+01 5.791897561128330763e-01 3.964093171785479264e+00
4.450664506433736989e+01 5.599323753169906936e-01 3.972793588178203716e+00
4.449774740928587136e+01 5.922513384051845131e-01 3.994932844932844951e+00
4.449253310791772265e+01 5.749303403149557123e-01 4.036392097930559864e+00
4.445828402366863941e+01 5.687705456936226200e-01 4.019146238377008018e+00
4.446729125575279085e+01 5.910616449077987777e-01 3.985750289596443618e+00
4.446854043392504963e+01 5.844557152249459930e-01 3.952766037381421960e+00
4.451214113521805871e+01 5.854747816286277606e-01 3.908406123790739262e+00
4.446753075983845349e+01 5.811965811965812412e-01 3.932538117153501656e+00
4.445844369305908117e+01 5.827604019911711841e-01 3.949505337966876528e+00
4.442557214864907422e+01 5.916392724085032251e-01 3.957634388403619141e+00
4.439076891769199307e+01 5.818023856485394774e-01 3.942581634889327002e+00
4.440534422842114992e+01 5.963526501988040129e-01 3.966535174227482141e+00
4.435039917347609872e+01 5.805485113177420997e-01 3.935313546852008404e+00
4.437629692245076996e+01 6.736561159638082552e-01 4.056738987508218486e+00
4.442997871074793892e+01 5.914435991359068279e-01 3.951416674493597458e+00
4.444153752230675281e+01 5.896778435239973248e-01 3.975113490498106028e+00
4.443717948717948474e+01 6.247440593594439928e-01 3.955743401897247935e+00
4.439322344322344094e+01 6.411477411477412014e-01 3.936323220938605427e+00
4.437687924611001478e+01 6.433048433048432768e-01 3.951396324473247734e+00
4.434112112958266749e+01 6.372311449234525638e-01 3.953824238439623162e+00
4.430862684324223011e+01 6.390391659622428611e-01 3.979410475564321814e+00
4.423856328856329156e+01 6.211734134811057739e-01 3.972190914498606951e+00
4.423081149619611097e+01 6.198412698412698596e-01 3.964734980119595686e+00
4.422075075921230081e+01 6.234166118781503396e-01 3.924387151310228194e+00
4.422177921793306155e+01 6.332910679064525095e-01 3.973213111674650300e+00
4.422398015090323042e+01 6.254547446855138748e-01 3.928763971071663530e+00
4.425331705331705479e+01 6.183400644939106572e-01 3.968762718762718578e+00
4.421646316646316421e+01 6.163708086785010254e-01 3.935523308600231474e+00
4.421134278826586694e+01 6.340815879277417189e-01 3.960491218183525675e+00
4.419444757521680600e+01 6.241773895620049695e-01 4.005460066998528745e+00
4.416632697786543815e+01 6.262327416173569805e-01 3.951339970570739712e+00
4.416968160045082925e+01 6.280532857455934925e-01 3.974294793525562586e+00
4.408779311856235239e+01 6.207805015497322998e-01 3.945959738267430517e+00
4.412346983500829367e+01 6.200807739269277308e-01 3.998929275852352916e+00
4.419214332675871049e+01 6.100153407845715359e-01 4.023610719764565857e+00
4.417373438527284435e+01 6.076171691556306875e-01 4.019033530571991975e+00
4.416025954102877193e+01 5.886227732381578148e-01 4.016787201402586049e+00
4.414538993769762953e+01 5.831705331705331341e-01 3.949104599104598989e+00
4.420682038758961596e+01 5.751839328762405890e-01 3.959674086597163356e+00
4.424435208665978081e+01 5.687486302870917720e-01 3.997819417050186175e+00
4.420074981998058661e+01 5.745029898876052865e-01 4.012147396762781426e+00
4.418149243918474411e+01 5.896199242353088454e-01 4.003808584577815743e+00
4.410906045521430485e+01 5.827619673773519748e-01 3.965689865689865812e+00
4.412285307285307567e+01 5.812247581478350300e-01 3.961502457656303822e+00
4.412725337340722120e+01 5.808052346513884467e-01 3.931389123696816146e+00
4.409164866472558941e+01 5.742822704361165709e-01 3.911247299708838110e+00
4.408384991077299020e+01 5.832534986381140429e-01 3.931506527660373784e+00
4.408333176794715058e+01 5.778137816599354659e-01 3.923840831533139006e+00
4.403463886540809824e+01 5.837293760370683149e-01 3.891869384177076618e+00
4.406945775022698086e+01 5.847014808553270271e-01 3.939870386024232118e+00
4.405557434018972174e+01 5.857753357753358037e-01 3.954697723928493058e+00
4.409869133715287859e+01 5.943786982248521200e-01 4.021427006042390673e+00
4.403208415516107976e+01 5.920681882220343306e-01 4.034789142481450597e+00
4.403573776650699756e+01 5.796014526783757059e-01 3.976999780845934751e+00
4.406805203343665056e+01 5.858207319745781794e-01 3.988121849660311025e+00
4.404911712219404762e+01 5.738956200494661486e-01 4.009922982999905905e+00
4.406174039635578055e+01 5.907595253749099440e-01 4.059234213080366693e+00
4.405865032403494297e+01 5.585000469615853946e-01 4.067303778842240369e+00
4.402930716007639234e+01 5.689223881531574323e-01 3.983430387276541307e+00
4.405625997933690030e+01 5.983735637581791833e-01 3.969756738987508360e+00
4.401546445007983266e+01 5.832378447763063578e-01 4.000004696158542039e+00
4.394135906828214644e+01 5.777668200745124105e-01 4.027242415703954137e+00
4.400520177827870327e+01 5.970570739801509541e-01 4.028375755298831962e+00
4.394674869290253838e+01 5.824348016655709337e-01 4.018056729595191001e+00
4.390504993581916438e+01 5.986193293885601063e-01 3.971768260229798564e+00
4.385749350364734767e+01 5.880733226887072673e-01 3.931839954916878099e+00
4.389830781753858702e+01 5.901067593375285414e-01 3.967407094330171358e+00
4.384687235841082042e+01 5.830891330891331270e-01 3.968883253498638020e+00
4.380044613506152018e+01 5.820293666447512448e-01 3.958000688769919506e+00
4.387941830249522468e+01 5.929902006825084060e-01 3.948480010018471376e+00
4.385277542969850373e+01 5.956012648320340164e-01 3.927538273692119830e+00
4.388238157853542276e+01 6.080429541968003226e-01 3.918033248802479385e+00
4.384941298018220834e+01 5.859083936007012383e-01 3.913725306032998397e+00
4.386027206411822021e+01 6.706505744967283800e-01 3.903057199211045436e+00
4.382359819667512113e+01 6.077533577533577036e-01 3.856554271938887446e+00
4.386161673084750134e+01 5.961851538774615156e-01 3.924086597163520373e+00
4.386048495663879976e+01 6.447215177984408907e-01 3.927929620237312403e+00
4.378468113083497570e+01 6.430293353370276632e-01 3.913560940484017259e+00
4.379535706458783295e+01 6.592044707429323136e-01 3.937658495350802923e+00
4.384685983532137499e+01 6.387808772424157233e-01 3.966013900629285160e+00
4.386877837262452573e+01 6.363654863654863991e-01 4.035786293478601294e+00
4.384862872170564430e+01 6.368617137847907284e-01 4.004902789518173911e+00
4.381189223881531802e+01 6.351100466485082308e-01 4.011756050217588410e+00
4.380103315487930615e+01 6.393193700886008468e-01 4.027417738956200921e+00
4.381795497949344309e+01 5.847359193513039788e-01 4.090831533139225762e+00
4.380062928524466770e+01 6.028583951660875240e-01 4.038428665351742275e+00
4.378322845245921968e+01 6.178876678876679129e-01 4.025550233242540799e+00
4.372756488525719476e+01 6.164302933533702955e-01 4.014601922294230185e+00
4.371730064806988025e+01 6.181647412416643173e-01 4.004469177546100767e+00
4.369832660217275588e+01 6.115729000344385380e-01 4.000763908456216100e+00
4.370886478194170621e+01 6.058482827713597141e-01 4.031800820262358975e+00
4.365345480730096028e+01 6.130067937760245167e-01 4.073382173382173121e+00
4.363961366269058573e+01 6.145518299364453041e-01 4.038344134497980242e+00
4.365446604677374154e+01 6.162377508531354797e-01 4.040831533139225051e+00
4.363903290441751892e+01 6.125559625559625632e-01 4.025316990701606201e+00
4.365771109232647973e+01 6.071585110046648914e-01 4.039983093829247807e+00
4.361527973451050144e+01 6.025171409786794774e-01 3.989868820638051261e+00
4.364318274318274149e+01 5.839610531918224545e-01 4.029474656397733057e+00
4.364431451739144308e+01 5.860164052471744656e-01 4.003468895776587821e+00
4.363675996368304055e+01 5.840800225415609948e-01 3.996678250524404508e+00
4.359791020944867057e+01 5.802526533295764288e-01 4.002102313640775400e+00
4.359118531041607980e+01 6.020913559375097313e-01 4.016300366300366242e+00
4.356497604959143644e+01 6.025421871575717958e-01 3.981451739144046709e+00
4.356493221877837385e+01 6.166118781503396873e-01 3.897194827964058916e+00
4.354639804639804623e+01 5.952271375348298088e-01 3.932959206036128919e+00
4.357334616950001305e+01 5.797642528411759422e-01 3.935268150652766028e+00
4.359867411790488489e+01 6.033405341097648478e-01 3.960985880216649324e+00
4.361388967158197971e+01 5.897185435646974394e-01 3.932621082621082564e+00
4.360340314955699625e+01 5.987351679659371761e-01 3.973532450455527165e+00
4.361753389061081521e+01 5.893193700886008024e-01 3.948254594408440621e+00
4.355079991233837688e+01 5.699179737641275612e-01 4.009974640743871888e+00
4.353029335337027561e+01 5.857205472590087947e-01 4.016593093516170221e+00
4.350210231364077629e+01 5.856078394539933063e-01 3.978909551986475002e+00
4.356965968504430009e+01 5.570160608622146681e-01 4.042154284461976665e+00
4.349781785166400283e+01 5.694765348611502409e-01 4.013407532638302300e+00
4.342239911086065263e+01 5.663097586174509201e-01 4.009079239848470699e+00
4.340308537616230211e+01 5.905842021226637151e-01 4.053018064556526134e+00
4.335370839986224922e+01 5.817256817256817314e-01 3.964619141542218284e+00
4.334066716759024729e+01 5.859757052064744620e-01 4.033851476159168392e+00
4.335394633856171964e+01 5.906562098869790889e-01 4.006457217995679443e+00
4.336540183463260689e+01 5.913183682414451248e-01 3.966305062458908459e+00
4.340594220594220332e+01 5.933893741586049320e-01 3.977989104912182050e+00
4.345896809742963285e+01 6.000031307723615592e-01 3.970855640086409455e+00
4.351490091105475955e+01 5.733806079959926638e-01 3.984148899533515031e+00
4.357888607119376445e+01 5.767837575529882743e-01 3.993494255032716378e+00
4.362563319871011913e+01 5.634654519269903794e-01 4.019362261669954250e+00
4.364475282552205471e+01 5.712297673836135292e-01 4.013359005666697676e+00
4.365940327478789129e+01 5.919053880592342054e-01 3.998683510221971549e+00
4.361094204940359020e+01 5.820872859334397242e-01 3.991975830437368700e+00
4.363373720296797131e+01 6.022024983563445399e-01 3.963693998309382849e+00
4.362540778310009415e+01 5.810087348548886865e-01 3.967713910021602342e+00
4.362521680598603524e+01 6.075185498262420936e-01 3.971751040981810199e+00
4.354475908706677956e+01 6.011286434363357634e-01 3.921361259822798484e+00
4.343743151435459282e+01 6.767994114147960483e-01 4.014725587802510987e+00
4.345367865752481151e+01 6.039933001471462504e-01 3.847955605647913391e+00
4.350404339250493280e+01 5.941110171879402380e-01 3.958957139726370311e+00
4.350475407783100223e+01 6.120613005228390247e-01 3.961635515481669145e+00
4.344218089602704680e+01 6.417097147866378526e-01 3.904411258257411976e+00
4.345584358661281499e+01 6.490826836980683190e-01 3.892415703954165362e+00
4.346039103346795685e+01 6.236952506183275347e-01 3.897683228452459403e+00
4.345911524373062917e+01 6.298628721705644695e-01 3.960467737390814147e+00
4.342666635358943239e+01 6.418052033436648651e-01 3.941390376005760476e+00
4.342082276697661314e+01 6.337653799192261017e-01 4.029858176012021787e+00
4.340370526908988325e+01 6.197817851664005895e-01 3.991711280172818732e+00
4.345393225008609761e+01 6.176137253060329790e-01 4.018268056729595195e+00
4.342927585235277377e+01 6.202091355937510153e-01 4.046479446479446906e+00
4.345881468958391736e+01 6.313374659528505628e-01 4.021835571835572054e+00
4.350870980870980986e+01 6.320043204658589708e-01 4.030130553207476041e+00
4.351444694906233224e+01 6.281894743433205086e-01 3.971619548542625555e+00
4.349685826993519555e+01 6.324629786168247669e-01 3.971092013399705856e+00
4.348440092670861645e+01 6.311668388591465950e-01 3.972043768197614177e+00
4.346306001690616938e+01 6.398829091136783997e-01 3.988611815534892635e+00
4.348632791709714951e+01 6.306095613787920939e-01 3.985945962869039683e+00
4.351790958329419823e+01 6.320152781691242838e-01 4.013413794183025018e+00
4.347757897373281821e+01 6.212188096803481496e-01 3.971160890391659759e+00
4.348715444100059813e+01 6.089148742994896502e-01 4.045616918693841768e+00
4.342645659184120888e+01 6.094549325318555644e-01 4.002637675714598942e+00
4.339669233900003320e+01 5.968817507279046142e-01 3.950771735387120120e+00
4.338513039666885618e+01 5.883488306565229919e-01 3.980033499264268304e+00
4.340314799160952930e+01 5.950392911931373652e-01 3.932793275100967545e+00
4.334305281612974170e+01 5.854027738643122758e-01 4.037307848846310776e+00
4.333445571522494788e+01 6.030493722801415490e-01 3.966848251463636288e+00
4.324370245139476054e+01 5.872217526063679971e-01 3.981332769794308390e+00
4.323200588585203974e+01 5.785980401365016235e-01 3.975641025641025728e+00
4.324624307316614846e+01 5.788078018847249151e-01 4.029665633511787526e+00
4.321317585548354856e+01 5.732788578942424884e-01 3.978450893835509206e+00
4.319580319964935455e+01 5.856000125230894637e-01 4.009816536739613468e+00
4.322421026267180366e+01 6.009548855702702141e-01 3.977621239159700561e+00
4.320277542969850515e+01 5.796828527597758240e-01 3.948193544347390560e+00
4.319076891769199733e+01 5.997276228045458346e-01 3.958640931717854805e+00
4.314016154785385737e+01 5.909442409442409172e-01 3.944992329607714066e+00
4.316844181459565988e+01 5.929385429385429784e-01 3.959882282959206190e+00
4.318420525343601923e+01 6.124385585924047026e-01 3.985235277542969801e+00
4.316111737265583770e+01 5.950972104818258446e-01 3.979531010300241256e+00
4.318424751886290380e+01 6.069377915531761758e-01 3.976411195641964991e+00
4.316382549074856456e+01 6.017610594533671087e-01 3.996726777496008243e+00
4.318546695469772345e+01 5.904511442972981694e-01 3.945239660624276112e+00
4.319273817350740075e+01 6.148727341035032934e-01 3.961056322594784351e+00
4.313759901067593461e+01 5.984768792461100384e-01 3.974560909176293677e+00
4.318857111549419159e+01 6.119063272909426310e-01 3.958291850599542805e+00
4.318667386744309766e+01 5.895573087880779939e-01 3.996595285056823599e+00
4.319532262609185835e+01 5.892645815722739044e-01 3.935468520083904576e+00
4.326127234588773263e+01 6.094956325725556789e-01 3.894914060298675818e+00
4.326032372186218566e+01 5.938981246673554759e-01 3.936293478601170737e+00
4.321800037569268227e+01 5.762937916784071080e-01 3.966514824207131973e+00
4.312859804013650233e+01 5.802291725368647901e-01 3.974144516452208897e+00
