2.341254187760165166e+02 7.404647922390484860e-01 4.515501482914812215e+01
2.339497949253301101e+02 7.069070197125023602e-01 4.761376075058639401e+01
2.338156522859601409e+02 7.782944077295023133e-01 4.613189424349504719e+01
2.335155760654491814e+02 6.189312967096326501e-01 4.505242289498167452e+01
2.332465427773967974e+02 4.200645581175936338e-01 4.509628900022276810e+01
2.330593133165313304e+02 3.303198203904062491e-01 4.464656723784730730e+01
2.328263155136039302e+02 2.469435356707623264e-01 4.416457078461262853e+01
2.328083818538400749e+02 2.452072804783765325e-01 4.396314989451430932e+01
2.328804025928077408e+02 2.319069105140625642e-01 4.417539890190048624e+01
2.329072479372414648e+02 2.339642091193800955e-01 4.390524086991845110e+01
2.329315740736696227e+02 2.342404811720050217e-01 4.400065955857622413e+01
2.329651078225394372e+02 2.284868153803818469e-01 4.422101545813113432e+01
2.329005748205869679e+02 2.375797694602539423e-01 4.388662144395281217e+01
2.328143408126984752e+02 2.422949580896388289e-01 4.339991198605754619e+01
2.327756736451749475e+02 2.518956849144539656e-01 4.320143290192669383e+01
2.327580293612764990e+02 2.533829676641580209e-01 4.301423729257756179e+01
2.327498831576694442e+02 2.463582320335807041e-01 4.323125717979741722e+01
2.327745641890268757e+02 2.414574060565822522e-01 4.334738207660488740e+01
2.328402765341288898e+02 2.360782909133794238e-01 4.371671740754167956e+01
2.328601593860426817e+02 2.435933275385361307e-01 4.363526410734643690e+01
2.329375570561847724e+02 2.304938827034039295e-01 4.393206000672662270e+01
2.329792730441467370e+02 2.340668556527664423e-01 4.418538837517089490e+01
2.330311816144771058e+02 2.415949960906958460e-01 4.411576454195622432e+01
2.331128467596454925e+02 2.366679624881519728e-01 4.418568102698948508e+01
2.332153415072005487e+02 2.267243525624505762e-01 4.463708226136864710e+01
2.332076342813213898e+02 2.377118995723788986e-01 4.484622675711209183e+01
2.331763609401548933e+02 2.430790028872067410e-01 4.492978431124176097e+01
2.331278757409114064e+02 2.435409122874452326e-01 4.462665599433915276e+01
2.330465196273275694e+02 2.530215208285104267e-01 4.431067065313770570e+01
2.329402411538343927e+02 2.511203759920678236e-01 4.383400199177954448e+01
2.328464735455859795e+02 2.566425410913729110e-01 4.362368579677733749e+01
2.327049523676405727e+02 2.629694986918026944e-01 4.317286986603535581e+01
2.326019236397150394e+02 2.566261613254069984e-01 4.297816577196744703e+01
2.325855624374839010e+02 2.795643855840587721e-01 4.276797733913977595e+01
2.325522241538212995e+02 2.644677012854840248e-01 4.260128810479555739e+01
2.325839790601071968e+02 2.645332203493476753e-01 4.248236663594550322e+01
2.326392815179456761e+02 2.585010985363040970e-01 4.262716595105289485e+01
2.327197498482141782e+02 2.525355877715219077e-01 4.302342415731563818e+01
2.328146301885638536e+02 2.518498215697493881e-01 4.328800760894728228e+01
2.328041394944549154e+02 2.531165234711126311e-01 4.315102144220563218e+01
2.327715393922451597e+02 2.837106503422279213e-01 4.271469068449950157e+01
2.327422239791037839e+02 2.896838049977941698e-01 4.234918821879873008e+01
2.325886156258599442e+02 2.804827444625471178e-01 4.175925565975513365e+01
2.325596976950393469e+02 2.981423161425869606e-01 4.154119838735743997e+01
2.324854580437754805e+02 2.759499172275826639e-01 4.127524777125984201e+01
2.325044028810916359e+02 2.930547608335772325e-01 4.135688998475589528e+01
2.325722522396600027e+02 2.694602539518915485e-01 4.178962811379351194e+01
2.326542613599136757e+02 2.785870595480931522e-01 4.218846777117248337e+01
2.326346897235532367e+02 2.617191765564053640e-01 4.219638902599359653e+01
2.326168903778702770e+02 2.626102358249505220e-01 4.183680402374410789e+01
2.326350369745917135e+02 2.794322554719338436e-01 4.190282212447748833e+01
2.326656354694003994e+02 2.571863493214409102e-01 4.218620627148479230e+01
2.327078996335300474e+02 2.725352820158905565e-01 4.220191009910850255e+01
2.327649973137183679e+02 2.519218925399994147e-01 4.251512179993972040e+01
2.327537029190926887e+02 2.738183636832197121e-01 4.249490152484701611e+01
2.328083611061365161e+02 2.552207774055324507e-01 4.277141163007063085e+01
2.328636504601622335e+02 2.805591833703879878e-01 4.261764166313592028e+01
2.327591988765664439e+02 2.665457475943583954e-01 4.256480272209870463e+01
2.327173835180242918e+02 2.747956897191852765e-01 4.263162343136441024e+01
2.326502985485343515e+02 2.612812908129168443e-01 4.271143766297867472e+01
2.327383092150379298e+02 2.122675711209438265e-01 4.248455715664734811e+01
2.325114188808470317e+02 2.372947615324472181e-01 4.162150401195067673e+01
2.324826341721229426e+02 2.647614450884726023e-01 4.163157210809772124e+01
2.324319235086769027e+02 2.814262189821831739e-01 4.177947047492585142e+01
2.324401505191293893e+02 2.684403405244145668e-01 4.208411665014130421e+01
2.324999181011701808e+02 2.724817747804019197e-01 4.230214880689784707e+01
2.324858566180806463e+02 2.899753648319872701e-01 4.159415198675641534e+01
2.324585668359970612e+02 2.943007150313836084e-01 4.116301143089267356e+01
2.323638688570417798e+02 2.837718014685006174e-01 4.161762200741675599e+01
2.322369398666031941e+02 2.574800931244294322e-01 4.217604754063273731e+01
2.321887822626790410e+02 2.671397871067218155e-01 4.216601438798642221e+01
2.321778329351230354e+02 2.656732520605745718e-01 4.218568539492707714e+01
2.322220473833869789e+02 2.610672618709624082e-01 4.244334020555514542e+01
2.323014881563372285e+02 2.605693169855989311e-01 4.278213710082510346e+01
2.324123038250029367e+02 2.596837176390423552e-01 4.292089665022866285e+01
2.325212805919429115e+02 2.617071647280303504e-01 4.318487186655077181e+01
2.325566597944448688e+02 2.636749206127342871e-01 4.341169012977142927e+01
2.326134866625025666e+02 2.457194211609104451e-01 4.374192368339441117e+01
2.326446267815725548e+02 2.649754740304270384e-01 4.388249155896060216e+01
2.326837296508707595e+02 2.517002197072608083e-01 4.389930593471680709e+01
2.327006881685674387e+02 2.692768005730734049e-01 4.381281749446363705e+01
2.327673145046103684e+02 2.589935834996789366e-01 4.385994754106953053e+01
2.327780235955988530e+02 2.636017576580865773e-01 4.365649555999144127e+01
2.327755546188756171e+02 2.915685700682708603e-01 4.331525152768617204e+01
2.328395143290192664e+02 2.605365574536671058e-01 4.374737268553906944e+01
2.328970706426546542e+02 2.562472427393957530e-01 4.450822045854609144e+01
2.331086109521667140e+02 2.251464351077351878e-01 4.575965423406030652e+01
2.332698904958045887e+02 2.335798306113802125e-01 4.669801935869940479e+01
2.333503118707439796e+02 2.288711938883817298e-01 4.678400111819202323e+01
2.334178325420086537e+02 2.418745440965139604e-01 4.705268387925273288e+01
2.335293034013130011e+02 2.289956801097225991e-01 4.741781070232068629e+01
2.335933504702084917e+02 2.411450985188323681e-01 4.757720220493489904e+01
2.335509236004035927e+02 2.459935092447399219e-01 4.728343437828960560e+01
2.335572822255515746e+02 2.315705793195626805e-01 4.716742413984388804e+01
2.335603321379743988e+02 2.642755120314840833e-01 4.670823159678694481e+01
2.335474194224712789e+02 2.594456650403378917e-01 4.700989447062780613e+01
2.335019743077911016e+02 2.338015034441187912e-01 4.731208695690155963e+01
2.334686261962689002e+02 2.553954949091687410e-01 4.734049165505523149e+01
2.333755585500194343e+02 2.548243870691575541e-01 4.678556047191197820e+01
2.333655537889674747e+02 2.515331460944085773e-01 4.680112670950157394e+01
2.334011906997872927e+02 2.818837604448307665e-01 4.665474620098628122e+01
2.334147859055389915e+02 2.592392799891675148e-01 4.665562524842645331e+01
2.334119795056368218e+02 2.809293660812174354e-01 4.636602334225848665e+01
2.334234846532512790e+02 2.570542192093159262e-01 4.647747126989049349e+01
2.334040506069249261e+02 2.860529568753521490e-01 4.595862252720132801e+01
2.333231072634434327e+02 2.694995653902096944e-01 4.557588636373563418e+01
2.333576729375690775e+02 2.701656758728231411e-01 4.610364460712585100e+01
2.334062782550962822e+02 2.511400317112268965e-01 4.646919839609331859e+01
2.334137583482207106e+02 2.812613293381264201e-01 4.624438501622688591e+01
2.334611668508480307e+02 2.613806613931100031e-01 4.625548940556737421e+01
2.335444939962697788e+02 2.600680961470422381e-01 4.688791872141730721e+01
2.337383223188507202e+02 2.343169200798458918e-01 4.791034808094661912e+01
2.338340161875767080e+02 2.493513612677502045e-01 4.844043115911959774e+01
2.337356709807330333e+02 2.489527869625798862e-01 4.803260228617853755e+01
2.336605621098885877e+02 2.408360669342756444e-01 4.773328608680839125e+01
2.336400273432893187e+02 2.679325677794715532e-01 4.758561157678179399e+01
2.337124837840316900e+02 2.643858024556545172e-01 4.798178679223030940e+01
2.336115931615568968e+02 2.526567980396696167e-01 4.742124936118912615e+01
2.334520345853298409e+02 2.583919000965314017e-01 4.661422921189301860e+01
2.334319420724116583e+02 2.734591008163675396e-01 4.659312661340694461e+01
2.339549425397810012e+02 2.185464814078736384e-01 4.805930676462494944e+01
2.340862722273424197e+02 2.143063059914999957e-01 5.022574921049528029e+01
2.341364052310420618e+02 2.272932764336663136e-01 5.122332718910111993e+01
2.341342649416225186e+02 2.652473781454610657e-01 5.111763620321392665e+01
2.341756129308424477e+02 2.614669281605304652e-01 5.116402588439816412e+01
2.342152792640898724e+02 2.555538326468391186e-01 5.154858020188607526e+01
2.342595286558545524e+02 2.498427542467273332e-01 5.205991499993447746e+01
2.342949591816232271e+02 2.620653356104847842e-01 5.169471392192748027e+01
2.343098429289642297e+02 2.699461870088800119e-01 5.156320514892482976e+01
2.343523516975989480e+02 2.578895872735770256e-01 5.194940508690012138e+01
2.344442443686364470e+02 2.474283767433530790e-01 5.255436662720963170e+01
2.345682468408891452e+02 2.478902861435915705e-01 5.314351295748686255e+01
2.345482384107695850e+02 2.649307026701202550e-01 5.252519644799315301e+01
2.345040512621155528e+02 2.868806810488291892e-01 5.189048379276756862e+01
2.345213723186323023e+02 2.844226241695458901e-01 5.199441777575881929e+01
2.345745585107079876e+02 2.505569120428407515e-01 5.262921232981423003e+01
2.346669425747244873e+02 2.377293713227425498e-01 5.309288965279264261e+01
2.347464838102393117e+02 2.611535286383828147e-01 5.316387519055128053e+01
2.349040462389873483e+02 2.285938298513590927e-01 5.424049973573977468e+01
2.350503776082047409e+02 2.333985612013575461e-01 5.500705640317811174e+01
2.350902896379416518e+02 2.436774103371611155e-01 5.526441310206559621e+01
2.350002162129107433e+02 2.368503238825723778e-01 5.514899690313225022e+01
2.349167077980789884e+02 2.315978789295058682e-01 5.472087131619063172e+01
2.349025578642532253e+02 2.587598988385653720e-01 5.438550980383592304e+01
2.347544804119838773e+02 2.512110106970791845e-01 5.391322436785023342e+01
2.346833736639570986e+02 2.901872098051462845e-01 5.267789190228049989e+01
2.345913095513691360e+02 3.160443083589221658e-01 5.174605029243342358e+01
2.345410662572453191e+02 2.783675706841500785e-01 5.170449373419352668e+01
2.345269479909671020e+02 2.994625252794387849e-01 5.101319772343092751e+01
2.344918756360809198e+02 3.060089717438116974e-01 5.032934686229203436e+01
2.343307708099466709e+02 2.673188725479490602e-01 4.933915179019922448e+01
2.342151962732756374e+02 3.084615687011064145e-01 4.799309975059076550e+01
2.342224776252396907e+02 3.061727694034707681e-01 4.807812929968856253e+01
2.342933681603557261e+02 2.522363840465447482e-01 4.903683154175092795e+01
2.343308712725112457e+02 2.630928929287458251e-01 4.923650198085969976e+01
2.343330901848074461e+02 2.762327411865939109e-01 4.887325664690902727e+01
2.342423517412783269e+02 2.785826916105022533e-01 4.823395656522859554e+01
2.342163963641287410e+02 3.075847052297316919e-01 4.777162565901258517e+01
2.342522582237344864e+02 2.722961374327883544e-01 4.801369785228508391e+01
2.343028433089748148e+02 2.814709903424900128e-01 4.806095347709671728e+01
2.342477243045151454e+02 2.755589868131964049e-01 4.722575139446407633e+01
2.341784411704325635e+02 3.156151584906154994e-01 4.631116313810107954e+01
2.341633685097907289e+02 3.200256834730345612e-01 4.548909325983550644e+01
2.340514685006180571e+02 2.789681621028998748e-01 4.522819525554618991e+01
2.340617964890517726e+02 2.872879912291813054e-01 4.546112207948772976e+01
2.340401828418675620e+02 2.716092792466181516e-01 4.526865218549757230e+01
2.340383494000637654e+02 3.003535845479839983e-01 4.489248103223101083e+01
2.340840915345001463e+02 3.004354833778135059e-01 4.504991788277329334e+01
2.341741343839679246e+02 2.590012273904630513e-01 4.559802743938394798e+01
2.341933019861012326e+02 2.778477861108320512e-01 4.571427136249076995e+01
2.341076379940683410e+02 2.600943037725876872e-01 4.552156669185510651e+01
2.339663068214081250e+02 2.667346608951651210e-01 4.511539545122979433e+01
2.339369258892028824e+02 2.785957954232750056e-01 4.518208730633656955e+01
2.338722356414971557e+02 2.854228818778637433e-01 4.507240730144447838e+01
2.337387667565005813e+02 2.649110469509611820e-01 4.491906976033126142e+01
2.337227604491986881e+02 2.900507117554304570e-01 4.475511157896576009e+01
2.337502544323646703e+02 2.679937189057442493e-01 4.492093050174499069e+01
2.338619251248138085e+02 2.711997850974705027e-01 4.555491698734608264e+01
2.339463835660716029e+02 2.469599154367282390e-01 4.623233278442917538e+01
2.339576998003852566e+02 2.625840281994050729e-01 4.600914318536216996e+01
2.339981206948515080e+02 2.201036511590322431e-01 4.547603749437627840e+01
2.338377933616084476e+02 2.349207874517888761e-01 4.495955398989259066e+01
2.338412145487265263e+02 2.633200256834730135e-01 4.505755958958858542e+01
2.338631699870272200e+02 2.846311931895116887e-01 4.528507453885498535e+01
2.338832592239922121e+02 2.732352440148335115e-01 4.551728720500041447e+01
2.338305196535351911e+02 2.913731048610777585e-01 4.529569517910728393e+01
2.338413881742457647e+02 2.887501583377376502e-01 4.533329001795222268e+01
2.338510074648053489e+02 2.925360682446569438e-01 4.542395748249548859e+01
2.338922069441471763e+02 2.857821447447158603e-01 4.564824561786661405e+01
2.339129284400784456e+02 2.824166488309214906e-01 4.567522200042805736e+01
2.339420287322934655e+02 2.859688740767271642e-01 4.571861309245613825e+01
2.339799795580520652e+02 2.859579542327499446e-01 4.603393887508135407e+01
2.340592084860291493e+02 2.851040224337274553e-01 4.587797838744479861e+01
2.340700049357694752e+02 2.774153602893321691e-01 4.658928392031134536e+01
2.341262967314723085e+02 2.827671758225918652e-01 4.662024713790889052e+01
2.341799448329482232e+02 2.859317466072044955e-01 4.652313914938783057e+01
2.341245582923111215e+02 2.902418090250326599e-01 4.605067353597651447e+01
2.340530136585408343e+02 2.971114828711327593e-01 4.555948039014418782e+01
2.339357913174136456e+02 3.086799655806518050e-01 4.494866581346285983e+01
2.338344475214138072e+02 3.022176019149038217e-01 4.493379189398142159e+01
2.337676693995396136e+02 2.911001087616459926e-01 4.482487955412093328e+01
2.337154452457183424e+02 2.875249518434880858e-01 4.483789164020424778e+01
2.336872753242101624e+02 2.574134820761680986e-01 4.531041840474183147e+01
2.337455709112828117e+02 2.635864698765184033e-01 4.562389982571929181e+01
2.337367662410839557e+02 2.590252510472130232e-01 4.538295674431403626e+01
2.336756085629048414e+02 2.817396185043308243e-01 4.494853914327271838e+01
2.336600652569876218e+02 2.705708020843798356e-01 4.490110334103546563e+01
2.336826726099737357e+02 2.868926928772041474e-01 4.498215260700354889e+01
2.336901079317378844e+02 2.659680878479608324e-01 4.500102537334946362e+01
2.337348148649652160e+02 2.743567119912990737e-01 4.519192936171327801e+01
2.337814851861396619e+02 2.765592445215142581e-01 4.533264356318876764e+01
2.337641957971704585e+02 2.686303458096190866e-01 4.504122241101418922e+01
2.338472270148204188e+02 2.557918852455436376e-01 4.552761737740291181e+01
2.338822753460498518e+02 2.709475367015956038e-01 4.572320488684857764e+01
2.338799854547678194e+02 2.667914440838469181e-01 4.540206756325865456e+01
2.338749470387567158e+02 2.901184147880895292e-01 4.511436243398954105e+01
2.338824314998187219e+02 2.689044338934485356e-01 4.513906312106612972e+01
2.339185641715551185e+02 2.897329442956919077e-01 4.494804010640295644e+01
2.339186711860261028e+02 2.883734237205218820e-01 4.466954368155987964e+01
2.339020173319763671e+02 2.617246364783940016e-01 4.481383085598473315e+01
2.339614573186978248e+02 2.612954866100873352e-01 4.482882380176552317e+01
2.339647671234073414e+02 2.848823496009889045e-01 4.479757994417775535e+01
2.339322762196373731e+02 2.615258953180076840e-01 4.500080042456353624e+01
2.337964846838268329e+02 2.714618613529249935e-01 4.510704286257158202e+01
2.337740422204847448e+02 2.472176237545918032e-01 4.543728187611655756e+01
2.337713395591003689e+02 2.594063536020197458e-01 4.563459253694183104e+01
2.336662546245539147e+02 2.489091075866708136e-01 4.569092910400496521e+01
2.336965888591383873e+02 2.665839670482788026e-01 4.568146487522986376e+01
2.336069718835857145e+02 2.441851830821041291e-01 4.609563599355292496e+01
2.335571577393302221e+02 2.606948951913374835e-01 4.599796235711384185e+01
2.334625274634076106e+02 2.485596725793981776e-01 4.596964720168077889e+01
2.334208136594144207e+02 2.762578568277416213e-01 4.565542759925045857e+01
2.334794750612603309e+02 2.666953494568469751e-01 4.633989215562088049e+01
2.336199490261683138e+02 2.514457873425904322e-01 4.679492969804447711e+01
2.336025318750245674e+02 2.725964331421632525e-01 4.644969555474991552e+01
2.335598986201685250e+02 2.672140420457672638e-01 4.581572435693038869e+01
2.335569371584818725e+02 2.847207359101253110e-01 4.557322847371156627e+01
2.334963549560803813e+02 3.071468194862431722e-01 4.496755059163714918e+01
2.335008615756898109e+02 2.820279023853307088e-01 4.470925260219881636e+01
2.335494494214666759e+02 2.857308214780227007e-01 4.500060495935633753e+01
2.337194812200523302e+02 2.221391100763952242e-01 4.494054909343455506e+01
2.334975015396979927e+02 2.314340812698468253e-01 4.488031305008713900e+01
2.334135202956220212e+02 2.725003385151633095e-01 4.446297845296386697e+01
2.333366271222716648e+02 3.073837801005498971e-01 4.397201134790186217e+01
2.330958718621828325e+02 2.969607890242464410e-01 4.341487217230640283e+01
2.329595266902826438e+02 3.164232269449334112e-01 4.309667883865275684e+01
2.328301167112924190e+02 3.003666883607566951e-01 4.282058259551587298e+01
2.328270143836184900e+02 2.763299277979916480e-01 4.335069624925198895e+01
2.327806771176853431e+02 2.805777471051493777e-01 4.324379752862090953e+01
2.326793791850302000e+02 3.002323742798362893e-01 4.257991032624126149e+01
2.325721441332046311e+02 3.105450749319693671e-01 4.185362822735988431e+01
2.325099348740505150e+02 2.918928894343957858e-01 4.179231330342751960e+01
2.323812128452308627e+02 2.998927671321431898e-01 4.162599861973172466e+01
2.322733608222205817e+02 2.989394647529275972e-01 4.163262368907273014e+01
2.322825258472707048e+02 2.921003664699639013e-01 4.197513660724815310e+01
2.322867037795763849e+02 2.958196653286218059e-01 4.184210124005748099e+01
2.322691359345857620e+02 3.039920765612100784e-01 4.160147920206516403e+01
2.322951983262063038e+02 3.101628803927649614e-01 4.146175215448521811e+01
2.323269532324922011e+02 3.053515971363801040e-01 4.172693838150440371e+01
2.323476343250007687e+02 3.005730734119270720e-01 4.180376494380648467e+01
2.324053839198745663e+02 3.044528939770508313e-01 4.164594808269379200e+01
2.324780554815432936e+02 2.864384273677497705e-01 4.207415229251204636e+01
2.325667519142486412e+02 2.615641147719281467e-01 4.241102292730441548e+01
2.326415725012120959e+02 2.561249404868503055e-01 4.230366229727309957e+01
2.327061852180256096e+02 2.798897969345813808e-01 4.219988446805071902e+01
2.326805541602421670e+02 2.734263412844357144e-01 4.165766289131261146e+01
2.326914805561258106e+02 2.874900083427607833e-01 4.161056997217623632e+01
2.326507331583246412e+02 2.656044570435177610e-01 4.157508921512529554e+01
2.326369949026168342e+02 2.896248378403169510e-01 4.143742820202584909e+01
2.326721819158647975e+02 2.633036459175071564e-01 4.173607938289777763e+01
2.326708595227591445e+02 2.784079741068659630e-01 4.158808601342703781e+01
2.326484432670426088e+02 2.732396119524244105e-01 4.138664874356275192e+01
2.326100043242582274e+02 3.009443481071542581e-01 4.089328036481014550e+01
2.326317948729148668e+02 2.697954931619936936e-01 4.093278399238231913e+01
2.326719613350164479e+02 2.541560926177486857e-01 4.130142154528896015e+01
2.326837809741374485e+02 2.741961902848332189e-01 4.131533015056280789e+01
2.326203607042862700e+02 2.688345468919939862e-01 4.104471130116493072e+01
2.325450137808431066e+02 2.889478075137262292e-01 4.105362953774116619e+01
2.325608661183449044e+02 2.716540506069249350e-01 4.118382356152895341e+01
2.325689402509816830e+02 2.811062675536492028e-01 4.127369060150868307e+01
2.325043755814816961e+02 2.667717883646878452e-01 4.106877536133763584e+01
2.324215649446800569e+02 2.920861706727934104e-01 4.048626611222978511e+01
2.322700073381351444e+02 2.718134803289930512e-01 4.033206590344236986e+01
2.321834915982720418e+02 2.991982650551888723e-01 3.982326014125910518e+01
2.321240341398002158e+02 3.110288240201624088e-01 3.957359974840679229e+01
2.320409723465871252e+02 2.818422650377171434e-01 3.941956115331024080e+01
2.320402898563385463e+02 3.048864117829484521e-01 3.917582586780000042e+01
2.320041582765865371e+02 3.027341105350286887e-01 3.912979326551382542e+01
2.319581475139883082e+02 2.713493869599591379e-01 3.911179299470169468e+01
2.319590200095221064e+02 2.887348705561694762e-01 3.906211425651150648e+01
2.319634731218960439e+02 2.941107097461791442e-01 3.881806557147911718e+01
2.319788591820600061e+02 2.801136537361154089e-01 3.873092194058731508e+01
2.320046463936123189e+02 2.925895754801455251e-01 3.881219069541934630e+01
2.319760462302514554e+02 2.673843916118126551e-01 3.872392668853547093e+01
2.320222262504313449e+02 2.837423178897620080e-01 3.882143325136170375e+01
2.321219342538033743e+02 2.575379682975089679e-01 3.902160927924661848e+01
2.321680705946073431e+02 2.596203825439742374e-01 3.911974810103913569e+01
2.321534347277246013e+02 2.868839570020223495e-01 3.864247229635582670e+01
2.321159021319903388e+02 2.712740400365159510e-01 3.864692104079217216e+01
2.320846768381373408e+02 2.816293280801603904e-01 3.868638535692601721e+01
2.324062913589090726e+02 2.198776103887027655e-01 3.855717848703378081e+01
2.323631197557449184e+02 2.351380923469365558e-01 3.862438466679188309e+01
2.324188841229836555e+02 2.597667084532696014e-01 3.905670238183636656e+01
2.323519607671845506e+02 2.749944308795715942e-01 3.917132143215937390e+01
2.323869730629288881e+02 2.835894400740802124e-01 3.909549840351881045e+01
2.323675226368365543e+02 2.761038870276621426e-01 3.926090455619569752e+01
2.323338207223695235e+02 2.951448189708265613e-01 3.886618932388694247e+01
2.323328761558654776e+02 2.863128491620111626e-01 3.892323458882419374e+01
2.322956591436221458e+02 2.734667447071515989e-01 3.913781607488392211e+01
2.321650763733887857e+02 2.801660689872063070e-01 3.892301728392904892e+01
2.320487702071712874e+02 2.849773522435911643e-01 3.865758208446717958e+01
2.320613651552146735e+02 2.643432150641431555e-01 3.921167899153056879e+01
2.321246008797026263e+02 2.513518766843859109e-01 4.019260748402426486e+01
2.321690479206433224e+02 2.535336615110443392e-01 4.049217702377468697e+01
2.321630179827990617e+02 2.574036542165885622e-01 4.041409577139961584e+01
2.321420180308463728e+02 2.656525043570177602e-01 4.031344429350793490e+01
2.321926620832441586e+02 2.634641676239730113e-01 4.056257944186493347e+01
2.322154212220615932e+02 2.676508358048580449e-01 4.060683210958281819e+01
2.322622542489112902e+02 2.481043150855460622e-01 4.090829624226329031e+01
2.323027690540357639e+02 2.588625453719517466e-01 4.092970241241193463e+01
2.323546568766625455e+02 2.400006988700145449e-01 4.135095286558545524e+01
2.324033877723955186e+02 2.580850524807701274e-01 4.152490270419016127e+01
2.324744093456392591e+02 2.447966943448312005e-01 4.184945357100738050e+01
2.325014556152021612e+02 2.655411219484495877e-01 4.158921512529428810e+01
2.324411409489781306e+02 2.623732752106437971e-01 4.110447997519011665e+01
2.323519487553561760e+02 2.804488929462176094e-01 4.076271288235833623e+01
2.322307581429276411e+02 2.897274843737032701e-01 4.032226097553517974e+01
2.320414014964554212e+02 2.662083244154607731e-01 4.013029121039918579e+01
2.319729570063902884e+02 2.863008373336362045e-01 3.992385374397770903e+01
2.318302488414045399e+02 2.627489178434618267e-01 3.977044959181623085e+01
2.317251038477162126e+02 2.855528280211932501e-01 3.939915196491672589e+01
2.315713808361106203e+02 2.748404610794921155e-01 3.898700975360463872e+01
2.315541100108761725e+02 2.758287069594349550e-01 3.899051065558375484e+01
2.313823463250357122e+02 2.660205030990517305e-01 3.861913768176080453e+01
2.313191739356427945e+02 2.949034904189288819e-01 3.820877758898581078e+01
2.313096682114606040e+02 2.978267326516438884e-01 3.802288908496075237e+01
2.312767001105088127e+02 2.714574934153340946e-01 3.818435863388383922e+01
2.313050927968341171e+02 2.911841915602709774e-01 3.801255017668307801e+01
2.312958622527201271e+02 2.730288589636631347e-01 3.788960802128059413e+01
2.313356683599704695e+02 2.694460581547211131e-01 3.784431141647848307e+01
2.313648887704692356e+02 2.963842212622466166e-01 3.768614948829610967e+01
2.313442961286969251e+02 2.764991853796393007e-01 3.765135886538453036e+01
2.313655385011858812e+02 2.947626244316221000e-01 3.750395953542615501e+01
2.313996171502701600e+02 2.695989359704028532e-01 3.778524379643663877e+01
2.314548147776064582e+02 2.790609807767066575e-01 3.779545603452417879e+01
2.315155979051371276e+02 2.626429953568823472e-01 3.806678904171817379e+01
2.315558964973508580e+02 2.634532477799957362e-01 3.805446490580542473e+01
2.315551430281164187e+02 2.855146085672727874e-01 3.803200169475978498e+01
2.316396615285160863e+02 2.569144452064068829e-01 3.856217213168458358e+01
2.316988416229508800e+02 2.731915646389244667e-01 3.867496647607899263e+01
2.316528308603526796e+02 2.675918686473807706e-01 3.834032458144238120e+01
2.316831410712803745e+02 2.872858072603858837e-01 3.806440523977793333e+01
2.316754851686679046e+02 2.742551574423104377e-01 3.784329368701980201e+01
2.317117335907504412e+02 2.794169676903656141e-01 3.810692383627223023e+01
2.317047536264801977e+02 2.718025604850157761e-01 3.776437160665848580e+01
2.317423157057932031e+02 2.854010421899091932e-01 3.796798301745864990e+01
2.317541080453042355e+02 2.560332137974412614e-01 3.846138852368077465e+01
2.317934107477472310e+02 2.617497521195417121e-01 3.888105013955560452e+01
2.318288303536719184e+02 2.325369855115509976e-01 3.984715931178775605e+01
2.318577046051165951e+02 2.505874876059770995e-01 3.993340860745781384e+01
2.320445387676300868e+02 2.178181278145897848e-01 3.956851219309778855e+01
2.319259940333972452e+02 2.432504444376498709e-01 3.939107892426432755e+01
2.319621965921350863e+02 2.615400911151781194e-01 3.967998960430853117e+01
2.319780773212312397e+02 2.718604356580953119e-01 3.963602849642484216e+01
2.319822290459113958e+02 2.841441681481254866e-01 3.946839251160779583e+01
2.319852265430831437e+02 2.860802564852953367e-01 3.945144491375507556e+01
2.319589206389419189e+02 2.873622461682267537e-01 3.923450037345866548e+01
2.319214426424275359e+02 2.973659152358031355e-01 3.890320213504789137e+01
2.319048422956132924e+02 2.936717320182929414e-01 3.901100501876029369e+01
2.318456654771316607e+02 3.028181933336536735e-01 3.872438204602932643e+01
2.318390677074006021e+02 3.120148859313098266e-01 3.833633993037507537e+01
2.318733560174892148e+02 3.015569513542790681e-01 3.870644292634347039e+01
2.318959349788810300e+02 2.894654081182487793e-01 3.908602653085292644e+01
2.318634440751110617e+02 3.007510668687565780e-01 3.888457724916026592e+01
2.318791129592340496e+02 2.930121734420658708e-01 3.893422322781852074e+01
2.318995428953311091e+02 2.782277966812410352e-01 3.934774570740933086e+01
2.319249020489995132e+02 2.890974093762148089e-01 3.920403946868407274e+01
2.318535670762336167e+02 3.064818009880274641e-01 3.870656522859601267e+01
2.317984349679611853e+02 2.905279089372371226e-01 3.822690125403488537e+01
2.318390720753381800e+02 3.078435055319929670e-01 3.812692899043858574e+01
2.318855906106813620e+02 2.820006027753875211e-01 3.823249112216684864e+01
2.319155448346953960e+02 2.957879977810877192e-01 3.835270222459061529e+01
2.319072643170074457e+02 2.715754277302885877e-01 3.849292830904032314e+01
2.319510321436527249e+02 2.857810527603181772e-01 3.869410350264915621e+01
2.320255982982515093e+02 2.763736071739006928e-01 3.929584150501657547e+01
2.320691870394555849e+02 2.647275935721430384e-01 3.914992399788592081e+01
2.320162159683062555e+02 2.716223830593908484e-01 3.895431246478350573e+01
2.320891659859964022e+02 2.796921477585928018e-01 3.935429979776449017e+01
2.321614258695471733e+02 2.584039119249064154e-01 3.977459039665241392e+01
2.321368453007543451e+02 2.750916174909692757e-01 3.964470868040237406e+01
2.320407495817699726e+02 2.589739277805198636e-01 3.980086135729292351e+01
2.320285663118445427e+02 2.742092940976059157e-01 3.971286379460210014e+01
2.319801914030252306e+02 2.662891312608925420e-01 3.946769691754644072e+01
2.319907923875583720e+02 2.820006027753875211e-01 3.945709047309131989e+01
2.320409133794296395e+02 2.640429193547682574e-01 3.954418714865401796e+01
2.320748555304641911e+02 2.796670321174450913e-01 3.930588448552246916e+01
2.320649239323668667e+02 2.719750940198566447e-01 3.896667154419697709e+01
2.320761178644279425e+02 2.875904709073516807e-01 3.903210434129317008e+01
2.320982065248251729e+02 2.659418802224153833e-01 3.902421802997278633e+01
2.321326007574003825e+02 2.788982751014453254e-01 3.910037520583905746e+01
2.321435762925819404e+02 2.644414936599385757e-01 3.938287702945300595e+01
2.321686580822133124e+02 2.757992233806963456e-01 3.959635779523981824e+01
2.321565796427900636e+02 2.591224376586107603e-01 3.960566477826164800e+01
2.321614531691571131e+02 2.810429324585810296e-01 3.953750748009312588e+01
2.321248039888006076e+02 2.684185008364600722e-01 3.924091905774850630e+01
2.321225730646760610e+02 2.928429158604181626e-01 3.908495529415876035e+01
2.320580629943959252e+02 2.722928614795951940e-01 3.917757522680516047e+01
2.320725001201182920e+02 2.894708680402374168e-01 3.923483452068436605e+01
2.320673339419326453e+02 2.972785564839849348e-01 3.910869612694973796e+01
2.320844879248365373e+02 2.741503269401286969e-01 3.913449862628363007e+01
2.321046677965065328e+02 2.762403850773780256e-01 3.940903333173175582e+01
2.323024774942015540e+02 2.487158263482731335e-01 4.045327398762126592e+01
2.324408985284418350e+02 2.498329263871477690e-01 4.135565822635525990e+01
2.325481303043142134e+02 2.400323664175486316e-01 4.156498617547752161e+01
2.326447064964335709e+02 2.518913169768630111e-01 4.125924364792675902e+01
2.326719853586731972e+02 2.694897375306301579e-01 4.119596096810968788e+01
2.326788867000668404e+02 2.731347814502426141e-01 4.132522789714380451e+01
2.326482172262722656e+02 2.683507978038010000e-01 4.090579778196129013e+01
2.326057739767014141e+02 2.844706714830458338e-01 4.083569129164282430e+01
2.324529442083331503e+02 2.596291184191560353e-01 4.096296207319790028e+01
2.325013507846999801e+02 2.235816214657924961e-01 4.130069646764886926e+01
2.324082176193866474e+02 2.409998645939346873e-01 4.120162618316509651e+01
2.324242086389069755e+02 2.709955840150956030e-01 4.135812065117213621e+01
2.324658798555086321e+02 2.853497189232160336e-01 4.163448224651766338e+01
2.324750667202467014e+02 2.984862912278709590e-01 4.148598438025517510e+01
2.324705939521536209e+02 2.849751682747956871e-01 4.146206118606977498e+01
2.324924270882017652e+02 2.714771491344931675e-01 4.156027317081693440e+01
2.324778283487885631e+02 2.763244678760030104e-01 4.154930637151056061e+01
2.324861711095871897e+02 2.851160342621024690e-01 4.130102078701499835e+01
2.324167350976889281e+02 2.996907500185637119e-01 4.068816310752551857e+01
2.323411675933974152e+02 3.065123765511638121e-01 4.032762917083440612e+01
2.323023038686823156e+02 3.024600224511992397e-01 4.007228281522313296e+01
2.322898945579865426e+02 3.064566853468797536e-01 3.982901053109753065e+01
2.322779056612839099e+02 3.099499434352082083e-01 3.980184195928208624e+01
2.322847316557541149e+02 3.026194521732673559e-01 4.006310141040705020e+01
2.322966790570496300e+02 2.994101100283479422e-01 4.030044203528419899e+01
2.323507028011583770e+02 2.880174368068629254e-01 4.072185956207057700e+01
2.323990242027421971e+02 2.808463752669901892e-01 4.103561179517866719e+01
2.324681631948842835e+02 2.645812676628476190e-01 4.114847275062133747e+01
2.325597828698223566e+02 2.591366334557811957e-01 4.131752831515543534e+01
2.325446556099606426e+02 2.845842378604094280e-01 4.109016842767350397e+01
2.326717909854504001e+02 2.671965702954036126e-01 4.142529734735150271e+01
2.327720952123036113e+02 2.828316029020577216e-01 4.177184733184532206e+01
2.327798701412154116e+02 2.838799079238755740e-01 4.176200636845300806e+01
2.328224619006643650e+02 2.815976605326263038e-01 4.143966895400998851e+01
2.328741291424428255e+02 2.713013396464591387e-01 4.129364006447075752e+01
2.328703617962706574e+02 2.957115588732467937e-01 4.123919153843129948e+01
2.328358692850996476e+02 2.736949694462765259e-01 4.130099239542065703e+01
2.327994494214666759e+02 2.815157617027967962e-01 4.135780943561878331e+01
2.326317369977417684e+02 2.711102423768569358e-01 4.103571771766524989e+01
2.325292204104987661e+02 3.002400181706204041e-01 4.044214666660842994e+01
2.324682811291992266e+02 2.993926382779842910e-01 4.038927059810169595e+01
2.323197603312643764e+02 2.840917528970345884e-01 3.997388191717517003e+01
2.322583908081121251e+02 3.047793973119712341e-01 3.933014291891797143e+01
2.322411319947060520e+02 2.770844890168209229e-01 3.920540444918123058e+01
2.322490062941980682e+02 2.872301160561017697e-01 3.944366343293687294e+01
2.322564874793068839e+02 2.633233016366662294e-01 3.983647642842478831e+01
2.322652604819582223e+02 2.616809571024849013e-01 3.993215610135362681e+01
2.322738653190123159e+02 2.703895326743571692e-01 4.029048095360813164e+01
2.323810239319300592e+02 2.553987708623619013e-01 4.066377145203349386e+01
2.325670445660672385e+02 2.638900415390865173e-01 4.123799909146897846e+01
2.326979800472610975e+02 2.488293927256367277e-01 4.172278010491785949e+01
2.327421224245547933e+02 2.515528018135677057e-01 4.194567705216628184e+01
2.328890249016122027e+02 2.494998711458410734e-01 4.223594506881685362e+01
2.329618700888001683e+02 2.625938560589846094e-01 4.237674662904416323e+01
2.330282954997138916e+02 2.520310909797720544e-01 4.245403728471527671e+01
2.330390864895322238e+02 2.487551377865913071e-01 4.255622846060775544e+01
2.330323478538138602e+02 2.760023324786735621e-01 4.218027570422074035e+01
2.329226187096238903e+02 2.705904578035389085e-01 4.147147627554697635e+01
2.329092255209857569e+02 2.975275289266666734e-01 4.121229814668407698e+01
2.328703410485670986e+02 2.732669115623675982e-01 4.109449486985730005e+01
2.328547464193831615e+02 2.976880506331325282e-01 4.094403033969450689e+01
2.328361848685906068e+02 2.749802350824011588e-01 4.083277569330089563e+01
2.328431178775317676e+02 2.978463883708029614e-01 4.060263998147994613e+01
2.328398823277613019e+02 2.855167925360682646e-01 4.044797677130789282e+01
2.328888043207638532e+02 2.990093517543821466e-01 4.055762729262124111e+01
2.328286731079186325e+02 2.771631118934572702e-01 4.063335313465041310e+01
2.327684949397443006e+02 2.965447429687124714e-01 4.030904796432268711e+01
2.326041349081204430e+02 2.852296006394660632e-01 3.971423205105245557e+01
2.325437798384736539e+02 3.106149619334239165e-01 3.923496119087450751e+01
2.325230037433225050e+02 2.189843671513621304e-01 3.883984520029177645e+01
2.322935669015161011e+02 2.352112553015842378e-01 3.804108372899568025e+01
2.321956060731804143e+02 2.760918751992871290e-01 3.790232745554531846e+01
2.321543661904158853e+02 2.814917380460468244e-01 3.789708593043622642e+01
2.320619657466334047e+02 2.965698586098601819e-01 3.742170035074538958e+01
2.319092571885333030e+02 3.167530062330469187e-01 3.610468636024128841e+01
2.318287222472165183e+02 3.158237275105813535e-01 3.545331548302837632e+01
2.318033325179849840e+02 3.077332151078225331e-01 3.536478503195146317e+01
2.317622673527240522e+02 3.160497682809108033e-01 3.481540112954866117e+01
2.317227200457759864e+02 3.166481757308651779e-01 3.466551207516346977e+01
2.316876607947025661e+02 3.180339039315806526e-01 3.439548398932475948e+01
2.316408354117436375e+02 3.312327193469059572e-01 3.372568805936900560e+01
2.315561760453566649e+02 3.275188804102366902e-01 3.325502203624514408e+01
2.315346410210490831e+02 3.298273354270314095e-01 3.319888202637361019e+01
2.314935802237257576e+02 3.268909893815437062e-01 3.304820237528446114e+01
2.314125506134768386e+02 3.239732070708173928e-01 3.279450928405135102e+01
2.313474716193254892e+02 3.248871980117147840e-01 3.242646577065706737e+01
2.312833732271633380e+02 3.291208215217020783e-01 3.211334142857766949e+01
2.312265114156049037e+02 3.249865685919079428e-01 3.194874443633949213e+01
2.311407338571946468e+02 2.927380853582364217e-01 3.191233876850367679e+01
2.311421567128648746e+02 3.119373550390712180e-01 3.189579411289371436e+01
2.311859398272917474e+02 2.747148828737535076e-01 3.236943906945457883e+01
2.312504324258214865e+02 2.643945383308363151e-01 3.274165614721697182e+01
2.313238115933799577e+02 2.833852389917053127e-01 3.289235654600967251e+01
2.314451026683730674e+02 2.635635382041661146e-01 3.327164531473174236e+01
2.315410258538225889e+02 2.618807902472689575e-01 3.358699184506051694e+01
2.316038204166138996e+02 2.796910557741951187e-01 3.371851481386033811e+01
2.315755358367439669e+02 2.691195548198007104e-01 3.363767411691221554e+01
2.315203469452828529e+02 2.929444704094067986e-01 3.347860802564852634e+01
2.313875114112369431e+02 2.687875915628917256e-01 3.378540541012750253e+01
2.313640828859837200e+02 2.901162308192940520e-01 3.369712065554007552e+01
2.313306102882401944e+02 2.865782013706588138e-01 3.383299955010242854e+01
2.312772919660523883e+02 2.643202833917909222e-01 3.412978452963864129e+01
2.312582499421248201e+02 2.752324834782760576e-01 3.423647140529656241e+01
2.312509620382543858e+02 2.501878213164090425e-01 3.457161233680292867e+01
2.312511171000388686e+02 2.692440410411415797e-01 3.478528310787495315e+01
2.312783162474174503e+02 2.665337357659833817e-01 3.518419811217736992e+01
2.313787580643047761e+02 2.458351715070695165e-01 3.570181400448150555e+01
2.315305548154327937e+02 2.460590283086035168e-01 3.640389445315605599e+01
2.317698140568967631e+02 2.315662113819717816e-01 3.729067860278412638e+01
2.320794233011998813e+02 2.193763895501461003e-01 3.813457834114466038e+01
2.322679129120603250e+02 2.213321336064750233e-01 3.840146806382430356e+01
2.322763419396263771e+02 2.501277621745340296e-01 3.823146684080177948e+01
2.322459880493227615e+02 2.487125503950799454e-01 3.794952629716826920e+01
2.321944343739216663e+02 2.534539466500102534e-01 3.761831978544690713e+01
2.322209619508956564e+02 2.677119869311307410e-01 3.777602526415102346e+01
2.322208855119878024e+02 2.709835721867205893e-01 3.792080273957045478e+01
2.322306795200510123e+02 2.524121935345787771e-01 3.799580459594393034e+01
2.322542805788390865e+02 2.668602391009037289e-01 3.806422397036791239e+01
2.322416692510297480e+02 2.582106306865087353e-01 3.780752137013466552e+01
2.323106280657461866e+02 2.656677921385859342e-01 3.819640758972835926e+01
2.324663155572833091e+02 2.327990617670054607e-01 3.918301658505903617e+01
2.326140173669198532e+02 2.432864799227748565e-01 3.986536378368225542e+01
2.327084237860409530e+02 2.477832716726143525e-01 4.010768276542864896e+01
2.326773273463468854e+02 2.492574506095456832e-01 4.001628913126089060e+01
2.326625921088839561e+02 2.424259962173660465e-01 4.044006534434635824e+01
2.326534303597870235e+02 2.527714564014309495e-01 4.076682201964698038e+01
2.325997844422798835e+02 2.673188725479490602e-01 4.062037053214583437e+01
2.325356292669290212e+02 2.519994234322380233e-01 4.073718883904587074e+01
2.325053987708623708e+02 2.753951891535373897e-01 4.049266295683167272e+01
2.323027854338017164e+02 2.224819931772814841e-01 4.016082527812842784e+01
2.321198179880405803e+02 2.418669002057298734e-01 3.955848559235785444e+01
2.320826916105022804e+02 2.722317103533224980e-01 3.938913628402077194e+01
2.320679268894606082e+02 2.956001764646786767e-01 3.926255454462066297e+01
2.321185469182016448e+02 2.771936874565936182e-01 3.949913514835699857e+01
2.320929988512324087e+02 2.739843453116742045e-01 3.953845423056595365e+01
2.318974845047413851e+02 2.854043181431023535e-01 3.871001371532403823e+01
2.318044463420706620e+02 2.948008438855425628e-01 3.827844182562319730e+01
2.317258125455903439e+02 3.014237292577563454e-01 3.788536784586421646e+01
2.315940657199890040e+02 3.084899602954472853e-01 3.742365281884852379e+01
2.315708719713812798e+02 3.035367190673579629e-01 3.748662755906543254e+01
2.315380720360267617e+02 3.017382207643017344e-01 3.733100886254537443e+01
2.314842994483294945e+02 3.125139228010710424e-01 3.708397360018520317e+01
2.314976828091080279e+02 3.134038900852184617e-01 3.710013496927155785e+01
2.314654288659523615e+02 3.187196701333531168e-01 3.695848493716722061e+01
2.314564199946711085e+02 3.114099265749690759e-01 3.695585107079990195e+01
2.314837752958185604e+02 3.171559484758081915e-01 3.697842784822290696e+01
2.314907661799328196e+02 3.201883891482958377e-01 3.674235501723151032e+01
2.315116951528996481e+02 3.081711008513110528e-01 3.665688212246823241e+01
2.315247312626397331e+02 3.100733376721513390e-01 3.672753788093875471e+01
2.315701589055695706e+02 2.995760916568024346e-01 3.708799537872202734e+01
2.316019989866384776e+02 2.770440855941050384e-01 3.720382543974211842e+01
2.316203574283330511e+02 2.661602771019607738e-01 3.742312648236882211e+01
2.316239249413604284e+02 2.755677226883782027e-01 3.770152899655369794e+01
2.315867570684150110e+02 2.563400614132025357e-01 3.772100563027155573e+01
2.316091525764279879e+02 2.727241953166973376e-01 3.774703526236017126e+01
2.316527566054136287e+02 2.515145823596472430e-01 3.797406755452278304e+01
2.316372449670438982e+02 2.684064890080850585e-01 3.798367810920717602e+01
2.315486195133243825e+02 2.617246364783940016e-01 3.767834835175874986e+01
2.314346294460144691e+02 2.755043875933100850e-01 3.661425541951856388e+01
2.312796462844139000e+02 3.152002044194792685e-01 3.513520186423576064e+01
2.310729052463298387e+02 3.214179635801363566e-01 3.395673339419326453e+01
2.309378355122061919e+02 3.324175224184396926e-01 3.318841207996820231e+01
2.306609726960221280e+02 2.913392533447481947e-01 3.210655365356139868e+01
2.305476946025395080e+02 3.151215815428429212e-01 3.164615883568255583e+01
2.305543622592720396e+02 2.858291000738181209e-01 3.155948585006617435e+01
2.305908083305305638e+02 3.008635412617224336e-01 3.165775134204882590e+01
2.306133392446088806e+02 2.869767756758291322e-01 3.167346062959452269e+01
2.307025390821216035e+02 2.826361376948646198e-01 3.174487422523706925e+01
2.306934363001821566e+02 3.083152427918109950e-01 3.167285348626938912e+01
2.307455425196884846e+02 2.859514023263635685e-01 3.178843566683119093e+01
2.309566711510825883e+02 2.672555374528808869e-01 3.269876081610546237e+01
2.310284451015763807e+02 2.788251121467976712e-01 3.310733114645258013e+01
2.310161176897104554e+02 2.806749337165470592e-01 3.296863820809728196e+01
2.309835033917035503e+02 2.854807570509432790e-01 3.252816336960177779e+01
2.309406102445608155e+02 3.075475777602089678e-01 3.221378215348059371e+01
2.308861628105057662e+02 2.863696323506929597e-01 3.211522182571055595e+01
2.309169731502876175e+02 2.951360830956447079e-01 3.232356152895287238e+01
2.309177200676156758e+02 2.744746463062535669e-01 3.254048859749892131e+01
2.309985127172502928e+02 2.840895689282391667e-01 3.280502400181705980e+01
2.311111126884219118e+02 2.614876758640872767e-01 3.312459760374943585e+01
2.311035943758435565e+02 2.825007316295464754e-01 3.300397045527013518e+01
2.310316850192844527e+02 2.665872430014720185e-01 3.277529035865135398e+01
2.309924205362953842e+02 2.609362237432351628e-01 3.297721902149461926e+01
2.309517888888403547e+02 2.908838958508960792e-01 3.258081994924456382e+01
2.308547617071647267e+02 2.993216592921320585e-01 3.214846401474616044e+01
2.307433410791426525e+02 2.686685652635394939e-01 3.211973062928876743e+01
2.307403512258616729e+02 2.547730638024643945e-01 3.276986647214784654e+01
2.307783249832926344e+02 2.823511297670578957e-01 3.275733595118393282e+01
2.307744517146338978e+02 2.882380176552037376e-01 3.266644790579232449e+01
2.310175296255367243e+02 2.219829563075202683e-01 3.268992229439025721e+01
2.308532547686958765e+02 2.384806565883786644e-01 3.243122463866236416e+01
2.308334909430814150e+02 2.700673972770277209e-01 3.249520946444717140e+01
2.308375520330565394e+02 2.895320191665101683e-01 3.249276232741186732e+01
2.308561321475838781e+02 2.723791282470156006e-01 3.266976535439261653e+01
2.308566388283444155e+02 2.709147771696637785e-01 3.267438772434819327e+01
2.308474585155127272e+02 2.884749782695104625e-01 3.244957216051297166e+01
2.307684174088520592e+02 2.963001384636216318e-01 3.209951035419605603e+01
2.307628198968293134e+02 3.025899685945287465e-01 3.197143368815546438e+01
2.307391926304156868e+02 3.057774710514936101e-01 3.189753582800808829e+01
2.306986101222585717e+02 3.082977710414473438e-01 3.176413464604417669e+01
2.305801571147151492e+02 2.976203476004735116e-01 3.184307529014025562e+01
2.303625115204353904e+02 3.049082514709030023e-01 3.136468129343368005e+01
2.301465497660969390e+02 3.236532556422833662e-01 3.083549691842003071e+01
2.299376105634202645e+02 3.168665726104105684e-01 3.049570413337934127e+01
2.297203253239917728e+02 2.899688129256008939e-01 3.039876649442432921e+01
2.296907336387977807e+02 2.981281203454165252e-01 3.075023259267671705e+01
2.295862755032956102e+02 3.170336462232627439e-01 3.036705526751433837e+01
2.295569611821386218e+02 2.876821975967607248e-01 3.048683722006979835e+01
2.295896093316618760e+02 3.047531896864257850e-01 3.038353222009163801e+01
2.295986455025530688e+02 2.872934511511699429e-01 3.039767451002660081e+01
2.296320656850454895e+02 2.839355991281596325e-01 3.028469889622217082e+01
2.296092890744777151e+02 3.074864266339362717e-01 3.030602316754098169e+01
2.295631199741418129e+02 2.943706020328381578e-01 3.006351964043137670e+01
2.295372989110731510e+02 3.206382867201593156e-01 2.980901302082195770e+01
2.294720069799642772e+02 2.938398976155428555e-01 2.968945164911483658e+01
2.293902763157319953e+02 3.287790304052135570e-01 2.905454243669766612e+01
2.292349819385780734e+02 3.055405104371868852e-01 2.838423327407497965e+01
2.292162980855329408e+02 3.260763690208394183e-01 2.824064169371148125e+01
2.292634445119048223e+02 2.952496494730083021e-01 2.841689452741099231e+01
2.292976552911011936e+02 3.205138004988184464e-01 2.836035812720307803e+01
2.293001865109351343e+02 2.879016864607038539e-01 2.829762689950685939e+01
2.293329373069917665e+02 3.080258669264133720e-01 2.819407729502360738e+01
2.294278602347329752e+02 2.793547245796951795e-01 2.840523650198085903e+01
2.295048768023202399e+02 2.954210910234514320e-01 2.851520588273834633e+01
2.295433921840124754e+02 2.733837538929243527e-01 2.849316308568583267e+01
2.295301857247063708e+02 2.705030990517207634e-01 2.837485968000489223e+01
2.295372410359000810e+02 2.898530625794418780e-01 2.841323637967860805e+01
2.295978581818023088e+02 2.719335986127430216e-01 2.840810296102489119e+01
2.295660628720936813e+02 2.724916026399814561e-01 2.822359363329416837e+01
2.295423657186786102e+02 2.873567862462381162e-01 2.831034305781838967e+01
2.293889648424703296e+02 2.776108254965253264e-01 2.822089315587858849e+01
2.293608440602600638e+02 2.925950354021341626e-01 2.821482172262722798e+01
2.292960664538024957e+02 2.703120017821185606e-01 2.826438907840884696e+01
2.293063431189695223e+02 2.854228818778637433e-01 2.841257026919599227e+01
2.292964475563573217e+02 2.669934611974263960e-01 2.857425384706103344e+01
2.292915805818966533e+02 2.838755399862846751e-01 2.852000952210394757e+01
2.292667423047859359e+02 2.674815782232103367e-01 2.857398958683678458e+01
2.292846650447058323e+02 2.674389908316989750e-01 2.868349487422523580e+01
2.292908325725842076e+02 2.826372296792623584e-01 2.868001799590287604e+01
2.292763670552675137e+02 2.674881301295967129e-01 2.846663004878986314e+01
2.292969116497263542e+02 2.871689649298290736e-01 2.842218519181798086e+01
2.293396977823980762e+02 2.688094312508462758e-01 2.839380014938346619e+01
2.293470424694571932e+02 2.787956285680590063e-01 2.845861269934175297e+01
2.294092419007517094e+02 2.611251370440418884e-01 2.854007910334977183e+01
2.294843420357209993e+02 2.655411219484495877e-01 2.857619757928898707e+01
2.295259062378516717e+02 2.934424152947702757e-01 2.831933991727126099e+01
2.295947154507056496e+02 2.661340694764153247e-01 2.858610078579197378e+01
2.296145633591187334e+02 2.888921163094421707e-01 2.852054350247443537e+01
2.296279106844121429e+02 2.994559733730524642e-01 2.841051733852826544e+01
2.299575228989128277e+02 2.294870730886997001e-01 2.842851324140280767e+01
2.298948342586081139e+02 2.438488518876042177e-01 2.834154869595223047e+01
2.299008663804211494e+02 2.695268650001528821e-01 2.858238257891771283e+01
2.299155098911946880e+02 2.696720989250505629e-01 2.886711532665621149e+01
2.299607540807456871e+02 2.732898432347198869e-01 2.890569404344350701e+01
2.300462641029784834e+02 2.783173394018546021e-01 2.906137498307424138e+01
2.301332559480390216e+02 2.682077478476987409e-01 2.934896327001279914e+01
2.301409151266046820e+02 2.787847087240817312e-01 2.922170122433290729e+01
2.302060563638666792e+02 2.761410144971848668e-01 2.945051891098579944e+01
2.302434601054420114e+02 2.803626261787971474e-01 2.954103349771338571e+01
2.302704965471453420e+02 2.857089817900682061e-01 2.949539946973237647e+01
2.302675918686473722e+02 2.806421741846152340e-01 2.972553845750652002e+01
2.302430353235112932e+02 2.815911086262399277e-01 2.978254659497424939e+01
2.302635264107346416e+02 2.606916192381443231e-01 3.009465211561057174e+01
2.302731697249509750e+02 2.695290489689483593e-01 3.029649560367081307e+01
2.302590896781266849e+02 2.614865838796895381e-01 3.044724623374581185e+01
2.302561325843776388e+02 2.683093023966873769e-01 3.058203532787923606e+01
2.302480049445053396e+02 2.667706963802901066e-01 3.073623335269785528e+01
2.302801420453304502e+02 2.538339572204192374e-01 3.095413447132667528e+01
2.303036022381312193e+02 2.604055193259398604e-01 3.124007167785586603e+01
2.303773843479324341e+02 2.466377800393987907e-01 3.151368584045671284e+01
2.305291843750136422e+02 2.342808845947209062e-01 3.197354121804307781e+01
2.305876339318863870e+02 2.535740649337602237e-01 3.222835468526825764e+01
2.306074993120498391e+02 2.447289913121721283e-01 3.228697895964462106e+01
2.306304408122616678e+02 2.702890701097662718e-01 3.225059731546555497e+01
2.306578485286602245e+02 2.515451579227835910e-01 3.236075124158625727e+01
2.307235248382771147e+02 2.477472361874893669e-01 3.258597083964864538e+01
2.307404789880362159e+02 2.653773242887905726e-01 3.259756443799930992e+01
2.307002906862466887e+02 2.638627419291433296e-01 3.236351396211250631e+01
2.307355301147457283e+02 2.875009281867380584e-01 3.223072975133331397e+01
2.307419651788015358e+02 2.654111758051200809e-01 3.244140520920237236e+01
2.307366603185973588e+02 2.924017541637364825e-01 3.209124075635207163e+01
2.307126748813012966e+02 2.916996081959981058e-01 3.196045050908312746e+01
2.306727879672055224e+02 2.647330534941316760e-01 3.185499539182584172e+01
2.307169631040311799e+02 2.769228753259573295e-01 3.211411127757806838e+01
2.307777058281391191e+02 2.573654347626680994e-01 3.243674352780847414e+01
2.308040794353130423e+02 2.761137148872416791e-01 3.232595734272148746e+01
2.308399948021542798e+02 2.728323017720722943e-01 3.210173035847663670e+01
2.308690525069777664e+02 2.816544437213081009e-01 3.245745191992696732e+01
2.307718036524694014e+02 2.567932349382592294e-01 3.272133213360647375e+01
2.306630332705806268e+02 2.638933174922796776e-01 3.252476402217165230e+01
2.306051985009238194e+02 2.864657269776929582e-01 3.237943837058455898e+01
2.305088712812471385e+02 2.740575082663219142e-01 3.214826636557016570e+01
2.305057689535731811e+02 2.802250361446835814e-01 3.213825832856500142e+01
2.305111491607007963e+02 2.874113854661244360e-01 3.211198190800249819e+01
2.304499401592549930e+02 2.732603596559812220e-01 3.181860828772478555e+01
2.305185091355414784e+02 2.853955822679205556e-01 3.187962073197898150e+01
2.306132529778414550e+02 2.628821399399845493e-01 3.223605426725662682e+01
2.306421588968336778e+02 2.796168008351496703e-01 3.230294923146138331e+01
2.305727818520929020e+02 2.665337357659833817e-01 3.231387562734503405e+01
2.305123929309297921e+02 2.893660375380556760e-01 3.199091032187332218e+01
2.303838150440506638e+02 2.714771491344931675e-01 3.162017615892304079e+01
2.303822196548455850e+02 2.812438575877627689e-01 3.171156433316880907e+01
2.304145827964410103e+02 2.671419710755172927e-01 3.174858260425175160e+01
2.304723018157516492e+02 2.820289943697284474e-01 3.186043675007971387e+01
2.305590086528843585e+02 2.655181902760973545e-01 3.194119554819800655e+01
2.306643065243883655e+02 2.851182182308978907e-01 3.196911431329469266e+01
2.307518618333981237e+02 2.828141311516941259e-01 3.219632132296094085e+01
2.307744386108211359e+02 2.672468015776990335e-01 3.227032292162609650e+01
2.307514861907653199e+02 2.913905766114413542e-01 3.207512961854801148e+01
2.311663223275865846e+02 2.220626711685543542e-01 3.224826920472960268e+01
2.310463962330906327e+02 2.489833625257162342e-01 3.196241280504584026e+01
2.310499167907888989e+02 2.748328171887080007e-01 3.221197819525554706e+01
2.310588404872871138e+02 2.886027404440445476e-01 3.235878566967035397e+01
2.310420763428132034e+02 2.841256044133641523e-01 3.225501002441676945e+01
2.310864229211892962e+02 2.821917000449897794e-01 3.229016755408598982e+01
2.310863792418134040e+02 2.926594624816000745e-01 3.212532923329591483e+01
2.310765885097033845e+02 2.839639907225005588e-01 3.230625357624889915e+01
2.310953040302960062e+02 2.771008687827868355e-01 3.236621989945007982e+01
2.310947853377070942e+02 2.754552482954123471e-01 3.268015449395259253e+01
2.310900210097798038e+02 2.724053358725610496e-01 3.272525890950070249e+01
2.310410891889176810e+02 2.761956137170711867e-01 3.259207940036952778e+01
2.309344962239179608e+02 2.721858470086179205e-01 3.243817293538509716e+01
2.307879803093373425e+02 2.751123651945260873e-01 3.233078937368142647e+01
2.307489287633058268e+02 2.786351068615931514e-01 3.234051240275879024e+01
2.307538001057041015e+02 2.731992085297085260e-01 3.257846017096107971e+01
2.307646664424458720e+02 2.666374742837674394e-01 3.278937804936643374e+01
2.308488518876042406e+02 2.462370217654330229e-01 3.307155009369225951e+01
2.309446396669884507e+02 2.587806465421221835e-01 3.332769905783586495e+01
2.309672240883022312e+02 2.483161600587050766e-01 3.361840496022993108e+01
2.309876638522588905e+02 2.550209442607483945e-01 3.362990792387558514e+01
2.310022090844366005e+02 2.665424716411651795e-01 3.358474344918559495e+01
2.309687605103498242e+02 2.583558646114064161e-01 3.328900568268680615e+01
2.309574399080985927e+02 2.817647341454785348e-01 3.322839727265976961e+01
2.309456202689775921e+02 2.616525655081440305e-01 3.339860160478026785e+01
2.309007560899969747e+02 2.730048353069131073e-01 3.309989364071966378e+01
2.307831602902057853e+02 3.012839552548473021e-01 3.275043133383709915e+01
2.307354602277442552e+02 3.042476009102781931e-01 3.258433832297404109e+01
2.307148959775662718e+02 2.755262272812645796e-01 3.278615887936193474e+01
2.307768300566521589e+02 2.939960513844178114e-01 3.287941653089660576e+01
2.308179989604308560e+02 2.816162242673876936e-01 3.268308319610729740e+01
2.308394608217837742e+02 2.992703360254388434e-01 3.256487697703775552e+01
2.307329082602067842e+02 2.878219715996697681e-01 3.237393586120441569e+01
2.307360269676466942e+02 3.231749664760790175e-01 3.162725658575790177e+01
2.307719335986127476e+02 2.910553374013392092e-01 3.170452867769425254e+01
2.308517347264142359e+02 2.969848126809964128e-01 3.212155205926417523e+01
2.308911935826261015e+02 2.810593122245469422e-01 3.216609737880065012e+01
2.308622570880707201e+02 3.024851380923469502e-01 3.196839251160779583e+01
2.307513813602631387e+02 2.706385051170389078e-01 3.191893872220353856e+01
2.307088103485177442e+02 2.837892732188642686e-01 3.216614870206734622e+01
2.305438639212723047e+02 2.662312560878130063e-01 3.197374978706304205e+01
2.304480182667149961e+02 2.876188625016925515e-01 3.169825085939172027e+01
2.303386505693606523e+02 2.992375764935070737e-01 3.129736263928261053e+01
2.303192099711279184e+02 2.734350771596175678e-01 3.139752818411730573e+01
2.304346567456244088e+02 2.792258704207634112e-01 3.183588457288122342e+01
2.305520832878339945e+02 2.557525738072254362e-01 3.215685700682708870e+01
2.306480698083785796e+02 2.531645707846126303e-01 3.248347500010920186e+01
2.306652641947051734e+02 2.750162705675261443e-01 3.237529865773277749e+01
2.307005036232042414e+02 2.596706138262696584e-01 3.252642165448740030e+01
2.307537171148898665e+02 2.720351531617316021e-01 3.294695685788041573e+01
2.308246305816782353e+02 2.520365509017606920e-01 3.321501391188122909e+01
2.308548294101973966e+02 2.787257415666045124e-01 3.307143980326809185e+01
2.308801492524274863e+02 2.647243176189498781e-01 3.303021957622269156e+01
2.309388816332592285e+02 2.791843750136497881e-01 3.292831886818001408e+01
2.309637930733245810e+02 2.669071944300059895e-01 3.295562393804517143e+01
2.309599307245098032e+02 2.680166505780965380e-01 3.287559567748895972e+01
2.310143847104712620e+02 2.778608899236047480e-01 3.290079867738850083e+01
2.310287726968957145e+02 2.842686543694663559e-01 3.288033161382190173e+01
2.310165719552199164e+02 2.676333640544943937e-01 3.286140643222489643e+01
2.310284199859352441e+02 2.829080418098986471e-01 3.295500150693846564e+01
2.314051862706985503e+02 2.227943007150313959e-01 3.305177644021821948e+01
2.312894555802586751e+02 2.382043845357537659e-01 3.311491607007918958e+01
2.312322355978177768e+02 2.748011496411739141e-01 3.329898532809762912e+01
2.312229930418754122e+02 2.906884306437029775e-01 3.348745309927011959e+01
2.311838257454977565e+02 2.904995173428961963e-01 3.333792003179858909e+01
2.311674929348609453e+02 2.827049327119214306e-01 3.356478197439515299e+01
2.311338095841286702e+02 2.844859592646140078e-01 3.370592641772334019e+01
2.310980361752591250e+02 2.959332317059854001e-01 3.332261477848004461e+01
2.310480484054843942e+02 2.871525851638631610e-01 3.343246513293818367e+01
2.310188727663459076e+02 2.784156179976500223e-01 3.373187196701333335e+01
2.310126473632944624e+02 2.673254244543353808e-01 3.411866922045417994e+01
2.310298210019175258e+02 2.744178631175717697e-01 3.425104939700621287e+01
2.310724640846331681e+02 2.668482272725287152e-01 3.471748944051087449e+01
2.310190813353658825e+02 2.783653867153546013e-01 3.434361254646393746e+01
2.309507536876313054e+02 2.862560659733293655e-01 3.398636657479438128e+01
2.309235447123931522e+02 2.856314508978295974e-01 3.391167265802106101e+01
2.309065763668368731e+02 2.827922914637395757e-01 3.385484469797895457e+01
2.308423644082973283e+02 2.894119008827601980e-01 3.371460004979449110e+01
2.307468627288253344e+02 2.628439204860640865e-01 3.375490191796139783e+01
2.307357998348919637e+02 2.860376690937839750e-01 3.364710995409297567e+01
2.307058543467530853e+02 2.617617639479167257e-01 3.364987704255681678e+01
2.307634019245132890e+02 2.691501303829371139e-01 3.391352684752840219e+01
2.308100252903586522e+02 2.744975779786058556e-01 3.409402313259748496e+01
2.309218477686390827e+02 2.570301955525659543e-01 3.432542991425738421e+01
2.309799478905045476e+02 2.507491012968406929e-01 3.459915655125119827e+01
2.310762685582748475e+02 2.719903818014248187e-01 3.482191918441868950e+01
2.310775177884258369e+02 2.637164160198479101e-01 3.470578555173603519e+01
2.310272242630197184e+02 2.957465023739740961e-01 3.401143635259739284e+01
2.309362969061897957e+02 2.763408476419688675e-01 3.392084532696196675e+01
2.309447576013033938e+02 2.871394813510904642e-01 3.385656020546778677e+01
2.309327534168191676e+02 2.697692855364482445e-01 3.389029160351356751e+01
2.309495787124193669e+02 2.950345285466561274e-01 3.374642484308184009e+01
2.309302866240647063e+02 2.731293215282539766e-01 3.388179487291485259e+01
2.308556003511821757e+02 2.967762436610305588e-01 3.374057399067881846e+01
2.308859695292673564e+02 2.840426135991369061e-01 3.361620679563730363e+01
2.308740079321746634e+02 3.097806858535605001e-01 3.351569618373292769e+01
2.308600501876029227e+02 2.824319366124896646e-01 3.378949816765017999e+01
2.309411016375398162e+02 2.994363176538933358e-01 3.395733070965881950e+01
2.310334682298059192e+02 2.808856867053083350e-01 3.409681315273367375e+01
2.310747550678995879e+02 2.875173079527039710e-01 3.446517552557209285e+01
2.310152790456930063e+02 2.715230124791976896e-01 3.446301667241778688e+01
2.309977657999222629e+02 2.790664406986952950e-01 3.475424563533836420e+01
2.310182907386619320e+02 2.579474624466565613e-01 3.521628498172017885e+01
2.309940705247203425e+02 2.767274101187642277e-01 3.515206101135226646e+01
2.308278748673238852e+02 2.672872050004149735e-01 3.463523789972089162e+01
2.308129419806849683e+02 2.900015724575327192e-01 3.446054005180373991e+01
2.308294910042325228e+02 2.910466015261574113e-01 3.477746886752482425e+01
2.306863471374720973e+02 2.790293132291725708e-01 3.453306528756316851e+01
2.306891458934834702e+02 2.972468889364509037e-01 3.446202405860024953e+01
2.306433775514215370e+02 2.850865506833638596e-01 3.426568526388894753e+01
2.306565752748524858e+02 2.989798681756434817e-01 3.444308358922167912e+01
2.306958484937167100e+02 3.026598555959832404e-01 3.449874749389580586e+01
2.306924196627078629e+02 2.798057141359564515e-01 3.445540226521243454e+01
2.307379958155157738e+02 2.905399207656120808e-01 3.456114020642873186e+01
2.307917017921647869e+02 3.032233195452103125e-01 3.444435247509183284e+01
2.307938442655531333e+02 2.776195613717071242e-01 3.450078076884437195e+01
2.308639518478559864e+02 2.956383959185991395e-01 3.465661895422838512e+01
2.309381161521964145e+02 2.747880458284012173e-01 3.493400592292337592e+01
2.310340677292402916e+02 2.919049012627707440e-01 3.487783970542628964e+01
2.310808909282304171e+02 2.779624444725933841e-01 3.497363185274808473e+01
2.314030394293726260e+02 2.304261796707448573e-01 3.476059224865795017e+01
2.312210110901935423e+02 2.401240931069576756e-01 3.422011457100300902e+01
2.312456724658318024e+02 2.741536028933218572e-01 3.442181719307594534e+01
2.313013931536946188e+02 2.842391707907277465e-01 3.485818289428280536e+01
2.313476812803298799e+02 2.900070323795213567e-01 3.491104149103917820e+01
2.313777512546900823e+02 2.799160045601268298e-01 3.488692719958417143e+01
2.313904117217973067e+02 2.899633530036123119e-01 3.469481001655448438e+01
2.314231374022128023e+02 2.892415513167148067e-01 3.484085419387528049e+01
2.314258520754255528e+02 2.789124708986158163e-01 3.498426778078194843e+01
2.314159237532814188e+02 2.864154956953974818e-01 3.497908194687714456e+01
2.313801940237877943e+02 2.670054730258014097e-01 3.495540444918123058e+01
2.313982194102410688e+02 2.735584713965606984e-01 3.491977081431460306e+01
2.314505429346425558e+02 2.670098409633923087e-01 3.511714481023495438e+01
2.314729155109831709e+02 2.695967520016073760e-01 3.521225446730817055e+01
2.314868219322882226e+02 2.746864912794125813e-01 3.511201357555003000e+01
2.315104633944990269e+02 2.773847847261958210e-01 3.503308821923552330e+01
2.315831458760117130e+02 2.735060561454698003e-01 3.512606413879558431e+01
2.316659466849537523e+02 2.613500858299736551e-01 3.507951939582687118e+01
2.316695971887953647e+02 2.842948619950118050e-01 3.469522715459441287e+01
2.316877143019380583e+02 2.632741623387684915e-01 3.476874828012457641e+01
2.316673640807020149e+02 2.908751599757142814e-01 3.454526166130138165e+01
2.314954322292643099e+02 2.731697249509699166e-01 3.398503981375114336e+01
2.313846820796624399e+02 2.984546236803368724e-01 3.345868804626519477e+01
2.312651359957368982e+02 2.787497652233544843e-01 3.327628734040648339e+01
2.312415414888552050e+02 3.035814904276647463e-01 3.309111954608392381e+01
2.312243121590278747e+02 2.780858387095365147e-01 3.299214535622714806e+01
2.312114595026666279e+02 2.952693051921674305e-01 3.290922552098575693e+01
2.310752191612686204e+02 2.766051078662187801e-01 3.283579175420741336e+01
2.310329036738723119e+02 2.913392533447481947e-01 3.291400404471021091e+01
2.309563621194980385e+02 2.901675540859872116e-01 3.322118253174398461e+01
2.308734783197417642e+02 2.778696257987866014e-01 3.327065270091421212e+01
2.308816594668495270e+02 2.911536159971346294e-01 3.341604823950275716e+01
2.308667342241014069e+02 2.739155502946173937e-01 3.366237698795759314e+01
2.309277302885896290e+02 2.707389676816297497e-01 3.415974858151226812e+01
2.310994229954442289e+02 2.453798140132173733e-01 3.501027775715140677e+01
2.312296213871696295e+02 2.527900201361922838e-01 3.550577550547957628e+01
2.312771183405331499e+02 2.508200802826929254e-01 3.569299950642304964e+01
2.314100630730188186e+02 2.448720412682743597e-01 3.609487051249011813e+01
2.315450203327494876e+02 2.486765149099549599e-01 3.662849489606492170e+01
2.317098444577423777e+02 2.360684630537998874e-01 3.712329159040975668e+01
2.318138483277350872e+02 2.568860536120660121e-01 3.733279534902005281e+01
2.319170616010238462e+02 2.482932283863528156e-01 3.711983764375974459e+01
2.319801826671500464e+02 2.697114103633687088e-01 3.718053122856980508e+01
2.320568727314024216e+02 2.499399408581250148e-01 3.732890460861095505e+01
2.321023495136301449e+02 2.726608602216291644e-01 3.725399775488007492e+01
2.321690304488929542e+02 2.794311634875361050e-01 3.731866397892906662e+01
2.323876850367561815e+02 2.476653373576598316e-01 3.797235750695593737e+01
2.325207728191979584e+02 2.543865013256690344e-01 3.833228320833752178e+01
2.325849771338467065e+02 2.377075316347879996e-01 3.849164959531058372e+01
2.326674798310481833e+02 2.535904446997261363e-01 3.884262320859959772e+01
2.328858723426559720e+02 2.320892719084829692e-01 3.921178818997034199e+01
2.330389347037009600e+02 2.456134986743309379e-01 3.965402549128378240e+01
2.331663452592589465e+02 2.411450985188323681e-01 3.959044688369492349e+01
