2.512160574741322989e+02 6.436964591745532038e-01 2.940890225859845231e+01
2.511895449183584788e+02 7.407092427879123919e-01 2.888796854994488683e+01
2.511775695789127099e+02 7.988850505639760735e-01 2.823407963958011990e+01
2.511070014092080100e+02 7.828554560246278049e-01 2.766566393844935590e+01
2.508760693522445990e+02 6.761750135590877120e-01 2.735510752971578086e+01
2.510575069318273620e+02 5.475833195692485500e-01 2.718970188749529981e+01
2.511584205156318887e+02 4.280396077645837738e-01 2.696247031936190908e+01
2.511740248878080592e+02 4.026527784122923004e-01 2.714949201741654505e+01
2.511728769045686249e+02 4.049182881929923594e-01 2.704941130716634490e+01
2.511915456891472331e+02 3.983443270299681926e-01 2.695518999708318475e+01
2.512304353785006299e+02 3.966106380561129630e-01 2.700251267760062035e+01
2.512664094247081152e+02 3.871585189141952821e-01 2.714711405213483886e+01
2.512691552131910271e+02 4.003204981778694660e-01 2.698003914857128649e+01
2.513079511896269196e+02 3.900296484242758432e-01 2.703503925985537748e+01
2.513194111080264008e+02 3.977258217744306656e-01 2.696776392778951248e+01
2.513155196791269645e+02 4.012646558217393133e-01 2.666200913466663280e+01
2.513461966026724497e+02 3.930753182432107917e-01 2.684700546229167983e+01
2.513767493566022608e+02 3.932182304424069463e-01 2.687182532849305971e+01
2.513955622247915187e+02 4.024290388217474645e-01 2.670622991761463183e+01
2.514315854702807087e+02 3.879058794313031688e-01 2.713188687445163438e+01
2.514155008194023253e+02 4.009800028348157741e-01 2.681057222278840513e+01
2.514109791711326807e+02 4.178202141105882839e-01 2.648720408682033067e+01
2.514184586333610980e+02 4.137343309073401865e-01 2.646333423532016482e+01
2.514280267222384282e+02 4.124246928851981742e-01 2.639611981665067830e+01
2.514603342505485273e+02 3.961502733488662664e-01 2.673309506824057635e+01
2.514952797974863756e+02 3.835728284081338368e-01 2.685802492997887825e+01
2.514924379532630212e+02 3.950116614011721095e-01 2.671261528153117482e+01
2.514914445963374590e+02 3.935813679977415158e-01 2.669076377199178651e+01
2.514943204114934190e+02 4.041158713368498967e-01 2.647091795316931240e+01
2.514947468052680790e+02 3.920995324896827672e-01 2.644202508929084061e+01
2.514928526329229896e+02 3.937043662019677481e-01 2.649570033420369342e+01
2.514906374938354361e+02 3.987718922160879420e-01 2.645918509589759893e+01
2.514765582993916837e+02 4.035383654827210953e-01 2.631596130125071653e+01
2.514672104358704985e+02 4.155019908137912443e-01 2.625055202765468110e+01
2.514671542081199789e+02 4.066578342241917721e-01 2.619645156037864808e+01
2.514814465994510897e+02 4.316346695623958230e-01 2.602632395852734959e+01
2.514754337443816041e+02 4.183426636256825093e-01 2.605679119941991573e+01
2.514700171377497782e+02 4.223231197967367012e-01 2.597662799837408087e+01
2.514763369026240696e+02 4.178448137514335081e-01 2.597464362734589827e+01
2.515037104458274939e+02 4.158768424838140132e-01 2.611127354683478785e+01
2.514922950410638407e+02 4.185418035753820654e-01 2.607832877068566191e+01
2.514908120341443123e+02 4.180369252323201668e-01 2.594727008414248459e+01
2.514940919862569899e+02 4.525970777969498537e-01 2.566294157819581656e+01
2.514807097816371879e+02 4.247807410583234189e-01 2.568021521171505128e+01
2.515030813978687263e+02 4.360907187897913873e-01 2.564007445491295911e+01
2.515120743237148702e+02 4.693365476864037600e-01 2.552834171478239256e+01
2.514823954427408239e+02 4.441184015856225464e-01 2.548428844367443702e+01
2.515123882619885194e+02 4.579902561994023680e-01 2.561703044849830846e+01
2.515041169256071782e+02 4.286475703169019269e-01 2.551471819940000429e+01
2.515087873431333492e+02 4.409731617918378199e-01 2.543575452369823964e+01
2.515339574613639115e+02 4.617270587849417463e-01 2.541956444578766394e+01
2.515247911666203890e+02 4.333894439426898559e-01 2.547601593588162316e+01
2.515176104143165219e+02 4.301645481690253292e-01 2.546257633209983595e+01
2.515330461032411904e+02 4.471699284619016224e-01 2.548851489625394251e+01
2.515319602048095931e+02 4.277537833661914091e-01 2.543170026860465072e+01
2.515381675141828737e+02 4.122431241075308894e-01 2.557088269368410138e+01
2.515590830659586743e+02 4.454409251339216391e-01 2.546884104063509113e+01
2.515373334692170602e+02 4.286721699577472067e-01 2.546245333389560983e+01
2.515530889534726953e+02 4.201513229335422928e-01 2.562440916934041368e+01
2.515775855101086904e+02 4.541714548110454830e-01 2.550707239674300908e+01
2.513685295623255342e+02 4.061424131779104441e-01 2.543670922404533030e+01
2.514196042737775940e+02 4.072915678288239749e-01 2.561190552332221770e+01
2.514238846112846772e+02 4.199299261659351079e-01 2.573333872182609028e+01
2.514363460864900048e+02 4.787781241251020670e-01 2.555131543650891146e+01
2.514456904357767826e+02 4.781514189892827615e-01 2.571544892587425224e+01
2.514426295376087523e+02 4.906011800799137124e-01 2.555454736075138911e+01
2.514469450174598819e+02 4.669468682900086987e-01 2.544875953382509337e+01
2.514572874093180985e+02 4.675606878996709237e-01 2.543079359612778134e+01
2.514583920503332024e+02 4.823696716885076397e-01 2.516967309420139642e+01
2.514450285882969069e+02 4.798499656190733931e-01 2.502846529869235326e+01
2.514458778616117911e+02 4.853110858867175081e-01 2.493910183197039743e+01
2.514590714689851154e+02 4.840916465476746700e-01 2.502616347515612105e+01
2.514895328528203606e+02 4.787523530727880172e-01 2.522902382768068819e+01
2.514877394218615905e+02 4.754911435435899558e-01 2.529670446811476481e+01
2.514891006019883548e+02 4.854949974873223884e-01 2.516397183458264308e+01
2.514993293669340915e+02 4.707609840324902817e-01 2.539137208596754647e+01
2.515126635436836864e+02 4.803899863061999453e-01 2.537403051058311831e+01
2.514850088617277493e+02 4.510578431269189337e-01 2.513752956349694401e+01
2.514996327625045183e+02 4.722252483685167035e-01 2.533734424620257641e+01
2.514840834466673982e+02 4.505295365544805808e-01 2.529366231253023756e+01
2.515014320505206342e+02 4.736625702407601946e-01 2.528636207625654464e+01
2.515167084274855256e+02 4.694536888332858648e-01 2.529673609622442498e+01
2.514932614555256123e+02 4.417427791268533355e-01 2.526742972409745747e+01
2.514818542506422148e+02 4.327885098591846003e-01 2.520554405619963489e+01
2.514974679941101385e+02 4.648289563543800962e-01 2.517545635262296599e+01
2.514999502150125750e+02 4.357603807555838205e-01 2.517381169092073989e+01
2.515123261771806824e+02 4.282598331207221332e-01 2.533458908642791130e+01
2.515293046150097496e+02 4.486927633713690411e-01 2.534541878545715932e+01
2.515168888248517192e+02 4.253828465532974445e-01 2.542225986357741974e+01
2.515320187753830226e+02 4.155137049284794992e-01 2.554055016511044585e+01
2.515467445889575799e+02 4.485721079900805153e-01 2.538664426927938322e+01
2.515305908248025162e+02 4.223535764949260529e-01 2.536732886556999134e+01
2.515518050865028670e+02 4.464249107677313866e-01 2.543069168332999652e+01
2.515068076577510681e+02 4.365674832576015851e-01 2.511368665446055815e+01
2.515225291710740976e+02 4.538633735947454895e-01 2.516701984722451613e+01
2.515165374014110853e+02 4.324546575905706125e-01 2.530733971284019290e+01
2.515483716794877580e+02 4.429797896379284450e-01 2.530015544630191116e+01
2.515229555648487576e+02 4.341122048189525184e-01 2.513419572645667799e+01
2.515136686147239402e+02 4.313336168149087824e-01 2.500772428722540752e+01
2.515161684067984140e+02 4.616134318724661179e-01 2.494965273507006742e+01
2.515168829677943734e+02 4.386420529688838110e-01 2.501737554631702309e+01
2.515157759839563596e+02 4.239689529104303523e-01 2.512172956560548442e+01
2.515212406184583926e+02 4.552878099408320112e-01 2.503241529816521904e+01
2.515015187349693235e+02 4.336940109245833730e-01 2.509550517705298489e+01
2.514987296042620528e+02 4.614388915636117305e-01 2.493311474795325111e+01
2.514872181437579570e+02 4.463229979699439021e-01 2.481713212701380300e+01
2.514974843938707068e+02 4.720963931069463437e-01 2.461626200257476071e+01
2.514953840531071023e+02 4.462714558653158026e-01 2.475544442765421493e+01
2.515086854303355608e+02 4.775129997387752567e-01 2.454312609893038299e+01
2.515245193991596295e+02 4.365745117264144826e-01 2.493912174596536602e+01
2.514960810429310527e+02 4.406393095232238322e-01 2.465696269405895080e+01
2.515284576845178037e+02 4.651592943885876630e-01 2.474524611940665508e+01
2.515292952437180247e+02 4.423355133300768127e-01 2.496020598099267573e+01
2.515569909250753540e+02 4.513916953955329214e-01 2.503407635962800626e+01
2.515287388232703165e+02 4.305300285472974942e-01 2.486726502364493996e+01
2.515285021981536318e+02 4.309271370352278363e-01 2.482534840705611501e+01
2.515385400230299524e+02 4.500246582114186822e-01 2.482434567883880305e+01
2.515303331142793866e+02 4.324827714658223132e-01 2.487377338576570907e+01
2.515407844474042065e+02 4.483870249780067541e-01 2.482511061052794332e+01
2.515588405837846153e+02 4.521788839025807638e-01 2.497212509268793212e+01
2.514858452495165011e+02 4.533842663039976961e-01 2.475183179468436734e+01
2.514853321712931518e+02 4.700651656200104944e-01 2.467243118250473444e+01
2.515035394197530536e+02 4.926757497911958827e-01 2.472228762602923169e+01
2.515228841087491674e+02 4.867202938837092985e-01 2.489345544126484455e+01
2.515406579349655658e+02 4.970146578717093422e-01 2.488468859783218434e+01
2.515647667544053832e+02 5.029759708365401094e-01 2.480627548552076789e+01
2.515565352460139934e+02 5.001083555608659692e-01 2.474189471119435879e+01
2.515853308827405499e+02 4.815285982538940468e-01 2.505594192610502091e+01
2.515900645564860554e+02 4.851014032337985227e-01 2.507744201220376468e+01
2.515802879563672718e+02 4.980138718546137655e-01 2.466328831599058802e+01
2.515789619185845538e+02 5.000626705135818861e-01 2.467333902639307297e+01
2.515564895609666962e+02 4.706075291300746977e-01 2.447074809850633414e+01
2.515512767799304470e+02 4.586521036792862716e-01 2.441729659318402668e+01
2.515392908977814557e+02 4.867741788112750490e-01 2.424572112675726387e+01
2.515468547016356524e+02 4.601105109579685659e-01 2.437192314135070603e+01
2.515373522118005667e+02 4.696739141894242797e-01 2.418102289992280518e+01
2.515313908988357241e+02 4.674388611069135724e-01 2.428776425578472242e+01
2.515389383029293526e+02 4.602463946883518231e-01 2.434230985941891134e+01
2.515514993481095303e+02 4.483612539256927043e-01 2.440524394058132529e+01
2.515621580210643344e+02 4.719698806683136905e-01 2.442348398856233871e+01
2.515653173177957456e+02 4.563198234448634372e-01 2.446025342315716600e+01
2.515939958133754146e+02 4.680421380133564235e-01 2.455861332995966961e+01
2.515851539996087354e+02 4.545978485856963514e-01 2.457800604682600110e+01
2.515634770303782091e+02 4.519680298381929529e-01 2.454539746576842774e+01
2.515769962901398742e+02 4.562471959337965344e-01 2.461391683681418385e+01
2.515781782443119141e+02 4.759163659067720542e-01 2.465089595406192657e+01
2.515719299355372129e+02 4.509641302094132276e-01 2.454532718108029954e+01
2.515580967375019270e+02 4.584424210263672861e-01 2.440589173112358168e+01
2.515743219577565526e+02 4.420414890514027251e-01 2.449209472970266077e+01
2.516063038336783109e+02 4.581542538050373259e-01 2.468370836071507668e+01
2.516101730057598331e+02 4.316569263803033962e-01 2.470374769671219894e+01
2.516078805535153435e+02 4.226042585492537640e-01 2.482159871894441849e+01
2.516303072260859324e+02 4.299091804688223162e-01 2.483807462125338716e+01
2.515973167648895128e+02 4.437458927385374285e-01 2.450533285071180956e+01
2.516053924755555613e+02 4.671963789328675842e-01 2.448006199109493153e+01
2.515752719724577844e+02 4.620152260062717620e-01 2.419575574196616685e+01
2.515555348606196162e+02 4.513846669267200240e-01 2.388723524636540319e+01
2.515540577107574336e+02 4.432597569789766823e-01 2.396256051804500942e+01
2.515628784391176396e+02 4.325015140493234655e-01 2.382986419826842095e+01
2.515927283461661546e+02 4.508868170524710228e-01 2.400113744053622611e+01
2.515986182030313785e+02 4.281216065674012805e-01 2.428941126030988684e+01
2.516086255712095294e+02 4.359360924759069778e-01 2.428380957066598356e+01
2.516123424598000895e+02 4.359243783612187784e-01 2.442913839172233637e+01
2.516332884682740882e+02 4.568270446108629868e-01 2.442584555408348024e+01
2.516301771994128842e+02 4.400817176640649531e-01 2.433339541814117979e+01
2.516237789499701876e+02 4.290587357424581749e-01 2.440230018356017894e+01
2.516523367901685901e+02 4.506829914568961648e-01 2.457503417592960204e+01
2.516317691475990159e+02 4.351676465523603432e-01 2.445086338882309462e+01
2.516271713575839044e+02 4.198502701860553077e-01 2.457207987620523681e+01
2.516456913729059579e+02 4.473714112345388294e-01 2.472206037220427888e+01
2.516363388237388961e+02 4.257483269315696650e-01 2.483554788671514046e+01
2.516209148489289191e+02 4.184797187675345920e-01 2.478136542063628767e+01
2.516361396837891959e+02 4.474768382667327349e-01 2.479801000619676543e+01
2.516271549578233362e+02 4.330801913149210924e-01 2.468507656931065952e+01
2.516454969186021344e+02 4.527399899961460639e-01 2.466771625134273194e+01
2.516221143742729964e+02 4.325425134507321911e-01 2.461858725434037254e+01
2.516272182140426423e+02 4.521741982567054619e-01 2.456147508817799974e+01
2.516232951570335672e+02 4.400992888360972799e-01 2.447640367307780096e+01
2.516344411371593992e+02 4.502507406249011690e-01 2.451128596379635738e+01
2.516062932909750884e+02 4.287295691197194336e-01 2.447824513190678886e+01
2.513526616225688883e+02 3.943310713377870536e-01 2.432387301431113258e+01
2.514198291847796156e+02 3.857106543387323616e-01 2.430940139702531866e+01
2.514111314546236144e+02 3.982693566959636944e-01 2.442476199847482121e+01
2.514297100405191259e+02 4.440200030222415939e-01 2.450706653968566329e+01
2.514477860908945104e+02 4.656653441431183871e-01 2.443439568639440651e+01
2.514415986955161770e+02 4.566126763120686993e-01 2.438190473847653195e+01
2.514544420508603366e+02 4.451445580323098450e-01 2.455295892679966840e+01
2.514874676544008310e+02 4.404659406258382703e-01 2.473777954270439139e+01
2.514995741919310888e+02 4.528454170283399693e-01 2.460710507912298795e+01
2.515138056698658033e+02 4.413573847536111927e-01 2.468830615073019885e+01
2.515294264418025136e+02 4.462562275162211267e-01 2.476641118182531542e+01
2.515437094618418712e+02 4.335218134386666367e-01 2.492859192827213377e+01
2.515453119527311969e+02 4.408747632284568674e-01 2.477563370431934686e+01
2.515444708792965969e+02 4.416115810423453802e-01 2.466262178286482865e+01
2.515497937730109186e+02 4.432117291087550037e-01 2.457966476546585355e+01
2.515658526528369805e+02 4.252469628229141874e-01 2.482802742508530969e+01
2.515499636276738897e+02 4.019839024635954439e-01 2.482072601740014761e+01
2.515682411608219127e+02 4.199814682705632629e-01 2.488709350557767408e+01
2.515646835841911013e+02 3.977164504826801172e-01 2.500344863536420803e+01
2.515584071615411688e+02 3.958468777784415749e-01 2.502262581252027829e+01
2.515862937829679140e+02 4.132189098610588585e-01 2.510597993840718445e+01
2.515752098876499190e+02 3.994993387382258510e-01 2.513869863214282674e+01
2.515941527825122250e+02 4.208295701739897532e-01 2.512666355071215918e+01
2.515753832565472976e+02 4.056445633036614984e-01 2.505446360483136914e+01
2.515729537491609733e+02 3.843811023216203715e-01 2.540963087653205932e+01
2.515946728892043893e+02 4.155230762202300476e-01 2.534603494788975908e+01
2.515848447469809912e+02 3.907957515248848823e-01 2.540612015636000365e+01
2.515888568312616940e+02 3.857387682139840623e-01 2.554827679515879169e+01
2.516289917310064368e+02 4.133243368932527639e-01 2.565259332928025060e+01
2.516258945190828911e+02 3.858336525429585939e-01 2.583198445302698687e+01
2.516381767683334658e+02 3.967968924796554941e-01 2.599825928255733132e+01
2.516635249411072834e+02 4.201314089385723705e-01 2.610164337314961003e+01
2.516554597731444574e+02 3.871374335077564788e-01 2.634021771853559457e+01
2.516703191276264420e+02 4.202801781951126525e-01 2.632274260224372142e+01
2.516378112879552020e+02 3.982365571748366917e-01 2.634337818667847486e+01
2.516437374585759699e+02 3.885442986818106736e-01 2.641881357103615002e+01
2.516703027278658737e+02 4.134297639254466694e-01 2.657466635272839284e+01
2.516535140586947534e+02 3.943580138015699288e-01 2.652851039803390165e+01
2.516700965594473871e+02 4.132165670381212630e-01 2.654287307405311935e+01
2.516596745116092677e+02 3.896793963950983541e-01 2.667197667485483237e+01
2.516728599191023363e+02 4.257635552806643409e-01 2.645506992740763152e+01
2.516516690856313403e+02 4.047496049414821551e-01 2.643615280359763986e+01
2.516280182880758503e+02 3.980151604072295068e-01 2.641950118956834714e+01
2.516366797044763075e+02 4.331247049507362945e-01 2.620456241338876424e+01
2.516294169533696277e+02 4.076101917483433423e-01 2.626590220354211525e+01
2.516195407832759940e+02 3.970874025239231608e-01 2.632503856872261139e+01
2.516230433035677549e+02 4.260388369758372762e-01 2.626330752713867511e+01
2.516124092302538031e+02 4.104426646799528289e-01 2.627581117315687109e+01
2.516200093478635154e+02 4.111361402694949096e-01 2.620509071996120198e+01
2.516319050313294099e+02 4.225351452725932822e-01 2.628837924680585303e+01
2.515938786722285272e+02 4.055028225159341138e-01 2.609760317499364390e+01
2.515992613079277476e+02 4.030756579525367478e-01 2.621622967161822260e+01
2.516185075983604804e+02 4.280606931710225771e-01 2.635376743499545071e+01
2.516125392569268513e+02 4.043325824585818351e-01 2.656437901720920536e+01
2.516336527772408829e+02 4.199638970985309361e-01 2.661623271728804241e+01
2.516678779061254261e+02 4.293176176770676089e-01 2.675236244407974340e+01
2.516263220842689918e+02 4.078878162664539286e-01 2.667022190047453734e+01
2.515944093216239139e+02 4.190068539285040639e-01 2.636160183489892361e+01
2.516075408441894012e+02 4.446560794498114477e-01 2.620913208952863727e+01
2.515942886662426190e+02 4.256019004979670339e-01 2.618742583501138199e+01
2.514844090990557390e+02 4.040514437060647723e-01 2.626065662298473313e+01
2.514789304076160477e+02 4.118225873902240930e-01 2.597527150389318606e+01
2.514951345424642568e+02 4.427115364115684071e-01 2.606661114176304395e+01
2.515086631735176752e+02 4.393448998501764957e-01 2.604118565583228317e+01
2.515350082174514625e+02 4.412472720755419853e-01 2.609890695595844434e+01
2.515524505342222028e+02 4.465631373210522392e-01 2.613455417836613748e+01
2.515479804280571727e+02 4.449489323170167654e-01 2.602481986620138343e+01
2.515733204009507062e+02 4.481211145745843671e-01 2.617473242033523562e+01
2.515649506660059842e+02 4.550687559961624773e-01 2.592843144490090523e+01
2.515738885355131060e+02 4.493499252053776982e-01 2.601495541022243785e+01
2.515994042201269565e+02 4.476677783361505680e-01 2.616421548816815701e+01
2.516097887827980628e+02 4.412707003049183840e-01 2.632613149562302013e+01
2.516303048832629941e+02 4.390215902847818263e-01 2.647474261161501374e+01
2.516456925443174271e+02 4.285175436438627972e-01 2.667126562809325918e+01
2.516475609456101949e+02 4.319122940805064093e-01 2.670129007545061128e+01
2.516554504018527041e+02 4.280501504678031477e-01 2.667027109975622778e+01
2.516199870910456013e+02 4.155957037312969504e-01 2.631518934109276131e+01
2.516196216106673376e+02 4.036461353378526518e-01 2.653570052162952564e+01
2.516428764711463657e+02 4.284039167313871688e-01 2.666784159236989282e+01
2.516169941347427823e+02 4.185242324033497940e-01 2.646109449659177670e+01
2.516302158559913664e+02 4.236538432253174613e-01 2.657467220978573863e+01
2.516190511332820279e+02 4.007105781969869107e-01 2.653702187376635635e+01
2.515882734683502235e+02 3.938390785208821798e-01 2.651269517179335011e+01
2.515897658465615052e+02 4.260025232203038525e-01 2.625186635132270041e+01
2.515579397683650882e+02 4.137249596155896381e-01 2.593253489927618460e+01
2.515516036037302285e+02 4.100490704264289077e-01 2.582670138730260234e+01
2.515589190683530205e+02 4.371637316952315389e-01 2.571918104281391848e+01
2.515466637615662364e+02 4.048058326919855565e-01 2.552542607163649535e+01
2.515722520736911463e+02 4.158077292071535869e-01 2.584624755907135096e+01
2.515439015733227563e+02 4.072072262030688727e-01 2.566779590732260985e+01
2.515464517360903756e+02 4.043290682241753586e-01 2.572308418582802858e+01
2.515743793569185414e+02 4.238283835341718486e-01 2.586689485762079244e+01
2.515603833326890708e+02 4.011112009193237293e-01 2.584656501157940411e+01
2.515594637746860371e+02 4.035922504102868458e-01 2.587579758478383241e+01
2.515889962292264954e+02 3.936867950299354213e-01 2.617643448119943272e+01
2.516181456322166241e+02 4.272102484446584358e-01 2.632646066224576131e+01
2.516060882939680425e+02 3.989651751084434261e-01 2.639137911443635787e+01
2.516243412274752131e+02 4.135340195461717494e-01 2.644888838908666173e+01
2.516003155782497060e+02 3.983993833690028241e-01 2.645729092355251666e+01
2.515944842919579116e+02 4.342258317314281468e-01 2.622698908595934597e+01
2.516092956185696892e+02 4.030487154887538725e-01 2.652942292756811327e+01
2.515996748161762468e+02 4.031963133338253291e-01 2.653653690941826682e+01
2.516065439730294315e+02 4.396365813059129324e-01 2.642729107583600623e+01
2.515884972079407760e+02 4.183262638651190080e-01 2.627653041979872839e+01
2.516072679053171441e+02 4.366213681851673356e-01 2.638665129774819462e+01
2.516041941216229532e+02 4.037878761255799809e-01 2.640843955106826968e+01
2.516130581922075464e+02 3.970030608981680031e-01 2.665166088575106684e+01
2.516485320457178432e+02 3.996727076356113573e-01 2.713002784445061266e+01
2.516588053242994079e+02 3.754116047048570159e-01 2.767206570212646355e+01
2.517115071262816741e+02 3.882924452160141371e-01 2.812993296012163924e+01
2.516926544301024649e+02 3.697747727168897436e-01 2.838053770129241826e+01
2.516546468135850887e+02 3.937371657230947508e-01 2.780158046835373398e+01
2.516483258772993281e+02 4.185160325230680156e-01 2.741771478707839549e+01
2.516127653393403421e+02 4.037527337815153827e-01 2.737260841705996839e+01
2.516192209879449990e+02 3.994208541698148207e-01 2.730186922128079630e+01
2.516241502874057971e+02 4.290235933983935213e-01 2.726151995323725430e+01
2.516100254079147476e+02 4.104368076226087014e-01 2.712639295466286171e+01
2.516113186461763291e+02 4.160677825532318463e-01 2.699599962983397461e+01
2.516464211622510447e+02 4.353468725070899770e-01 2.715415892070832982e+01
2.516157571242316919e+02 4.122782664515955431e-01 2.697919104666786083e+01
2.513954743689313602e+02 3.668228158154605012e-01 2.673426882253233217e+01
2.514623912490877728e+02 3.640360279311350422e-01 2.660223200741269167e+01
2.514516201206319579e+02 3.734436334372375210e-01 2.659035389511884517e+01
2.514672631493865822e+02 4.335557843712624648e-01 2.631088440394484351e+01
2.514900506166895582e+02 4.524283945454396494e-01 2.633270662819751351e+01
2.514793521157448311e+02 4.284402304869205924e-01 2.630804724536736217e+01
2.514830678329239220e+02 4.244796883108363783e-01 2.635396306071074335e+01
2.514962661259431229e+02 4.185992027373543478e-01 2.637527689238594419e+01
2.515283264864332864e+02 4.170107687856328682e-01 2.653080870733572993e+01
2.515398320898800648e+02 4.170669965361362697e-01 2.652651548430250017e+01
2.515289754483870297e+02 4.256393856649692831e-01 2.635527621296728995e+01
2.515292940723065556e+02 4.273004471277576655e-01 2.634551484119760545e+01
2.515309141343679187e+02 4.248275975170762719e-01 2.640742042309039306e+01
2.515325599674816317e+02 4.167132302725523041e-01 2.635971820525706022e+01
2.515450928987865211e+02 3.846048419121652073e-01 2.684280243794155041e+01
2.515528265573036890e+02 3.787501273909972266e-01 2.701949697248705817e+01
2.515506032183358798e+02 3.770914087511464952e-01 2.709688275694032100e+01
2.515571209517484021e+02 4.137120740894325577e-01 2.694287963395734309e+01
2.515261757749765366e+02 3.905017272462107947e-01 2.688579792449316130e+01
2.515290246476687059e+02 4.212969633500494027e-01 2.638066655655399018e+01
2.515130079386555337e+02 3.995766518951680557e-01 2.650354059116451211e+01
2.515262882304775474e+02 3.956664804122431156e-01 2.651793138105897896e+01
2.515265834261676900e+02 3.892073175731634582e-01 2.666948859689505724e+01
2.515283065724383391e+02 3.862284182079512851e-01 2.664925480659410795e+01
2.515545825030954461e+02 4.114243074908249254e-01 2.671317170197886526e+01
2.515293948136928748e+02 3.983829836084393228e-01 2.671979369101211077e+01
2.515292167591495911e+02 3.864427865067455725e-01 2.664936843350658435e+01
2.515245018279875922e+02 3.894486283357405654e-01 2.651394858206498739e+01
2.515489081859404905e+02 4.102470389646596938e-01 2.673211576825264046e+01
2.515522115662825513e+02 3.870484062361260746e-01 2.702001122212186957e+01
2.515488625008931933e+02 3.955856530208944899e-01 2.683851507196566288e+01
2.515545192468761400e+02 4.091728546477507167e-01 2.683205708053805338e+01
2.515503255938177460e+02 3.916672816576877714e-01 2.683878098236908727e+01
2.515382635699233163e+02 3.941073317472422177e-01 2.660685205424572075e+01
2.515269758490097445e+02 3.975793953408280346e-01 2.659884897109073520e+01
2.515382459987512789e+02 4.107636314224097918e-01 2.666553742601072230e+01
2.515396048360551049e+02 3.834580300841893274e-01 2.687647700343574897e+01
2.515221461195237964e+02 3.913041441023532574e-01 2.657849218258556334e+01
2.515481701967151196e+02 3.850734064996936823e-01 2.692724011943711204e+01
2.515678663091518956e+02 4.110225133570192813e-01 2.691791568414529578e+01
2.515486633609434932e+02 3.836267133356995873e-01 2.713811644064282547e+01
2.515396095217009815e+02 3.940792178719905170e-01 2.691220505323479273e+01
2.515426540201084435e+02 3.838574813950573206e-01 2.706109262233342960e+01
2.515568843266316890e+02 4.100279850199901599e-01 2.686759301885621198e+01
2.515259051789272462e+02 4.013583687392449639e-01 2.671952543778575162e+01
2.515024406357952955e+02 3.901327326335320977e-01 2.652357055586988466e+01
2.515199555800770952e+02 4.206234017554772442e-01 2.634691467790284491e+01
2.515187466834412930e+02 3.890234059725585225e-01 2.640465120637810159e+01
2.515354791248619222e+02 3.817665119232116488e-01 2.644800865907357590e+01
2.515457863743760640e+02 4.131767390481813074e-01 2.638331746070793216e+01
2.515219809505067019e+02 3.954075984776336816e-01 2.616070828223050881e+01
2.515443923947281917e+02 3.847067547099526363e-01 2.639533731378950421e+01
2.515415388363901457e+02 4.149818841216346699e-01 2.617411040084529006e+01
2.515298657211033344e+02 3.939175630892931546e-01 2.601021822224252844e+01
2.515444919647030417e+02 4.180837816910730198e-01 2.605750810323883471e+01
2.515288606500630806e+02 3.963236422462517727e-01 2.594999595863043140e+01
2.515275498406294616e+02 3.952939715651579977e-01 2.599894455826659367e+01
2.515462982811879442e+02 4.158182719103729608e-01 2.605096108453959403e+01
2.515213905591264165e+02 3.885431272703418482e-01 2.620826875927611610e+01
2.515439132874374195e+02 4.269490236871112954e-01 2.595668354670593203e+01
2.514007117496084618e+02 3.618794594170353651e-01 2.586833920796184927e+01
2.514520582285212811e+02 3.510357034501582207e-01 2.613815158298688957e+01
2.514510379291319566e+02 3.700242833597486847e-01 2.611332234549375642e+01
2.514737902540908578e+02 4.231138225381909646e-01 2.597307510738914615e+01
2.514821330465718177e+02 4.313921873883498348e-01 2.592218430753768033e+01
2.514816726818645520e+02 4.263070902021973141e-01 2.580658005250266029e+01
2.514874477404058553e+02 4.304128874004153893e-01 2.581003103068981019e+01
2.514958502748717137e+02 4.224601749385887284e-01 2.574774474006965264e+01
2.515174675021173130e+02 4.286217992645878772e-01 2.589016846068333066e+01
2.515256568396958414e+02 4.149701700069464705e-01 2.604212395641880917e+01
2.515272113027149885e+02 4.187620289315204802e-01 2.586868477434515157e+01
2.515207626825791181e+02 4.198584700663370306e-01 2.577074189002554760e+01
2.515274045856073428e+02 4.295659569084577245e-01 2.565517394874606083e+01
2.515293186719473795e+02 4.249915951227112298e-01 2.551358544450965127e+01
2.515228923086294230e+02 4.020202162191289230e-01 2.540726345395357200e+01
2.515156518143406572e+02 3.845896135630705315e-01 2.549869329050653022e+01
2.515397922618901134e+02 3.731472663356257824e-01 2.566436367171896293e+01
2.515673426882253239e+02 3.986957504706145627e-01 2.564222868060411997e+01
2.515497270025572050e+02 3.814068886022835558e-01 2.559035389511884517e+01
2.515457289752141037e+02 3.776326008497418729e-01 2.548190696415832335e+01
2.515625059302705608e+02 4.086140913771230121e-01 2.546874498489464855e+01
2.515525594754888061e+02 3.893127446053573082e-01 2.542177607064079581e+01
2.515541279954455547e+02 3.800433656525757375e-01 2.551373655658913009e+01
2.515752063734155115e+02 3.945161543498607593e-01 2.568727765146057607e+01
2.515553029211487797e+02 3.814642877642557828e-01 2.556521423358647382e+01
2.515597741987252789e+02 3.813799461385006806e-01 2.564152231948841987e+01
2.515774273695604109e+02 4.041053286336305228e-01 2.567322774230353488e+01
2.515655656570271219e+02 3.838926237391219742e-01 2.576636432536656329e+01
2.515401764848518837e+02 3.979530755993819779e-01 2.547920686072269092e+01
2.515381007437291316e+02 3.899160215118002148e-01 2.558978107491059362e+01
2.515662708467313564e+02 4.241036652293447839e-01 2.556122557753514002e+01
2.515594497177484072e+02 3.975231675903246331e-01 2.552784386490814228e+01
2.515599709958520407e+02 3.941143602160551151e-01 2.546824010655158688e+01
2.515615371729858509e+02 3.836688841485771384e-01 2.560895942347813303e+01
2.515812426567143518e+02 4.232860200241076454e-01 2.544116761609566169e+01
2.515886002921500335e+02 4.020940151416646513e-01 2.576951659362916303e+01
2.516167832806783906e+02 4.205296888379715381e-01 2.579045791645727803e+01
2.515865292366731580e+02 4.035442225400652227e-01 2.557411813216098651e+01
2.515733707716438801e+02 4.021186147825098756e-01 2.542770575549597112e+01
2.515722872160352210e+02 3.998015628971817170e-01 2.517288744727184024e+01
2.515852746549900303e+02 3.895774835973109251e-01 2.518231496677291403e+01
2.515803676123471462e+02 3.917551375178494055e-01 2.519770965629616200e+01
2.515917478747667531e+02 4.069647440290228846e-01 2.531548805101731148e+01
2.516029875678100893e+02 3.822983327300564227e-01 2.547153060136750469e+01
2.516055623302185609e+02 3.793908894644423824e-01 2.557142154295975800e+01
2.516054252750766977e+02 3.931666883377788468e-01 2.560939167431012820e+01
2.516328245893324151e+02 4.051607703670383476e-01 2.583703675069201111e+01
2.516200269190355527e+02 3.918980497170455601e-01 2.577934590726404096e+01
2.515947630878874861e+02 3.865938985862235056e-01 2.555804870963169506e+01
2.516474145191765786e+02 4.011908568992035851e-01 2.587924973438244791e+01
2.516313884388716531e+02 3.833467459946513500e-01 2.601717874919026130e+01
2.516175118986120083e+02 3.786716428225861963e-01 2.592425536301455580e+01
2.516282420276664027e+02 4.203317202997407520e-01 2.580111541800061303e+01
2.516240764884832686e+02 3.883264161486099653e-01 2.597617231931270965e+01
2.516533570895579146e+02 4.040936145189423234e-01 2.603052581146600986e+01
2.516328632459108974e+02 3.858629378296791201e-01 2.603037821362093851e+01
2.516459900828305081e+02 3.765068744282047963e-01 2.634043091542292103e+01
2.516754253102190546e+02 3.984778679374138544e-01 2.640263755006319712e+01
2.516627916375278176e+02 3.884236433005220923e-01 2.640936145189423101e+01
2.516806744050108193e+02 4.095863628962445602e-01 2.635085764890689575e+01
2.514157386159304792e+02 3.651090408365751938e-01 2.632002609904752433e+01
2.514817558520788339e+02 3.697689156595456716e-01 2.616951846788751013e+01
2.514866652375446847e+02 3.748340988507282145e-01 2.638698866425121636e+01
2.515149185107611629e+02 4.126601465904312094e-01 2.667148351062645872e+01
2.515512451518207797e+02 4.177522722453966275e-01 2.692464310021073715e+01
2.515711134617434652e+02 4.028542611849295629e-01 2.711230556033881811e+01
2.515927716883904850e+02 4.083634093227953010e-01 2.699606171464182225e+01
2.515962027525826556e+02 4.118026733952541707e-01 2.689910750160190389e+01
2.515924378361218885e+02 4.105363775974584795e-01 2.686037478138533530e+01
2.516119160660254295e+02 4.129073144103524440e-01 2.688056171522752891e+01
2.516311307283484950e+02 4.217444425311390188e-01 2.683003990998874144e+01
2.516342935393143136e+02 4.050518291004379656e-01 2.689791851896105257e+01
2.516511454647047970e+02 4.061283562402845937e-01 2.697534881705012921e+01
2.516433801780779618e+02 4.155254190431676986e-01 2.687742818954843216e+01
2.516486937005005302e+02 4.239279535090216267e-01 2.664894321114340414e+01
2.516458764559180281e+02 3.828559245892153018e-01 2.698600280435905674e+01
2.516540704791424332e+02 4.127316026900292867e-01 2.675582630779305049e+01
2.516336949480537726e+02 3.903213298800123354e-01 2.679272108341503866e+01
2.516161378329590548e+02 3.888804937733623124e-01 2.669141859100285785e+01
2.516496390295558854e+02 4.134309353369154949e-01 2.668401995616578404e+01
2.516321650846754778e+02 3.897344527341329301e-01 2.682117818222711136e+01
2.516300003162810981e+02 3.885068135148084245e-01 2.679732824472191410e+01
2.516416769458023168e+02 4.246214290985637074e-01 2.654609445559237813e+01
2.516199238348262952e+02 4.015083094072540715e-01 2.640979487413769533e+01
2.516165583696763690e+02 4.266467995281554848e-01 2.640458560733584648e+01
2.515987857148714113e+02 4.026469213549482284e-01 2.636545226439693934e+01
2.516085740291048864e+02 3.898586223498279879e-01 2.659708716824162877e+01
2.516379670856805433e+02 4.203328917112095775e-01 2.665542463080038971e+01
2.516114475014379082e+02 4.056059067251903683e-01 2.647989213643194972e+01
2.516488916690387612e+02 4.287447974688141095e-01 2.666940542668077185e+01
2.516272966986110475e+02 3.987601781013997426e-01 2.668259786264263411e+01
2.516414848343214317e+02 3.836325703930437148e-01 2.682496301268287198e+01
2.516499119684281141e+02 4.166616881679242046e-01 2.667369396406812498e+01
2.516398682864944476e+02 3.935649682371780145e-01 2.671753052405435014e+01
2.516022144362406721e+02 4.023669540138999912e-01 2.633053248851138051e+01
2.516042515207849419e+02 4.411254452827845784e-01 2.613053272279367434e+01
2.516095685574419178e+02 4.082181543006614954e-01 2.646068684540063032e+01
2.516270671019631777e+02 4.328341949064686278e-01 2.631420535545895234e+01
2.515969758841521013e+02 4.157233875813984292e-01 2.602167462640759865e+01
2.515900130143814124e+02 4.125781477876137027e-01 2.583638427450387809e+01
2.516019133834931836e+02 4.434073548240481388e-01 2.564965191508203901e+01
2.515890032576952819e+02 4.266432852937490083e-01 2.552100867898757386e+01
2.515912160539598972e+02 4.121318400179928565e-01 2.572899512809970091e+01
2.516028669124287944e+02 4.434799823351150416e-01 2.563634350938476203e+01
2.515982386657154848e+02 4.206491728077912939e-01 2.565830044595634618e+01
2.515968985709951369e+02 4.083563808539824036e-01 2.580080147972696736e+01
2.516168277943141902e+02 4.329279078239743339e-01 2.580898496024815003e+01
2.515971328532889117e+02 4.093649661286373753e-01 2.570697610672026912e+01
2.516132339039278634e+02 4.354347283672515556e-01 2.548489874904969099e+01
2.516152616171803800e+02 4.122032961175909893e-01 2.570662585469109374e+01
2.516017458716531223e+02 4.077378755984448211e-01 2.552959629646549899e+01
2.516135958700717197e+02 4.338181805402783753e-01 2.547146031667937649e+01
2.515943284942325420e+02 4.145098052996997740e-01 2.536308484181845202e+01
2.515992671649850934e+02 4.088272882644484740e-01 2.549717514124293771e+01
2.516243353704178674e+02 4.407377080866047847e-01 2.539089180726532646e+01
2.515912711102989192e+02 4.192856498580834756e-01 2.526975731868600406e+01
2.515993093357979831e+02 4.171314241669214495e-01 2.536074670452668656e+01
2.515961008397848957e+02 4.399282627616493691e-01 2.509523340959221827e+01
2.515768006644245816e+02 4.244550886699911540e-01 2.499772394751608218e+01
2.515856213927848160e+02 4.466287363633062446e-01 2.489453665405056526e+01
2.513827598688487797e+02 3.618337743697513376e-01 2.445023082662993019e+01
2.514179408694918720e+02 3.804697594272266614e-01 2.407681062142206940e+01
2.513966949796818540e+02 3.906141827472175976e-01 2.389470065165620127e+01
2.514364807988089012e+02 4.206456585733848175e-01 2.425036928746554565e+01
2.514621124531581700e+02 4.381231176881960621e-01 2.439524242946053079e+01
2.514588699862124770e+02 4.173528209345286344e-01 2.442632583278570024e+01
2.514919283892740793e+02 4.164801193902569199e-01 2.460962829942682717e+01
2.515043758075417770e+02 4.084606364747074836e-01 2.465701306475211041e+01
2.515308063645127845e+02 4.128194585501908653e-01 2.465631256069375610e+01
2.515482287672885775e+02 4.061072708338458459e-01 2.483739637401293976e+01
2.515740677614678305e+02 3.929956622633309360e-01 2.511916768872317363e+01
2.515999196411732441e+02 3.873272021657055419e-01 2.548111509000539954e+01
2.516366539334240144e+02 3.730664389442771012e-01 2.604806418397719980e+01
2.516583320740660099e+02 3.785732442592052438e-01 2.608681564677727138e+01
2.516494035758506413e+02 3.553453262439510985e-01 2.634343324301750755e+01
2.516804096660188748e+02 3.765373311263941480e-01 2.635005991769662970e+01
2.516437573725709456e+02 3.688552147138651760e-01 2.606532376055881173e+01
2.516306785635215419e+02 3.667911877058023795e-01 2.607826082882047203e+01
2.516534461168295422e+02 3.953209140289408730e-01 2.604252575055261332e+01
2.516422075951976751e+02 3.763709906978215392e-01 2.601122797892865179e+01
2.516469857825790086e+02 3.629501294995378657e-01 2.610806153658727879e+01
2.516728458621647064e+02 3.911284323820301001e-01 2.612880137664275892e+01
2.516251612155033968e+02 3.803291900509681023e-01 2.600188714387627087e+01
2.515947443453039796e+02 3.919402205299231112e-01 2.576863920643901551e+01
2.516052308207728743e+02 3.885583556194365240e-01 2.574952294267932373e+01
2.516183822573333373e+02 4.034786234978112174e-01 2.566444567052178272e+01
2.516219410053756178e+02 3.767446709563754825e-01 2.583895200844353468e+01
2.516107282547960438e+02 3.791062364775188431e-01 2.579808380511930110e+01
2.516005674317154899e+02 3.862940172502052905e-01 2.557615287388232872e+01
2.516034479325173265e+02 4.147675158228404380e-01 2.551070494370782171e+01
2.516099937798051087e+02 3.814385167119417330e-01 2.582336286461646324e+01
2.516319038599179407e+02 4.033228257724579824e-01 2.596424969338304933e+01
2.516032558210364414e+02 3.872112324302922071e-01 2.582871621502897597e+01
2.516141628332226219e+02 3.794635169755092852e-01 2.577789921410004581e+01
2.516087274840073178e+02 4.187796001035527516e-01 2.563222951230626379e+01
2.515887806895162271e+02 3.998683333509044924e-01 2.569025889364872484e+01
2.515950512551088138e+02 4.318244382203448306e-01 2.549475031950247939e+01
2.515880181006500038e+02 3.917715372784128514e-01 2.569486254072119280e+01
2.515781923012495440e+02 4.006379506859200079e-01 2.555163757466283769e+01
2.515692110895180917e+02 3.977797067019964161e-01 2.548779682102355437e+01
2.515783398990946296e+02 4.202942351327385029e-01 2.542211460855528671e+01
2.515738088795332033e+02 4.066250347030647694e-01 2.539825647116980534e+01
2.515537554865984760e+02 3.914001998427965590e-01 2.537476849980847504e+01
2.515925737198522540e+02 4.137167597353078596e-01 2.541557227550191911e+01
2.515942265814347820e+02 3.966891226245239932e-01 2.552664551097554124e+01
2.515908845445142106e+02 4.347482812465223723e-01 2.514860877316905530e+01
2.515616449428409851e+02 4.044403523137133361e-01 2.502936025705453105e+01
2.515608062122292949e+02 4.044567520742768374e-01 2.517550086625877981e+01
2.515548847272544037e+02 4.106441474525900359e-01 2.504703802753051178e+01
2.515731259466468828e+02 4.307151115593712554e-01 2.515748338645684257e+01
2.516006201452316020e+02 3.935567683568962916e-01 2.549257617981634638e+01
2.515897588180926903e+02 4.012095994827046819e-01 2.543306027731994945e+01
2.515950899116872961e+02 3.992299141003969876e-01 2.541948478980778248e+01
2.515998856702406385e+02 4.340173204899779869e-01 2.512878263405925594e+01
2.516019942108845271e+02 4.291231633732432993e-01 2.508939392342014685e+01
2.515869696873854195e+02 4.056961054082895979e-01 2.509956177496951568e+01
2.515789232620061000e+02 3.964091552834757004e-01 2.517352118087647384e+01
2.515870610574799855e+02 4.310407639477035202e-01 2.504467177636349362e+01
2.516051745930223831e+02 4.402340011550117116e-01 2.507092076455683838e+01
2.515921262406711776e+02 4.122396098731244130e-01 2.511895332042437801e+01
2.513607853611051439e+02 3.903178156456058590e-01 2.509138649432861001e+01
2.514233211623681825e+02 3.716127173114701088e-01 2.482574902977844999e+01
2.514401192028310561e+02 3.839992221827847052e-01 2.506549478663325914e+01
2.514571538684106713e+02 4.456306937918706468e-01 2.489402357582722303e+01
2.514725356724077585e+02 4.517841182375880171e-01 2.493402844889893188e+01
2.515001868401292882e+02 4.381219462767272366e-01 2.522739322291608843e+01
2.515213366741988352e+02 4.318736375020353346e-01 2.526214900119601126e+01
2.515352483568025548e+02 4.236374434647539600e-01 2.553277785001481703e+01
2.515417028339957710e+02 4.138093012413447402e-01 2.570894759222229808e+01
2.515594450321025306e+02 4.241997209697881410e-01 2.571565158005835983e+01
2.515609034393812067e+02 4.271001357665892284e-01 2.556663866993256207e+01
2.515689533789949621e+02 4.253125618651681927e-01 2.547377151150736196e+01
2.515934159646983517e+02 4.238635258782364468e-01 2.564982528397942474e+01
2.516092323623503546e+02 4.201536657564799437e-01 2.575626441568238789e+01
2.516226262810848766e+02 4.228315123742050763e-01 2.577632366567448230e+01
2.516243505987669664e+02 4.157280732272737311e-01 2.587170115887736443e+01
2.516038637835887641e+02 3.904361282039567893e-01 2.581157846524012101e+01
2.515997603292134670e+02 3.820745931395115869e-01 2.585532248372030750e+01
2.516409612133948599e+02 3.938707066305403570e-01 2.605703133877102573e+01
2.516355598351121330e+02 3.842522470600500673e-01 2.628479472771126169e+01
2.516282595988384401e+02 4.294195304748550934e-01 2.577166261944004333e+01
2.515771743446831294e+02 4.242758627152615203e-01 2.502983585011087442e+01
2.515699385360402403e+02 4.020951865531334768e-01 2.527120401184999920e+01
2.515463427948237722e+02 4.105398918318649559e-01 2.486600341349301857e+01
2.515633844888721740e+02 4.291219919617744738e-01 2.484259978375744282e+01
2.515409835873539066e+02 4.031599995782918500e-01 2.490724178284139967e+01
2.515536898875562031e+02 3.956559377090237417e-01 2.501670198472245232e+01
2.515696761398712056e+02 4.193325063168363287e-01 2.513221604107437201e+01
2.515554739472232200e+02 4.007796914736473370e-01 2.510858047186796682e+01
2.515596055154737485e+02 3.937313086657506234e-01 2.517056805256357421e+01
2.515755308543923832e+02 3.910593191053696183e-01 2.524137050456206310e+01
2.516082776620032746e+02 4.203727197011495331e-01 2.536011062809911465e+01
2.516172881590214558e+02 4.039893588982172434e-01 2.540554382191734462e+01
2.516301045719018248e+02 4.271141927042150788e-01 2.528285135608448542e+01
2.516115295002407208e+02 3.984860678176955773e-01 2.558834258162687902e+01
2.516163053447991160e+02 3.940803892834593425e-01 2.578707839436972904e+01
2.516181479750395624e+02 4.315081571237631142e-01 2.560895005218637976e+01
2.516168359941944743e+02 3.953162283830656265e-01 2.582887786981167366e+01
2.515754476841781013e+02 4.034083388096819656e-01 2.526956872143952282e+01
2.515791950294668595e+02 4.425053679930558981e-01 2.503260389541169673e+01
2.515656476558299346e+02 4.075176502423064617e-01 2.515236900398397069e+01
2.516043979472185299e+02 4.180474679355395962e-01 2.538640530133974238e+01
2.515931746539357619e+02 4.055660787352504681e-01 2.544172989360069792e+01
2.515809861176026914e+02 3.969280905641635049e-01 2.531656692098009742e+01
2.515813375410433252e+02 4.210978234003497911e-01 2.541397564166991785e+01
2.515584001330723538e+02 4.055203936879664406e-01 2.535435899778720525e+01
2.515502775659475390e+02 4.055578788549686897e-01 2.538116089219382943e+01
2.515647526974677533e+02 4.319802359456980656e-01 2.507983637724603554e+01
2.515760369041469175e+02 4.370524476056935059e-01 2.516276059512388130e+01
2.515558195136065365e+02 4.102657815481608461e-01 2.530400704721139604e+01
2.515677971958752153e+02 4.093696517745126773e-01 2.531452632220140941e+01
2.515811407439165635e+02 4.408068213632652665e-01 2.514376615815694649e+01
2.515604055895069564e+02 4.094493077543924775e-01 2.535064913766544592e+01
2.515847041776047206e+02 4.309318226811031383e-01 2.532343724924473349e+01
2.515616695424818090e+02 4.144090639133811704e-01 2.529191339520728832e+01
2.515630307226086018e+02 4.005981226959800523e-01 2.567587981786894602e+01
2.515727581234456807e+02 4.494647235293222076e-01 2.541642389163975224e+01
2.515868771458793844e+02 4.118518726769446192e-01 2.570473636799188455e+01
2.516126153986723182e+02 4.333953010000339834e-01 2.598802934620011840e+01
2.515969957981470486e+02 4.059163307644279572e-01 2.610638758959833439e+01
2.515183929171776924e+02 4.593971213734565073e-01 2.597018757811850165e+01
2.515297345230188171e+02 4.502085698120236179e-01 2.593007024954578554e+01
2.515687202681126564e+02 4.777589961472276658e-01 2.590774314695005387e+01
2.515899111015836240e+02 5.107787426303576073e-01 2.591958025984249048e+01
2.515878072465856405e+02 4.993504523405387086e-01 2.584354628422424938e+01
2.515921812970101996e+02 4.879479331030338596e-01 2.582397316999171721e+01
2.516100628930817606e+02 4.831474889038048781e-01 2.603763393625881761e+01
2.515948310297526689e+02 4.889494899088758784e-01 2.575202390616525605e+01
2.516280241451331960e+02 4.754255445013360060e-01 2.590703912865729208e+01
2.516421373105095540e+02 4.809440639309523480e-01 2.590872947540680116e+01
2.516354719792519461e+02 4.834251134219154644e-01 2.582573145860641972e+01
2.516448327282993205e+02 4.649062695113223009e-01 2.599752597897785122e+01
2.516347316472036653e+02 4.673053201994679662e-01 2.587322750802124105e+01
2.516310932431815104e+02 4.629464981239845289e-01 2.576713628552451851e+01
2.516216340955707835e+02 4.745938423584730170e-01 2.569099219722820493e+01
2.516108699955837835e+02 4.842392443927461265e-01 2.544370840757153474e+01
2.516124642865928536e+02 4.840389330315777450e-01 2.546194142708373676e+01
2.515741638172082730e+02 4.567837023865166102e-01 2.531736582360183263e+01
2.515982281230122624e+02 4.875238821513205867e-01 2.518249419272764200e+01
2.515844628668421308e+02 4.472823839629084253e-01 2.543012823441349113e+01
2.515835807940061102e+02 4.473948394639152282e-01 2.542594043841245721e+01
2.515968060294891018e+02 4.584752205474942888e-01 2.533923607572472392e+01
2.516044131755676290e+02 4.666212159016764338e-01 2.532230683717731878e+01
2.515926709470041658e+02 4.379028923320576472e-01 2.543969515187935571e+01
2.515946412610947220e+02 4.298974663541340613e-01 2.563395382998836780e+01
2.516128403096743398e+02 4.654439473755112022e-01 2.565495489480139213e+01
2.516130675634992997e+02 4.383281146952397456e-01 2.581387443171901097e+01
2.516372864956171611e+02 4.603705643040468809e-01 2.582082207314059019e+01
2.516359909145326412e+02 4.479922593130140074e-01 2.603495023258374630e+01
2.516512801770236933e+02 4.628129572165389227e-01 2.609902761133973215e+01
2.516609665784593801e+02 4.341239189336407178e-01 2.636613285446032506e+01
2.516748712325942847e+02 4.495748362073913595e-01 2.631313351396498135e+01
2.516721711291586701e+02 4.308873090452879362e-01 2.642676276926356849e+01
2.517020585213741697e+02 4.442941133059457592e-01 2.661127061830611495e+01
2.516979855236970707e+02 4.206515156307289449e-01 2.686009364263281896e+01
2.517009585660049424e+02 4.562085393553254042e-01 2.673774322894885813e+01
2.517062767740733875e+02 4.526661910736103356e-01 2.686947547708660622e+01
2.517354812334025667e+02 4.482206845494341452e-01 2.710677884102891966e+01
2.516995071871950529e+02 4.167155730954899551e-01 2.705330976453458192e+01
2.517108523072706134e+02 4.340571484799178870e-01 2.708392108903781548e+01
2.516916833299948166e+02 4.152911367494034334e-01 2.722618081204585749e+01
2.517036082987474117e+02 4.557376319448593338e-01 2.701513815041157685e+01
2.517025551998369508e+02 4.516927481430199620e-01 2.690329178336853388e+01
2.516689825471405300e+02 4.432784995624778346e-01 2.661271379723570263e+01
2.516760625580580779e+02 4.524494799518783972e-01 2.685048338294260972e+01
2.516564273590176981e+02 4.323386878551573331e-01 2.696344024805809170e+01
2.516664499555449481e+02 4.723927602085580824e-01 2.664043759246829168e+01
2.516521915351464429e+02 4.315046428893566932e-01 2.678572892835764563e+01
2.516633597720901889e+02 4.616638025656253919e-01 2.682639213467483330e+01
2.516574078304170996e+02 4.321008913269866469e-01 2.708453256582453861e+01
2.516534894590539011e+02 4.632159227618133923e-01 2.683903400724635091e+01
2.516801355557351769e+02 4.610593542477137152e-01 2.698021603170307969e+01
2.516427546443536301e+02 4.429376188250508939e-01 2.695200141506505531e+01
2.516405324767972616e+02 4.443807977546385124e-01 2.675145928583728505e+01
2.516580029074432616e+02 4.673814619449413454e-01 2.702565273975571358e+01
2.516623558724614043e+02 4.661971649499631609e-01 2.708858682091812753e+01
2.516379155435759287e+02 4.422874854598551342e-01 2.703862143612703406e+01
2.516716393083518142e+02 4.696844568926436536e-01 2.709365317552078167e+01
2.516679481908135472e+02 4.369048497606220494e-01 2.717757075032418967e+01
2.516911257381356393e+02 4.550476705897236740e-01 2.738160719996345094e+01
2.515096073311615328e+02 4.334831568601955620e-01 2.729685089454836699e+01
2.515114218475267478e+02 4.386186247395073567e-01 2.703987367498720218e+01
2.515249750782209901e+02 4.656020879238020327e-01 2.693630450138284971e+01
2.515579573395371256e+02 4.885863523535413644e-01 2.713635932343959212e+01
2.515711696894939564e+02 4.679214826320678422e-01 2.721523514328119475e+01
2.515912593961842560e+02 4.677469423232135104e-01 2.724305499425422639e+01
2.516010875384076542e+02 4.687637274781502605e-01 2.728567914337022060e+01
2.516112530471340847e+02 4.742248477457943201e-01 2.722443072331143910e+01
2.516132655320375306e+02 4.742845897307041980e-01 2.715724324710573612e+01
2.516128918517789543e+02 4.734236023011206829e-01 2.709955006085482410e+01
2.516056595573704726e+02 4.879104479360315549e-01 2.692820887672182906e+01
2.516214689265536606e+02 4.700077664580382675e-01 2.710166211573310946e+01
2.516064783739871586e+02 4.781069053534675595e-01 2.684929791453616232e+01
2.516111148205807524e+02 4.678992258141602689e-01 2.697633397409540734e+01
2.516132385895737400e+02 4.650081823091097299e-01 2.701221899303127216e+01
2.516502915057440077e+02 4.566548471249462504e-01 2.749283857598536329e+01
2.516558381390488819e+02 4.410176754276530220e-01 2.760450688848514389e+01
2.516481759366313327e+02 4.518778311550937232e-01 2.753153146821199115e+01
2.516566253275559291e+02 4.507825614317459428e-01 2.749218727120869588e+01
2.516549724659734295e+02 4.404038558179907970e-01 2.763105575801450442e+01
2.516504227038285251e+02 4.507275050927113669e-01 2.754074461941426932e+01
2.516662531584181863e+02 4.589402709006162873e-01 2.751697550930042269e+01
2.516795322788287308e+02 4.568446157828952581e-01 2.763142943827305942e+01
2.516540915645488781e+02 4.183450064486201603e-01 2.788456091398208514e+01
2.516845330343891192e+02 4.398614923079265937e-01 2.809356883389502357e+01
2.517190287593229812e+02 4.402386868008870136e-01 2.850624069460014454e+01
2.517148737628430695e+02 4.446221085172156751e-01 2.849297328830427745e+01
2.517054181294667501e+02 4.485756222244869362e-01 2.831097460262794385e+01
2.516826166052261442e+02 4.251919064838796114e-01 2.814570952978372276e+01
2.516894822478448930e+02 4.449009044467950869e-01 2.820155774297123941e+01
2.516970097379435458e+02 4.384300274930271746e-01 2.830468412304037429e+01
2.517062158606770197e+02 4.477310345554669224e-01 2.821029881535158168e+01
2.516754112532814247e+02 4.246624284999724885e-01 2.812867252138118701e+01
2.516911351094273925e+02 4.447814204769753310e-01 2.809221468223706708e+01
2.516963572617553950e+02 4.497247768754004671e-01 2.809949149028138393e+01
2.516568596098497039e+02 4.337162677424909463e-01 2.800392188559761308e+01
2.516538959388335854e+02 4.632393509911897911e-01 2.777376647443804458e+01
2.516681063313618552e+02 4.661549941370856098e-01 2.776770090585248951e+01
2.516215438968876867e+02 4.406182241167850289e-01 2.788894784993281917e+01
2.516207777937870560e+02 4.659066549056954942e-01 2.782626327941326494e+01
2.516227024228303435e+02 4.776992541623177879e-01 2.773700055407762477e+01
2.516471169806634975e+02 4.757347971291047695e-01 2.773691621245187022e+01
2.516178352081773824e+02 4.485264229427964877e-01 2.784824481562569076e+01
2.516220909460436133e+02 4.696094865586390998e-01 2.780283973568271705e+01
2.516315348653052411e+02 4.720612507628817456e-01 2.769777349822121337e+01
2.516047540563050688e+02 4.380340904165656579e-01 2.759670763092573154e+01
2.516148199950566493e+02 4.697969123936504565e-01 2.753815462865670582e+01
2.516413044369552097e+02 4.719241956210296629e-01 2.788333093193982393e+01
2.516347047047398746e+02 4.398263499638619400e-01 2.805913402235755782e+01
2.516666479240831791e+02 4.418552346278601384e-01 2.832115416829200072e+01
2.516554281450347901e+02 4.591077827406577216e-01 2.816102339191562010e+01
2.516242041723333784e+02 4.366225395966361611e-01 2.795490300127332262e+01
2.516256789793726227e+02 4.775867986613109850e-01 2.754676098871813750e+01
2.516255407528192904e+02 4.736438276572590422e-01 2.755472541529465147e+01
2.515826483504769442e+02 4.599371420605830596e-01 2.733254263059187750e+01
2.515963972068865075e+02 4.717414554318935527e-01 2.730976922022652786e+01
2.515786198664356732e+02 4.442542853160058036e-01 2.730127414425463783e+01
2.516074213602195755e+02 4.726317281481975940e-01 2.744066742339847664e+01
2.516149839926622747e+02 4.908588906030543209e-01 2.728195288348790015e+01
2.515975088763703980e+02 4.618078861762903720e-01 2.733672339812410002e+01
2.514427958780373160e+02 4.249822238309606259e-01 2.721015941738679089e+01
2.514226921144094149e+02 4.291969622957790276e-01 2.703911694317834247e+01
2.514552573532426436e+02 4.625505610475230123e-01 2.706181069756381419e+01
2.514620702823453087e+02 5.077611866866743595e-01 2.681246288089908347e+01
2.514522011407204900e+02 5.286837669312884902e-01 2.651610280775614825e+01
2.514392394728179738e+02 5.055284764271013032e-01 2.633535987517439381e+01
2.514301106632414644e+02 5.081044102470390067e-01 2.623808703821495669e+01
2.514354042716690572e+02 4.933457971513615647e-01 2.635978731853371926e+01
2.514387006235423314e+02 4.883087278354307226e-01 2.639410264610136636e+01
2.514401590308210075e+02 4.920923868797230094e-01 2.626378077737208017e+01
2.514594111783110861e+02 4.946940917519747072e-01 2.626166872249379480e+01
2.514704587598735372e+02 4.973039965045081834e-01 2.623140765001973662e+01
2.514512522974307558e+02 4.934137390165532211e-01 2.620042850231529385e+01
2.514662276216481587e+02 4.854457982056318843e-01 2.624142907513550327e+01
2.514927800054119302e+02 4.708710967105594336e-01 2.646715772235439701e+01
2.515201172348598107e+02 4.709202959922499376e-01 2.669977778324436457e+01
2.515262074030862038e+02 4.579117716309913377e-01 2.674020787867925719e+01
2.515468113594112936e+02 4.668215272628448154e-01 2.684828347220416234e+01
2.515586262154858161e+02 4.676567436401142808e-01 2.689294470586443708e+01
2.515652927181548932e+02 4.652471502487492416e-01 2.682546554820299534e+01
2.515680021928822612e+02 4.618231145253850478e-01 2.684702889052105590e+01
2.515577031432484034e+02 4.687344421914297343e-01 2.672109044350809626e+01
2.515862937829679140e+02 4.574584353925575386e-01 2.706659591341394844e+01
2.516002546648533098e+02 4.533385812567136686e-01 2.724841537313555051e+01
2.515683735303178992e+02 4.298623240100694631e-01 2.714818003657146761e+01
2.515779181909658462e+02 4.556169765635707525e-01 2.724981755266373185e+01
2.515408512178579201e+02 4.364761131630335300e-01 2.695482100247050639e+01
2.515571162661025255e+02 4.534686079297527983e-01 2.704841912165225182e+01
2.515310090186968921e+02 4.732678045757675034e-01 2.674663892764308670e+01
2.515122886920136693e+02 4.413491848733294143e-01 2.674193219636136121e+01
2.515202929465801276e+02 4.635884316088985102e-01 2.671198154792654478e+01
2.515138033270428650e+02 4.715212300757551933e-01 2.652722653106407336e+01
2.514737422262206508e+02 4.549668431983749928e-01 2.632462154623971173e+01
2.514833677142599413e+02 4.884692112066592595e-01 2.604761670479610913e+01
2.514751807195043511e+02 4.853930846895349593e-01 2.595613064049264906e+01
2.514381594314437223e+02 4.602534231571647760e-01 2.563581285998938597e+01
2.514788437231673583e+02 4.757511968896682708e-01 2.574599347992376508e+01
2.514665649881511627e+02 4.481258002204596136e-01 2.573473738711986059e+01
2.514834672842347914e+02 4.708933535284670624e-01 2.566610087492722769e+01
2.514758812235627090e+02 4.528395599709958419e-01 2.564472730126711753e+01
2.515019299003948845e+02 4.682975057135594366e-01 2.587821654946694849e+01
2.515016475902309026e+02 4.422406290011022811e-01 2.615521436244173614e+01
2.515172882761625885e+02 4.709261530495940651e-01 2.607974734997440436e+01
2.515298985206244424e+02 4.780577060717770554e-01 2.609719083815662088e+01
2.515201242633286256e+02 4.419758900091487197e-01 2.610757188659331263e+01
2.515548156139777518e+02 4.605064480344301381e-01 2.639632481365772065e+01
2.515448492452010214e+02 4.358822075483412273e-01 2.655719240784798885e+01
2.515519491701135451e+02 4.579586280897441908e-01 2.654792771454108191e+01
2.515493345797151221e+02 4.526474484901091833e-01 2.659515082508366746e+01
2.515354720963931072e+02 4.392043304739179366e-01 2.650431020849952901e+01
2.515548964413690953e+02 4.522257403613335613e-01 2.656788036608951131e+01
2.515566594156296674e+02 4.559227149569330395e-01 2.658531682580291644e+01
2.515426270776446529e+02 4.250794509828728085e-01 2.662591091884344152e+01
2.515379496316496670e+02 4.192223936387671768e-01 2.672027162689138891e+01
2.515531088674676710e+02 4.495467223321396588e-01 2.664850744607700150e+01
2.515409507878327702e+02 4.775645418434033562e-01 2.644158229575562657e+01
2.515307501367622933e+02 4.247163134275382390e-01 2.683146668915776800e+01
2.515540155399445439e+02 4.599757986390541342e-01 2.672170543452922686e+01
2.515338286061023609e+02 4.334070151147221828e-01 2.652264045516363922e+01
2.515399000317452476e+02 4.455287809940832178e-01 2.661689925041380178e+01
2.514975136791574357e+02 4.781795328645344623e-01 2.627159877751499195e+01
2.515063976637369763e+02 4.634349767064829262e-01 2.634863196711613753e+01
2.515436087204555520e+02 4.925070665396856784e-01 2.650941521968065118e+01
2.515643801886206745e+02 5.166592282038396933e-01 2.662476527842693486e+01
2.516054264464881669e+02 5.044261782349406253e-01 2.714987741178978808e+01
2.516177906945415828e+02 4.883836981694352763e-01 2.716966840855551979e+01
2.516275087240869084e+02 4.814383995707948172e-01 2.718544263539466499e+01
2.516397160030034854e+02 4.649976396058903005e-01 2.729389190917812513e+01
2.516618533369412773e+02 4.670839234318607258e-01 2.745852793406359282e+01
2.516751055148880596e+02 4.794341145476418986e-01 2.743589860730890351e+01
2.516784686372150475e+02 4.683771616934392923e-01 2.759190132966915954e+01
2.516861390395128808e+02 4.551472405645734520e-01 2.779483782393920066e+01
2.516987481125632655e+02 4.580874833513144950e-01 2.770495893617096073e+01
2.517064817710804334e+02 4.705067877437560941e-01 2.780471165120989241e+01
2.517205808795191615e+02 4.663025919821570664e-01 2.808177857746133910e+01
2.517284621358813865e+02 4.651112665183659844e-01 2.801729354751420686e+01
2.517286882182948773e+02 4.725509007568489683e-01 2.791581534338170201e+01
2.517093927285804398e+02 4.681241368161739302e-01 2.784572393814478986e+01
2.517391477512999813e+02 4.511386705182675594e-01 2.832668674465924141e+01
2.517372219508452247e+02 4.733404320868344062e-01 2.819219933674682466e+01
2.517279607717727288e+02 4.677199998594306352e-01 2.826023140062154937e+01
2.517281528832536139e+02 4.552151824297651084e-01 2.848870115067748543e+01
2.517393492340726198e+02 4.604431918151137837e-01 2.856264532823535163e+01
2.517389661825223186e+02 4.724794446572508355e-01 2.843160187004126982e+01
2.517274687789558243e+02 4.816609677498708275e-01 2.834456365508492226e+01
2.517253965520674797e+02 4.737738543302982275e-01 2.837888366829844244e+01
2.517170069031277819e+02 4.914633389209660530e-01 2.817112915865714129e+01
2.516661606169121228e+02 4.531886405887045610e-01 2.767153153849668001e+01
2.516680196469131658e+02 4.799835065265189993e-01 2.761751072720052491e+01
2.516744319532934924e+02 4.798874507860756422e-01 2.768606758341328344e+01
2.516816021628941371e+02 4.829389776623547181e-01 2.780313375996139058e+01
2.516707244359946571e+02 4.955222796604312197e-01 2.765692403748048278e+01
2.516746943494624986e+02 4.777191681572877657e-01 2.783231479106119366e+01
2.516711742579987003e+02 4.904266397710593250e-01 2.760848383042178966e+01
2.516525722438738057e+02 5.104437189502747385e-01 2.724905964944340298e+01
2.516378019166634488e+02 5.149677100428619037e-01 2.706101179494207898e+01
2.515978966135665758e+02 4.760487354027488349e-01 2.706307113630426642e+01
2.516060320662175513e+02 4.987600609602528268e-01 2.710249733211038148e+01
2.516235247536814654e+02 5.031141973898609621e-01 2.714612889508956073e+01
2.516440326542661126e+02 4.834356561251348383e-01 2.757852966775256576e+01
2.516373837227690728e+02 4.481492284498360679e-01 2.783703675069201111e+01
2.516513914611132350e+02 4.821845886764338784e-01 2.765420402004987821e+01
2.516811148557231093e+02 4.792572314158499158e-01 2.771168518082493293e+01
2.516834834497130657e+02 4.711510640516077264e-01 2.797095953827645687e+01
2.516436191460176133e+02 4.530832135565106555e-01 2.770526818879872977e+01
2.516755846221788033e+02 4.646216165243987617e-01 2.795406075642724275e+01
2.517062217177343371e+02 4.587751018835125039e-01 2.830687466248707196e+01
2.517147929354517260e+02 4.507673330826512670e-01 2.862114678839974502e+01
2.516808348883820656e+02 4.317717247042479056e-01 2.855831579144658861e+01
2.517218553751972365e+02 4.402433724467622600e-01 2.878617640753873630e+01
2.517108698784426224e+02 4.555150637657833235e-01 2.869072862964772241e+01
2.517219373740000492e+02 4.571936964006039772e-01 2.883186145482276075e+01
2.517131213312857199e+02 4.673053201994679662e-01 2.866026958863543328e+01
2.516754686524433851e+02 4.465900797848351145e-01 2.848176053772472116e+01
2.516779192452361542e+02 4.664326186551961961e-01 2.854428345346157769e+01
2.516706447800147828e+02 4.701905066471743777e-01 2.830282040739347948e+01
2.516830383133548992e+02 4.643065068392858707e-01 2.866211104746442118e+01
2.516577428540971937e+02 4.353867004970298771e-01 2.879513419104081251e+01
2.516801308700893003e+02 4.519000879730012965e-01 2.902843367058269664e+01
2.516880203263318094e+02 4.636505164167460391e-01 2.891964703029621475e+01
2.514654603471360872e+02 4.672643207980591851e-01 2.881512081352183685e+01
2.514609949266169338e+02 4.593420650344219314e-01 2.865982679510021924e+01
2.515006823471806001e+02 4.894953676533465581e-01 2.873549294751725114e+01
2.515218895804121360e+02 5.298282359363267746e-01 2.874143786072151840e+01
2.515624836734526468e+02 5.114944750378073168e-01 2.909362154741112150e+01
2.515598351121216467e+02 5.215498710861679044e-01 2.893692066381544947e+01
2.515754125418340266e+02 5.426680770460751146e-01 2.894641963941612062e+01
2.515717190814728497e+02 5.052941941333370934e-01 2.920567876851855260e+01
2.515713465726257425e+02 5.074460770015615241e-01 2.896949878817483537e+01
2.515762032445754812e+02 4.985468640729273648e-01 2.906008872270464849e+01
2.515768861774618017e+02 4.936562211905992092e-01 2.892824870471176979e+01
2.515796284517103061e+02 4.819128212156674196e-01 2.906916481876507419e+01
2.515864894086832066e+02 4.769706362287110535e-01 2.918689284279306762e+01
2.516176102971753892e+02 4.691502932628612288e-01 2.933259885834238290e+01
2.516120027504741188e+02 4.780495061914953325e-01 2.913862366180882191e+01
2.516249855037830798e+02 4.652354361340609867e-01 2.932524005149524982e+01
2.516021980364801038e+02 4.820030198987665937e-01 2.898217931732482455e+01
2.516162620025747572e+02 4.696048009127637979e-01 2.925842742695956744e+01
2.516107985394841933e+02 4.761635337266932888e-01 2.917890850222158150e+01
2.516075256158403022e+02 4.801475041321539572e-01 2.907918390105790252e+01
2.516061199220777098e+02 5.008463447862232520e-01 2.890329529760294136e+01
2.515755894249658127e+02 5.200481215831391779e-01 2.843267488294670997e+01
2.515563443059445490e+02 5.214702151062879931e-01 2.830489029145888580e+01
2.515487746450330349e+02 5.138618976162947494e-01 2.808932363873201865e+01
2.515622341628098013e+02 4.974855652821754681e-01 2.830596799001020258e+01
2.515543037071658716e+02 5.010712557882369689e-01 2.820849015604372312e+01
2.515647011553631387e+02 4.923266691734872191e-01 2.825650631215069808e+01
2.515677257397756250e+02 4.990903989944603936e-01 2.831861689105053514e+01
2.515775304537696684e+02 5.029888563626970788e-01 2.815721747605342173e+01
2.515927377174579078e+02 4.840893037247370745e-01 2.834997089042499852e+01
2.515523041077885864e+02 4.667535853976532145e-01 2.810988425283276726e+01
2.515487043603449138e+02 4.825711544611448467e-01 2.814854668836120766e+01
2.515608132406981099e+02 4.870225180426651646e-01 2.807634908530335593e+01
2.515670416354778354e+02 4.824235566160733901e-01 2.818080267456666732e+01
2.515677913388178695e+02 4.846340100577388732e-01 2.814902111000607832e+01
2.515664172731649444e+02 4.980818137198054218e-01 2.796789395446255000e+01
2.515451151556044351e+02 5.023808938103789812e-01 2.775612150348319318e+01
2.515261488325127459e+02 4.706778138182039495e-01 2.776390436128204087e+01
2.515260808906475631e+02 4.979201589371081149e-01 2.739199879110336511e+01
2.515332452431908905e+02 4.936948777690702839e-01 2.758854992145685969e+01
2.515382448273398097e+02 5.034550781272879583e-01 2.734224777461106370e+01
2.515174675021173130e+02 4.729597233594675099e-01 2.738154160092119938e+01
2.515446711906577661e+02 4.807250099862827586e-01 2.741958787401704001e+01
2.515393459541205061e+02 4.660003678232012003e-01 2.757727157183505184e+01
2.515537566580099451e+02 4.774684861029600547e-01 2.751480956949457024e+01
2.515513482360300372e+02 5.107799140418264328e-01 2.719798142375692862e+01
2.515201043493336499e+02 4.691924640757387799e-01 2.726678544778960500e+01
2.515365673661164578e+02 4.989920004310794410e-01 2.718529269472665533e+01
2.515353783834756030e+02 4.982223830960639255e-01 2.721493174771076795e+01
2.515241703185419340e+02 5.126928289704113517e-01 2.678802372342506644e+01
2.515322963999011279e+02 5.080516967309419707e-01 2.688349024389958331e+01
2.515339434044262816e+02 4.742307048031384475e-01 2.691440027832736348e+01
