2.508582705212392625e+02 5.246450386311233283e-01 2.653250610142523769e+01
2.508454653937947398e+02 6.410822557519697540e-01 2.570495957103497275e+01
2.508340299969886189e+02 7.085889639487794600e-01 2.473602739910737114e+01
2.506242218716431012e+02 5.448685103533208451e-01 2.378321849619531747e+01
2.504343506870002614e+02 4.051290176143539923e-01 2.333677844747380803e+01
2.502419052177860408e+02 3.582233278948622202e-01 2.262409265177154793e+01
2.497903851426362678e+02 3.596638485498159232e-01 2.237651636710129566e+01
2.496408035902898632e+02 4.049919321854114074e-01 2.268610807725325884e+01
2.496048905788600791e+02 4.326697050191245508e-01 2.293567322429423427e+01
2.495916708241755657e+02 4.487266786223139126e-01 2.304506290198616725e+01
2.495261237634220208e+02 4.498638134919029641e-01 2.304212680177446870e+01
2.493390954159531532e+02 4.709659803406011092e-01 2.256019735807163329e+01
2.492012436569897886e+02 4.827553272296608022e-01 2.212181725838131285e+01
2.490112938167729624e+02 4.762977046056209307e-01 2.186093919249940498e+01
2.487172073675552610e+02 4.903085096341841531e-01 2.133430304419544399e+01
2.485130130028900339e+02 4.838857201929084306e-01 2.092216806224127978e+01
2.484610418942060051e+02 4.851576931893262223e-01 2.089040132321148491e+01
2.484437151949085205e+02 4.791000903415449930e-01 2.106313795288755841e+01
2.484760055553308291e+02 4.673062488482576660e-01 2.144760752216963695e+01
2.485228134874083707e+02 4.767943583727735080e-01 2.158556265703023413e+01
2.485641593516982937e+02 4.866499017928976323e-01 2.159107866006858600e+01
2.485928495341342739e+02 4.627813060420964408e-01 2.149209062021043692e+01
2.485767127813060426e+02 4.671714107214289258e-01 2.161212689166655565e+01
2.485723631280647510e+02 4.811114257334070388e-01 2.127505292396477898e+01
2.486228892214896007e+02 4.674152430007775805e-01 2.160591871957714716e+01
2.486738872483583407e+02 4.641386765188391106e-01 2.159408217934369745e+01
2.485944608497498791e+02 4.567135903348030768e-01 2.118809019771763857e+01
2.483341682060686253e+02 4.578911766424407226e-01 2.064363069634903169e+01
2.472095496856024397e+02 4.794472985181290059e-01 1.922632017762676071e+01
2.462224638071994605e+02 4.776202418995995069e-01 1.800972519989752385e+01
2.463050757565542597e+02 4.707569812440165480e-01 1.821210599175689637e+01
2.463576277928347054e+02 4.698794097685728421e-01 1.835750194391632917e+01
2.461961052007065405e+02 4.746852653389606047e-01 1.782917470077172339e+01
2.458856819887724896e+02 4.559304055481394613e-01 1.739074965503912651e+01
2.448400628795131411e+02 4.791180687584554732e-01 1.647567744922220712e+01
2.438580053395898233e+02 4.693816323503633980e-01 1.573698587345891298e+01
2.431248657236986901e+02 4.486525176525580916e-01 1.531436722714381382e+01
2.421164641847462065e+02 4.584147980349590479e-01 1.450503845133916769e+01
2.411979300100229580e+02 4.485929641465420947e-01 1.386228532646557809e+01
2.397957887805689268e+02 4.379396284760145308e-01 1.294919861206621370e+01
2.398880967148937771e+02 4.492368162021493361e-01 1.344963009407206656e+01
2.400220359208769878e+02 4.620857660378715481e-01 1.345614839385318007e+01
2.395029361002116843e+02 4.572619320505733054e-01 1.300798241710826098e+01
2.391374090404469541e+02 4.582687233975612506e-01 1.281988884843745069e+01
2.389933648405089741e+02 4.594620408199955874e-01 1.275901617608061578e+01
2.388479722593027077e+02 4.694344439500379718e-01 1.266264062492977160e+01
2.388696677139094504e+02 4.804540898651169512e-01 1.263713262228694489e+01
2.389320955193290388e+02 4.868117075450921205e-01 1.266074614924782793e+01
2.393246564998719066e+02 4.936277748562850065e-01 1.269054986988120781e+01
2.401985446471510954e+02 4.744987392635141576e-01 1.285384221242398439e+01
2.411429845969913117e+02 4.380632300922742139e-01 1.313776748513409665e+01
2.414299426039040100e+02 4.464681399979325005e-01 1.331933376481533848e+01
2.414432612398815081e+02 4.526437262066888567e-01 1.326543559456871968e+01
2.416065783027475504e+02 4.617610308824256493e-01 1.348248677462706091e+01
2.418471104189420657e+02 4.758572333913137498e-01 1.376785818624741076e+01
2.421638350660032586e+02 4.912242852455627196e-01 1.402463267846949790e+01
2.426380113174134578e+02 4.786809684973189483e-01 1.423230361950478517e+01
2.426388338299871066e+02 4.791854878218698710e-01 1.425283384796551722e+01
2.426161518097523810e+02 4.866476544907837876e-01 1.414908714588136895e+01
2.426757232941853317e+02 5.001640530543083329e-01 1.420793724633577426e+01
2.426082266988480285e+02 3.850055508362211221e-01 1.375115174233332915e+01
2.426031668981387952e+02 4.101472432344969721e-01 1.390587961652036775e+01
2.422656783031970065e+02 4.151452431356156825e-01 1.368724521212284628e+01
2.411803864460714806e+02 4.672253459721604218e-01 1.302751034882623493e+01
2.409492705257338514e+02 4.966503961993626870e-01 1.288436844068695564e+01
2.413178247014459146e+02 4.673410820310217595e-01 1.325364400037754642e+01
2.439118585637941692e+02 3.343659686546301413e-01 1.429326393664405792e+01
2.451954883162763110e+02 3.701598730723766328e-01 1.483386032567902291e+01
2.457752529338528973e+02 3.921092728179820242e-01 1.532783081410766357e+01
2.462377623163392286e+02 4.077774631554818563e-01 1.589144968964757787e+01
2.473235822894615126e+02 3.806817415692461126e-01 1.682885333656944837e+01
2.488544737043179680e+02 3.353109591934882450e-01 1.882931178620066603e+01
2.495846064299807949e+02 3.476160619176678623e-01 2.050099443118536158e+01
2.497584700816669567e+02 3.872933043880821269e-01 2.094730188908215851e+01
2.497933549523796728e+02 4.011850024046132446e-01 2.083032531945399413e+01
2.498719869296909053e+02 4.108315467281528632e-01 2.107745102005042881e+01
2.499998921294985337e+02 4.096202508888079907e-01 2.172670558993927870e+01
2.501045366287771401e+02 4.210927281798201305e-01 2.242060169266795100e+01
2.501523333737847850e+02 4.596968838908889743e-01 2.216580033170179220e+01
2.502005492406366045e+02 4.362372971248016928e-01 2.224046357348003866e+01
2.501780930742643534e+02 4.760898291600932919e-01 2.188901473780726192e+01
2.493418764523189850e+02 4.741976007802632953e-01 1.945227966326424962e+01
2.491610495350331860e+02 4.984201466139899228e-01 1.883755601400518742e+01
2.489938311556975918e+02 4.649151193991613029e-01 1.884827564508807285e+01
2.488356109740256841e+02 4.610216684869813952e-01 1.862004188971140195e+01
2.489105596231723894e+02 4.626779301448610826e-01 1.900871391394630905e+01
2.490100342039381758e+02 4.494312078349940731e-01 1.943128649056807333e+01
2.490712922886075376e+02 4.530010472427850599e-01 1.956632125633177210e+01
2.490543588671799569e+02 4.505885684236074495e-01 1.961658778636247291e+01
2.490631930117893376e+02 4.426634575192481269e-01 1.975293610021169499e+01
2.490679954964065530e+02 4.759089213399314011e-01 1.953800187874456640e+01
2.490760149939997063e+02 4.561742378274881160e-01 1.966814314415544018e+01
2.491162428254880012e+02 4.460962114980965287e-01 1.971690285811882859e+01
2.491126943354502998e+02 4.790821119246344573e-01 1.948323512623095866e+01
2.490201324559865839e+02 4.551371079019637111e-01 1.929546516906453846e+01
2.489339708929430230e+02 4.418656652688447428e-01 1.920031327391466647e+01
2.488326827393713927e+02 4.386475286418654584e-01 1.922254808102872659e+01
2.488128143413831594e+02 4.782449918872393457e-01 1.906423351266804289e+01
2.485381400878245586e+02 4.660983239620835050e-01 1.847069293313377258e+01
2.482804767876164647e+02 4.644881319975369682e-01 1.810008247598757691e+01
2.481716635429167184e+02 4.669837609949256119e-01 1.802040999779764263e+01
2.480789072718201851e+02 4.673410820310217595e-01 1.792288607526664279e+01
2.480100802736315018e+02 4.689737470167064659e-01 1.788641685656369518e+01
2.479882690829658998e+02 4.733818301129494310e-01 1.796839057211817092e+01
2.479972875063486413e+02 4.720289542404343397e-01 1.801669745470562489e+01
2.478771231386720331e+02 4.657544867386702037e-01 1.755634323494644633e+01
2.478347143004822613e+02 4.816080795005595605e-01 1.754442129723267385e+01
2.478204012333193873e+02 4.521628035543330260e-01 1.791409238209529420e+01
2.479030716125291463e+02 4.457063045813500768e-01 1.822184692276921680e+01
2.479423038891810336e+02 4.563180651627720685e-01 1.824259963413921426e+01
2.479235141962074636e+02 4.614677579565731325e-01 1.806165248619032937e+01
2.478564030131826712e+02 4.599306033107254943e-01 1.787541069446129782e+01
2.477629253581075943e+02 4.592462998170696031e-01 1.761651587269482988e+01
2.477604286054591398e+02 4.564450377322024632e-01 1.771009016176080664e+01
2.477884356080525379e+02 4.565180750509014174e-01 1.798070016944657823e+01
2.478652405287452325e+02 4.566708915946406377e-01 1.835405795342690993e+01
2.478892439626228850e+02 4.978515791791953693e-01 1.831159180903325634e+01
2.478898091591044874e+02 5.015573803648719631e-01 1.824567169612879880e+01
2.478547703481969791e+02 4.846655340264012790e-01 1.812767260403884961e+01
2.478505195762487006e+02 4.746302064371721863e-01 1.838238744387362900e+01
2.480268429000984440e+02 3.969510852221907471e-01 1.818490464697131159e+01
2.480450820040541373e+02 4.130855907483066414e-01 1.815987869063189564e+01
2.480483169954469531e+02 4.204028064308797386e-01 1.849234456534929905e+01
2.480915034001681079e+02 4.752145049867633753e-01 1.824856959220455721e+01
2.481313480666459839e+02 4.777247414478917875e-01 1.835400401817618032e+01
2.481249207826004977e+02 4.709513728768613405e-01 1.851588842594465234e+01
2.481115459640701317e+02 4.696715343230452033e-01 1.844878960308150084e+01
2.480682741618686862e+02 4.710929529100315039e-01 1.817750877571475598e+01
2.480460955373074512e+02 4.663814840284238872e-01 1.817506708196809839e+01
2.480354635510070125e+02 4.567338160538274017e-01 1.834913860909977501e+01
2.480458483340749467e+02 4.608250295520228135e-01 1.842765485035215178e+01
2.480821422632130009e+02 4.520965081419755505e-01 1.871496905464989169e+01
2.481081884947120955e+02 4.567506708196809595e-01 1.882846342965270026e+01
2.481312132285191581e+02 4.583350188099186706e-01 1.884092359622273349e+01
2.481635283092647342e+02 4.669938738544377466e-01 1.905073733982354156e+01
2.482153432304518503e+02 4.458512555676910072e-01 1.946917038595166360e+01
2.482430513418640885e+02 4.758224002085496562e-01 1.936440565600996067e+01
2.482031426272759518e+02 4.777337306563470554e-01 1.901790875054497221e+01
2.481953759511706323e+02 4.812979518088534858e-01 1.887437131723365979e+01
2.482559958020396493e+02 4.615947305260035272e-01 1.899040514362507892e+01
2.482814206545042737e+02 4.854745627873737757e-01 1.889140361995424655e+01
2.483274824822800326e+02 4.496806583696272841e-01 1.917698627797329181e+01
2.483308523117996742e+02 4.580473641393507100e-01 1.906007600375749078e+01
2.483579188184584439e+02 4.996595337297574102e-01 1.883618965431998760e+01
2.483439844217017480e+02 4.645094813676181600e-01 1.897475942630871515e+01
2.483266745771701096e+02 4.611351572437288882e-01 1.887064079572473219e+01
2.482987664558697247e+02 4.652252470908674331e-01 1.863142335126680393e+01
2.483052476751659583e+02 4.505537352408433560e-01 1.887856927758226178e+01
2.482929021210037490e+02 4.840239292729078824e-01 1.884173599593687953e+01
2.482925391817123568e+02 4.662151836720017650e-01 1.877998799940671049e+01
2.483107434524852977e+02 4.606856968209664394e-01 1.895741474859431364e+01
2.483406291996458322e+02 4.588148178112176345e-01 1.903508375694978128e+01
2.483391403619954190e+02 4.642229503481071218e-01 1.903248025745093130e+01
2.483673091703410023e+02 5.043204383138042424e-01 1.893836661587763714e+01
2.483638247284135332e+02 4.730537240043328207e-01 1.903259599350979059e+01
2.483127986102683735e+02 4.754055256664374562e-01 1.886067513450103306e+01
2.483243789580608620e+02 5.046114639375429700e-01 1.870103802884636934e+01
2.483112760630862681e+02 4.760145445392806041e-01 1.884435635020158273e+01
2.483688159864083218e+02 4.701591988817424572e-01 1.878441855552409478e+01
2.483863426955939531e+02 4.719536696196216519e-01 1.892687728382077239e+01
2.484228051723905537e+02 4.790607625545532655e-01 1.898837133521207932e+01
2.484618711486860150e+02 4.902894075662167506e-01 1.914913433922576047e+01
2.485298700160457486e+02 4.592856276040613306e-01 1.928300500249450522e+01
2.485577331913038392e+02 4.840183110176233261e-01 1.936271119021614595e+01
2.485973216653407576e+02 4.716817460638503268e-01 1.931619765471551275e+01
2.486157697683930508e+02 4.950963867876614355e-01 1.924577731932814828e+01
2.485863795513486139e+02 4.716626439958829242e-01 1.926010724125687190e+01
2.486243241238892665e+02 4.648353401741209812e-01 1.938167954370777935e+01
2.486939028446350051e+02 5.026709185622659781e-01 1.933963027385623690e+01
2.487094440624030938e+02 4.773393291353729695e-01 1.935767835713226148e+01
2.487207929380778353e+02 5.066317885378602837e-01 1.915685382198670439e+01
2.487560036675970423e+02 4.763482689031817152e-01 1.920114028109254889e+01
2.487118441810606271e+02 4.668590357276090064e-01 1.916701836944747939e+01
2.486889486671251177e+02 5.008640876627608041e-01 1.903525792286360385e+01
2.487160848401493922e+02 4.559326528502532505e-01 1.930219920984857751e+01
2.487242200738014049e+02 4.527549676613225604e-01 1.952327418434169815e+01
2.487542013313017719e+02 4.878758050959822734e-01 1.947377623163392357e+01
2.487491954658432576e+02 4.653836818898912098e-01 1.960363321332739872e+01
2.487585307588240369e+02 5.015214235310510027e-01 1.936998345985644221e+01
2.487448244632318790e+02 4.776191182485426401e-01 1.930082386095492453e+01
2.488168302702605388e+02 4.016737906143674763e-01 1.923040802017178308e+01
2.488411303480172023e+02 4.193207304630790500e-01 1.958869651982794480e+01
2.488150762509607148e+02 4.339102157859489606e-01 1.943967229840576394e+01
2.488383875157873035e+02 4.888589997707751822e-01 1.935647380319925759e+01
2.488476149382666165e+02 5.033788187281168502e-01 1.937807711841933767e+01
2.488635516812067010e+02 4.989898376998413432e-01 1.952530686910364111e+01
2.489072560890650720e+02 4.846947489538808718e-01 1.973124851116234879e+01
2.489291684083258076e+02 4.864892196917600664e-01 1.998305309475973957e+01
2.489352361240331106e+02 5.070059643398100446e-01 1.971292513337737873e+01
2.489510144321741620e+02 4.927198648023048411e-01 1.989672523135975268e+01
2.489615171986030759e+02 5.065744823339580760e-01 1.986712264426556018e+01
2.489751302311574932e+02 5.034428668383605920e-01 1.994988628651304197e+01
2.489909489907366265e+02 4.962807150016405044e-01 2.011712376791661683e+01
2.490333263666967696e+02 5.029720570455168405e-01 2.003434102360116853e+01
2.490531958883360630e+02 4.985875706214689118e-01 2.021817258381313209e+01
2.490623457788924497e+02 5.017933470868222168e-01 2.008651551312649275e+01
2.490952170669111752e+02 4.751897846635114719e-01 2.022159073032824139e+01
2.490875256754266616e+02 4.582282719595126008e-01 2.000239000579803772e+01
2.491163259756662001e+02 4.723323400257990468e-01 2.026223318905653770e+01
2.491490804039750344e+02 4.668017295237067987e-01 2.037192962348700220e+01
2.491970423256880167e+02 4.578282521832540142e-01 2.063371672307394888e+01
2.492522338183011357e+02 4.900444516358112290e-01 2.063146380270485380e+01
2.492863040419975960e+02 4.690310532206086735e-01 2.061695072565385090e+01
2.493215406154911022e+02 4.646454431455038225e-01 2.068838459429455057e+01
2.493706520322353128e+02 5.012854568091006380e-01 2.048025070902381728e+01
2.493922339980852882e+02 5.022562913222675673e-01 2.060107803082399514e+01
2.493931216824202579e+02 4.746223408797738408e-01 2.069745695292801102e+01
2.494318809019771663e+02 4.868667664468805389e-01 2.082138105704102315e+01
2.493908238160088899e+02 4.750695540004225004e-01 2.050053822885625721e+01
2.493410505687921557e+02 4.675714304976875124e-01 2.028627370341904523e+01
2.493507353172516332e+02 4.868622718426529050e-01 2.038421674779427306e+01
2.493153964915119332e+02 4.714761179204365327e-01 2.035468495071666339e+01
2.493781479084359205e+02 4.461074480086655858e-01 2.081232667682447257e+01
2.494204735964474651e+02 4.781034118540691824e-01 2.097144802664401553e+01
2.494160913573255414e+02 4.620576747614488777e-01 2.100079329764617597e+01
2.494288695171446761e+02 4.886814629037840030e-01 2.103037116441711873e+01
2.494441635316802319e+02 4.947626624237602688e-01 2.093457991181586664e+01
2.494651106346830716e+02 4.669264547910233487e-01 2.103275105735564310e+01
2.494622666738580392e+02 4.804844284436534108e-01 2.103507926234555470e+01
2.494708592334901880e+02 4.502761934297875301e-01 2.110789971639047380e+01
2.494848745331229907e+02 4.781584707558576008e-01 2.112882547002323719e+01
2.494451669520740325e+02 4.658421315211089264e-01 2.099278503656360684e+01
2.494611441464521704e+02 4.835407593184382069e-01 2.118996444768055909e+01
2.494876757952078492e+02 4.706052883513342500e-01 2.126663790119960851e+01
2.494961526187811671e+02 4.589653870528430657e-01 2.125094161958568861e+01
2.495373434192252091e+02 4.984403723330141922e-01 2.117067360633559403e+01
2.494956851799414892e+02 4.828193753399044330e-01 2.101629743492936697e+01
2.494321045085374919e+02 4.791337998732521641e-01 2.050153266004161878e+01
2.494063920014023097e+02 4.909456197834499713e-01 2.025476989873656564e+01
2.493557906233566541e+02 4.551775593400123054e-01 2.042361307750045896e+01
2.493615189964447723e+02 4.849059953525792221e-01 2.026877620916090095e+01
2.493481733928418862e+02 4.876892790205358263e-01 2.002616758581322998e+01
2.493528972218851152e+02 4.482727235953238298e-01 2.032777013695059054e+01
2.493331310761431041e+02 4.464231939556562168e-01 2.041389349585822188e+01
2.493635471866024886e+02 4.794225781948770471e-01 2.032346767705369572e+01
2.493435237247684029e+02 4.598407112261729823e-01 2.020435954137058587e+01
2.493592368611481902e+02 4.727188759893747316e-01 2.033647730899055617e+01
2.493756949781787000e+02 4.469692883693126562e-01 2.021695679336955820e+01
2.494135024652904065e+02 4.606340088723487325e-01 2.037542979652926789e+01
2.493616336088525713e+02 4.389936131673925490e-01 2.028586469443433060e+01
2.491184901276018024e+02 3.973623415090184463e-01 2.021722422232110361e+01
2.491046512411849676e+02 4.228793333603009796e-01 2.013978331513018460e+01
2.491413126042186263e+02 4.516077199322213742e-01 2.029152677211008182e+01
2.491417924032199380e+02 4.776797954056155593e-01 2.045151445689449687e+01
2.491716275860829057e+02 4.780101488163459589e-01 2.051130730058564566e+01
2.492223188562131213e+02 4.718750140456381970e-01 2.062169478041611015e+01
2.492343003474329066e+02 4.733739645555510855e-01 2.077216401709747373e+01
2.492556530884672839e+02 4.809619801428385300e-01 2.076892902570464017e+01
2.492619062065989795e+02 4.951772896637586796e-01 2.031809550135062992e+01
2.492709044042626942e+02 5.088195371456566418e-01 2.012250942743236592e+01
2.492297372004908027e+02 5.043833627729910063e-01 1.996932882075068960e+01
2.492027572149634409e+02 4.939738593818121526e-01 1.999437949741335530e+01
2.491973547006818421e+02 4.919996044748279895e-01 1.991704308977072913e+01
2.491838652697436771e+02 4.930625783746612201e-01 1.985390288958105742e+01
2.491977108980668731e+02 4.743099658859539214e-01 1.998564198679485315e+01
2.491810954698883904e+02 4.802743056960119272e-01 1.993265734485749974e+01
2.491196935578837497e+02 4.467288270431347130e-01 1.984825204841587620e+01
2.490914966582617467e+02 4.266817685368715085e-01 2.017971000813523474e+01
2.491127359105393850e+02 4.559349001523670952e-01 2.025164614879836833e+01
2.491144550966564566e+02 4.482951966164619440e-01 2.028832436659789806e+01
2.491231072097946537e+02 4.744863791018881782e-01 2.019102405062722028e+01
2.491283569075325204e+02 4.442039831182665321e-01 2.038545725856109669e+01
2.491249286481578906e+02 4.747571790066025810e-01 2.024111192013987193e+01
2.491071614776460876e+02 4.501896722984057853e-01 2.035894471187339505e+01
2.491073446327683598e+02 4.524448399696164858e-01 2.015261316289793925e+01
2.491445970362579772e+02 4.707007986911712627e-01 2.027708897967989543e+01
2.491267590757295807e+02 4.468310792893132044e-01 2.028010710641874326e+01
2.491620776757502540e+02 4.743021003285555759e-01 2.032110239157891129e+01
2.491645317296585347e+02 4.524684366418115222e-01 2.046642867737281435e+01
2.491667217255684648e+02 4.759190341994435913e-01 2.038237058910777577e+01
2.491738996085199744e+02 4.609452602151117850e-01 2.028785805140928389e+01
2.491887127004031584e+02 4.797798992309731947e-01 2.039559034379227853e+01
2.492285056789324358e+02 4.594317022414591278e-01 2.045916427328991460e+01
2.492705515778308154e+02 4.813125592725932544e-01 2.049950896448813253e+01
2.492897469088359514e+02 4.871454319089932317e-01 2.053937835128927603e+01
2.491929567304451041e+02 4.603766927803172315e-01 2.004219983909316838e+01
2.491138865292216735e+02 4.466400586096391234e-01 2.015112994350282349e+01
2.491216262377016335e+02 4.804383587503202602e-01 1.983236586977333715e+01
2.490440167828521965e+02 4.519290841344965615e-01 1.985619626138820237e+01
2.490463730791185242e+02 4.594126001734917253e-01 1.978900417548732804e+01
2.490841457330474782e+02 4.682692178040262498e-01 2.006300311476072906e+01
2.490702338093119295e+02 4.486098189123956526e-01 2.023998714543190758e+01
2.490387558486037562e+02 4.738155594209151888e-01 2.005181492118711617e+01
2.489682343846212689e+02 4.598485767835713278e-01 1.988066039219916448e+01
2.489239299470985145e+02 4.486929690906067414e-01 1.996364876465802851e+01
2.489153092961899176e+02 4.829508425135624616e-01 1.984704187622758909e+01
2.488997242560306233e+02 4.584765988430888894e-01 2.012850522947201881e+01
2.489284234276750851e+02 4.866622619545236117e-01 2.011617428277353170e+01
2.489503143975657338e+02 4.705974227939359045e-01 2.007920953395448649e+01
2.489737751079828740e+02 4.874746616686667644e-01 2.016583853583772523e+01
2.489648297219188464e+02 4.657612286450116823e-01 2.033143885765138847e+01
2.489629700794196481e+02 4.594496806583696080e-01 2.035824804821811540e+01
2.489624082538911978e+02 4.847262111834742537e-01 2.033967072529428322e+01
2.489714356664823924e+02 4.973099793697666193e-01 2.028910418043139074e+01
2.489612947156938105e+02 4.701558279285717457e-01 2.028018688564378635e+01
2.489714783652225378e+02 4.807765777184490052e-01 2.041617113655057025e+01
2.489482547451784171e+02 4.595665403682878680e-01 2.037533316253837157e+01
2.489569911321458449e+02 4.823867696829955420e-01 2.039701850428560448e+01
2.489384441478005670e+02 4.595103578154425827e-01 2.033259059998471940e+01
2.489587339149351237e+02 4.729851812898615004e-01 2.036814966133157156e+01
2.488884989819721341e+02 3.951420070205717838e-01 2.029916198104175962e+01
2.488799862015650319e+02 4.206443914081145485e-01 2.036979468647888325e+01
2.489201275119219474e+02 4.537269258255464122e-01 2.061748333625482488e+01
2.489333506375596130e+02 4.810215336488545268e-01 2.062184197870456615e+01
2.489562461514951224e+02 4.754572136150551076e-01 2.061122010526363013e+01
2.489639229355159102e+02 4.747762810745699835e-01 2.055823658697733336e+01
2.489570349545370789e+02 4.840340421324200171e-01 2.062004413701351524e+01
2.489329899455703412e+02 4.852352251122527549e-01 2.034195735519508830e+01
2.489099168947678322e+02 4.990696169248816649e-01 2.019426466027534062e+01
2.488987646580280284e+02 4.941311705297790069e-01 2.027869018243598731e+01
2.488819784348889073e+02 4.906939219467029711e-01 2.021134415634031356e+01
2.488846527244043614e+02 4.997977428097568620e-01 1.997183793356076009e+01
2.488864977594398056e+02 4.950222258179056145e-01 1.999766392945269189e+01
2.488603324209286711e+02 5.069958514802979099e-01 1.963255037327688157e+01
2.488697643479003432e+02 4.949548067544912167e-01 1.992226581988322920e+01
2.488236609450354990e+02 4.660455123624089313e-01 2.002387421400608503e+01
2.488385448269352764e+02 4.948401943466868014e-01 1.992338048173168019e+01
2.488259003815919073e+02 4.994808732117093641e-01 1.978138582132150347e+01
2.487737124082538855e+02 4.724514470378310960e-01 1.971243971612079804e+01
2.487990192773575302e+02 4.594137238245486476e-01 1.976656149292773890e+01
2.488122120644166557e+02 4.862734786888340821e-01 1.968428214428578471e+01
2.487739899500649585e+02 4.729975414514874799e-01 1.950307992754698105e+01
2.487782013942262438e+02 4.636397754495727996e-01 1.942600982520484010e+01
2.488274543910036130e+02 4.935704686523827989e-01 1.945907775215853519e+01
2.488084163711464498e+02 4.574259851048815828e-01 1.960410177581812974e+01
2.488355222055921843e+02 4.886117965382558159e-01 1.970936203587593027e+01
2.488309882735775602e+02 4.744324438511566822e-01 1.957756450880717836e+01
2.488301286805190387e+02 5.003775467551204725e-01 1.948886911263028665e+01
2.488243845763161346e+02 4.816316761727545970e-01 1.939209578900529962e+01
2.488163718206293424e+02 4.689962200378445800e-01 1.940860334668230891e+01
2.488274307943314057e+02 4.925030001483219344e-01 1.938233238497184274e+01
2.488768882956011339e+02 4.895028518263824235e-01 1.948225417885828037e+01
2.489054840913483417e+02 4.690692573565434786e-01 1.959416420587085028e+01
2.489367249616834954e+02 4.884724638071994418e-01 1.979919456692240942e+01
2.489118832841174083e+02 4.704592137139363972e-01 1.974363676406473900e+01
2.489151385012292792e+02 4.830148906238061479e-01 1.976924140069846203e+01
2.488816593179887491e+02 4.737470167064439241e-01 1.961331571448475941e+01
2.488796109021120060e+02 4.957570936091222347e-01 1.947195928787490615e+01
2.489346956478747188e+02 4.571495669448826793e-01 1.978822323800277871e+01
2.489749268503161943e+02 4.964571282175748168e-01 1.969449388509094945e+01
2.489880387344992414e+02 4.743380571623765918e-01 1.964384419004984395e+01
2.490057665772240512e+02 4.853936599112765315e-01 1.965152434502379819e+01
2.489687681188732995e+02 4.576417261078075671e-01 1.944753336119988063e+01
2.488960173311938888e+02 4.468827672379308558e-01 1.917753349603800572e+01
2.489160239382621285e+02 4.744054762257909341e-01 1.919031165585714405e+01
2.488806390428290740e+02 4.564776236128527676e-01 1.921748490936630560e+01
2.489123451047018136e+02 4.739953435900201573e-01 1.930780510497148228e+01
2.489154441343167434e+02 4.565641447442345680e-01 1.931240420874739883e+01
2.489636274152879594e+02 4.804102674738975898e-01 1.926692555587017708e+01
2.489174161419216205e+02 4.469131058164673154e-01 1.924316595427189824e+01
2.488987017335688563e+02 4.441140910337140202e-01 1.930858828975814490e+01
2.489355911977670814e+02 4.703344884466198472e-01 1.943698003047341771e+01
2.489509582496213227e+02 4.496368359784079227e-01 1.973102939920625332e+01
2.489758931902251220e+02 4.770370670010652403e-01 1.970260889302392471e+01
2.489876510748846101e+02 4.681714601620754479e-01 1.977645748778591184e+01
2.489994359271694293e+02 4.887612421288243247e-01 1.983426933466373754e+01
2.490271350493732143e+02 4.674624363451676534e-01 1.975787117565362649e+01
2.490228741645654509e+02 4.980718147863489875e-01 1.947238739892758730e+01
2.490102600578006218e+02 4.980931641564301793e-01 1.963138177617769742e+01
2.490008045341567424e+02 4.755235090274125831e-01 1.976894812777261023e+01
2.488902383938082323e+02 3.815930225763970451e-01 1.926372989226433674e+01
2.488548961971153517e+02 4.113428079590451536e-01 1.910876829865746274e+01
2.489066560594006887e+02 4.555449932356206433e-01 1.914997483021632618e+01
2.488743432259572330e+02 4.756628417584689572e-01 1.881489197218738951e+01
2.487933302320564053e+02 4.819665241877126305e-01 1.839203286454611330e+01
2.487979900129894020e+02 4.748740387165208410e-01 1.858000620255383240e+01
2.487320294486468981e+02 4.756538525500136894e-01 1.853190944271402074e+01
2.486770469551303790e+02 4.759819586586302997e-01 1.825163154133462839e+01
2.486389192274674258e+02 4.732503629392914024e-01 1.827185501305682536e+01
2.486057276988974820e+02 4.753965364579821884e-01 1.818005496900970286e+01
2.485607142375578178e+02 4.778989073617122552e-01 1.807294855026540503e+01
2.485383850437549711e+02 4.733874483682339318e-01 1.799028716026410279e+01
2.485359995325611635e+02 4.687568823627235592e-01 1.809155733541883038e+01
2.484765359186296791e+02 4.463063342457380123e-01 1.801142528394662179e+01
2.485098791400923233e+02 4.660286575965553180e-01 1.817873018441361310e+01
2.484107439019457217e+02 4.511267972798655435e-01 1.805228011272467370e+01
2.482366723748140487e+02 4.560180503305781285e-01 1.774501323660944863e+01
2.481341335976160565e+02 4.543853853448934776e-01 1.750265069284324326e+01
2.480766161473151499e+02 4.472816633631325756e-01 1.768420348871180181e+01
2.480808186022679820e+02 4.755976699971684041e-01 1.777046056209520586e+01
2.480306779211556432e+02 4.567697728876483620e-01 1.773506892475582930e+01
2.480160513553479120e+02 4.641723860505463373e-01 1.773633977410119300e+01
2.480575095847435136e+02 4.562922211884632429e-01 1.788802255392401364e+01
2.480538745735744328e+02 4.779584608677283075e-01 1.781592348385762747e+01
2.480458685597939734e+02 4.573428349266705495e-01 1.779699670545510060e+01
2.480390839547123676e+02 4.517245796421396342e-01 1.780544880870515101e+01
2.480232146308356960e+02 4.556742131071648272e-01 1.793365177604286131e+01
2.479980549600204824e+02 4.580518587435783440e-01 1.776353325332937771e+01
2.480338454934850745e+02 4.558641101357819858e-01 1.787849399296144881e+01
2.480668819582091658e+02 4.730919281402676257e-01 1.807927470571578965e+01
2.481196036657992181e+02 4.637948392954258647e-01 1.822177838005474371e+01
2.480983408168493725e+02 4.602283708408055896e-01 1.811364943884866108e+01
2.480837344767606396e+02 4.974257154286279570e-01 1.791727568553951144e+01
2.479554292571767462e+02 4.716221925578343299e-01 1.771548256318289916e+01
2.478993624403903198e+02 4.831238847763260069e-01 1.747934392262089531e+01
2.477512472526731528e+02 4.653005317116801209e-01 1.731566054951031219e+01
2.476883250407885271e+02 4.489896129696299698e-01 1.720758217260179279e+01
2.476490882695324274e+02 4.483300297992260375e-01 1.721854338866191014e+01
2.476803841987693886e+02 4.681692128599616032e-01 1.731023106760334329e+01
2.477088530219471636e+02 4.391936230555218423e-01 1.760879077167859919e+01
2.477336261567987492e+02 4.450444741088323553e-01 1.747435266462611736e+01
2.477429513369200151e+02 4.449017704246052696e-01 1.767367263100647534e+01
2.477808251194441027e+02 4.442242088372908571e-01 1.771573089006647450e+01
2.477951078480284366e+02 4.712884681939331633e-01 1.765064340259518616e+01
2.478061949130069479e+02 4.471445779341899907e-01 1.775521935915933014e+01
2.478403763781580267e+02 4.673332164736234140e-01 1.780324532898255541e+01
2.478643696991761374e+02 4.339169576922903837e-01 1.798444080381501919e+01
2.478978960757610537e+02 4.543067297709100227e-01 1.792237256673363532e+01
2.479227557317440471e+02 4.487098238564602992e-01 1.792502775418110517e+01
2.478852943291578583e+02 4.289875005056429935e-01 1.780248574086808944e+01
2.479081819775359747e+02 4.273784321921533236e-01 1.804236389214747760e+01
2.479126237701639184e+02 4.586114369699176296e-01 1.787562868276634021e+01
2.478288050195739913e+02 4.483199169397138473e-01 1.758625482608129076e+01
2.478107344632768445e+02 4.356945736643159650e-01 1.769699737964573671e+01
2.477799835048024875e+02 4.315572904727874026e-01 1.765412334991842158e+01
2.478079534269109843e+02 4.534336528996938953e-01 1.746158012306226226e+01
2.477724483008148582e+02 4.198083950217763594e-01 1.746070479888893345e+01
2.477499797742809733e+02 4.131327840926967143e-01 1.756904386284265840e+01
2.477046303412753048e+02 4.256390203560625474e-01 1.733199731222667239e+01
2.477259235288036621e+02 4.452287528821649576e-01 1.738238632022257235e+01
2.474511380337904427e+02 3.893529567753911680e-01 1.730622749888758705e+01
2.475004899118608250e+02 4.190667853242182606e-01 1.739418690362220232e+01
2.475630581736625118e+02 4.348462171163517964e-01 1.753673552400343283e+01
2.475720350219561396e+02 4.814608812121048409e-01 1.763445945642256518e+01
2.476021230263069128e+02 4.879353586019983258e-01 1.754413476621316192e+01
2.476186496860518957e+02 4.883342547271999901e-01 1.752945763610785335e+01
2.476739468018643606e+02 4.898152268202023429e-01 1.762736809460243137e+01
2.476755244079482452e+02 4.887769732436210157e-01 1.747466503961993567e+01
2.477203187573318246e+02 4.858813244699737854e-01 1.754860240281541905e+01
2.477204648319692240e+02 4.861105492855826715e-01 1.751263770343702220e+01
2.477328957836117809e+02 4.813777310338938076e-01 1.758089276323773475e+01
2.477833443451137043e+02 4.666286872609432534e-01 1.794290953710071079e+01
2.478577603836594108e+02 4.711716084840149588e-01 1.829091775323723823e+01
2.479228770860581790e+02 4.641499130294082232e-01 1.860813455946136585e+01
2.479675489574765379e+02 4.821890070969800934e-01 1.852636534839924565e+01
2.480040294126900733e+02 4.876701769525684238e-01 1.848253059701827894e+01
2.480221426677273939e+02 4.963166718354615203e-01 1.845366400136635932e+01
2.480290486271231316e+02 4.740447842365240749e-01 1.826085784016288471e+01
2.480315667291416730e+02 4.672320878785018450e-01 1.826578954465164628e+01
2.481009330798376595e+02 4.786832157994327930e-01 1.831094570967553281e+01
2.481022455042721333e+02 4.695063576176799480e-01 1.835641087874007127e+01
2.481650396199362660e+02 4.660432650602951421e-01 1.845388198967139814e+01
2.482476380854783713e+02 4.909501143876776053e-01 1.851574459860936983e+01
2.482726730310262440e+02 4.693939925119893775e-01 1.862902547991136615e+01
2.482851893801491201e+02 4.850385861772941731e-01 1.857764653533433119e+01
2.482841073041813331e+02 4.630981756401439942e-01 1.856239634318999876e+01
2.482808981567628166e+02 4.601249949435702313e-01 1.838961252016953551e+01
2.482952786429891034e+02 4.916209340686505946e-01 1.827770474045907889e+01
2.483325546431508997e+02 4.508492554688097176e-01 1.830689045301116025e+01
2.483452474054897152e+02 4.815136928117794701e-01 1.820154367182197674e+01
2.483417079046604670e+02 4.626532098216091793e-01 1.818991163608088613e+01
2.483456496725680722e+02 4.620441909487660315e-01 1.808028486801594781e+01
2.484186296850630811e+02 4.661736085828962484e-01 1.828946374876960235e+01
2.483921306221880627e+02 4.886387641636215640e-01 1.842312990754599156e+01
2.484300662055202622e+02 4.745672819779854223e-01 1.840943260116230462e+01
2.484458624920782484e+02 5.070475394289155613e-01 1.838633820098971228e+01
2.485034552269999892e+02 4.867690088049296815e-01 1.834361811145719656e+01
2.485809253491183881e+02 4.602081451217813202e-01 1.864004175487327331e+01
2.486510951103200568e+02 4.557742180512294738e-01 1.871490500653964872e+01
2.487112138128177037e+02 4.847947538979455184e-01 1.873842302316069564e+01
2.487245717765822235e+02 4.676006454251671052e-01 1.863280094746257021e+01
2.487285461303704892e+02 4.970020989801742783e-01 1.837072506955400186e+01
2.487312799733919348e+02 4.646094863116828066e-01 1.852018302028415064e+01
2.487505359815541510e+02 4.765752464166767566e-01 1.848526556369078833e+01
2.487684806889329252e+02 4.550393502600128537e-01 1.839745335724462905e+01
2.487420512924234401e+02 4.532954438196944436e-01 1.835804354372575631e+01
2.487710729519212123e+02 4.861532480257451105e-01 1.813158628067005651e+01
2.487515090633694115e+02 4.466984884645982534e-01 1.824829991595090206e+01
2.486887553991433322e+02 4.497424591777571257e-01 1.785328151054658719e+01
2.486660228146110683e+02 4.739942199389632904e-01 1.773798142829533120e+01
2.486209149665826317e+02 4.432028100265630877e-01 1.765135017910997917e+01
2.486145472360431370e+02 4.377216401709747573e-01 1.756543694294999014e+01
2.486133460530633101e+02 4.216051130617693432e-01 1.782208895720687281e+01
2.486286018634629045e+02 4.525796780964452259e-01 1.778812885131399923e+01
2.486107582846792354e+02 4.355777139543977605e-01 1.764952761709567497e+01
2.486276568729240637e+02 4.532437558710767922e-01 1.771984008198158023e+01
2.486501512434322478e+02 4.365361883059387105e-01 1.789768820031552110e+01
2.486610944810754802e+02 4.544786483826166457e-01 1.780381164911523584e+01
2.486836753727150437e+02 4.374755605895123134e-01 1.796907599926288412e+01
2.487457604645622951e+02 4.728514668140896826e-01 1.796175765992925477e+01
2.485992453559501882e+02 3.802199209848576844e-01 1.798222833488397043e+01
2.486688128401853533e+02 3.980084408667394769e-01 1.786985311633384299e+01
2.486679127956887783e+02 4.145328533096018231e-01 1.817642108149166802e+01
2.486785998408910245e+02 4.642162084417656431e-01 1.807053157684200073e+01
2.486930533644359969e+02 4.668230788937879905e-01 1.818299444017457134e+01
2.487527709235063185e+02 4.631644710525014697e-01 1.816072817083091806e+01
2.488008755489035480e+02 4.614553977949471530e-01 1.827784744414330476e+01
2.488342536035489445e+02 4.605486113920238544e-01 1.824129170430897773e+01
2.488536714174633460e+02 4.649499525819253964e-01 1.822442120734058690e+01
2.488586716646665593e+02 4.653533433113546947e-01 1.849770325723968512e+01
2.488765253563097417e+02 4.674040064902085234e-01 1.853715127489449088e+01
2.488913676631204339e+02 4.779730683314680761e-01 1.852414726121291366e+01
2.488993792951561659e+02 4.734526201295344849e-01 1.853477700021124619e+01
2.489282245414379986e+02 4.793158313444709773e-01 1.861748445990588152e+01
2.489329562360386490e+02 4.926063760455572926e-01 1.843211125044384247e+01
2.489518605414200181e+02 4.737773552849803838e-01 1.878266903082849026e+01
2.490012775912516929e+02 4.653758163324928643e-01 1.886864069684343903e+01
2.490041114392172119e+02 4.482457559699580818e-01 1.882495763835515490e+01
2.490274260749969528e+02 4.791911060771543718e-01 1.873968488329760262e+01
2.490369310392873388e+02 4.587429041435756583e-01 1.890110185222640382e+01
2.490366872070079864e+02 4.925468225395412958e-01 1.857151027691256573e+01
2.490226786492815449e+02 4.504290099735268060e-01 1.868913069859633680e+01
2.490291475084161448e+02 4.415117151859193068e-01 1.865204796641631546e+01
2.490412290045800034e+02 4.657724651555807394e-01 1.867350745430111303e+01
2.490335499732570952e+02 4.400543397651119903e-01 1.870589220141220466e+01
2.490847828431967343e+02 4.699917748742634682e-01 1.869270278530623841e+01
2.490934720368198043e+02 4.388340547173118500e-01 1.868524736054366642e+01
2.491493624403903198e+02 4.609104270323476915e-01 1.865580995015483978e+01
2.491136595517081673e+02 4.455973104288301623e-01 1.860575354287178129e+01
2.490950788578311688e+02 4.350507216087087237e-01 1.867089608924486299e+01
2.490805590388738437e+02 4.316258331872587228e-01 1.861361460566589798e+01
2.491019072853039802e+02 4.529280099240861612e-01 1.872159410128141133e+01
2.490658290971688587e+02 4.255536228757376693e-01 1.880650166974547233e+01
2.490498384189780268e+02 4.261030882425648203e-01 1.888822144016108595e+01
2.490459236186957526e+02 4.620116050681157271e-01 1.881832247886412190e+01
2.490595995757093704e+02 4.377081563582918555e-01 1.894749066245971747e+01
2.491106549087820099e+02 4.323955341612394365e-01 1.912861197632242494e+01
2.491409800035058026e+02 4.579473591952860634e-01 1.926455914674433245e+01
2.491647699436826144e+02 4.600946563650337717e-01 1.923014396217341115e+01
2.491413508083545594e+02 4.433061859237985014e-01 1.902099317269617984e+01
2.491411507984664411e+02 4.748594312527810168e-01 1.883803131840225831e+01
2.491604068066286288e+02 4.472928998737016326e-01 1.898727015717631161e+01
2.491884958357491939e+02 4.455905685224887391e-01 1.899101865710214909e+01
2.491788459204724688e+02 4.550427212131835653e-01 1.911453150492833331e+01
2.492054899343338263e+02 4.425151355797365404e-01 1.906142775597894712e+01
2.492132060461416074e+02 4.687557587116666369e-01 1.896094863116828222e+01
2.491985716147764549e+02 4.382823420483709098e-01 1.899814260480293271e+01
2.492063079523032627e+02 4.723784097191321973e-01 1.885281856631114294e+01
2.491488905069464010e+02 4.536550121579044359e-01 1.891622394815024677e+01
2.491580707360813278e+02 4.715660100049889891e-01 1.887655906584145882e+01
2.491518277308091740e+02 4.378980533869090142e-01 1.913113569659623536e+01
2.491790650324285821e+02 4.662163073230586874e-01 1.897703144874578030e+01
2.491846540727856336e+02 4.356249072987877780e-01 1.903271959512604994e+01
2.491833877180444858e+02 4.601587044752774025e-01 1.887459380014292876e+01
2.491710882335756025e+02 4.384598789153620890e-01 1.875745542476257199e+01
2.491844405790848214e+02 4.299291200913303856e-01 1.910215561218756974e+01
2.491802178984129625e+02 4.545988790457056172e-01 1.920195043350457809e+01
2.491705634885320251e+02 4.355844558607391837e-01 1.925721046883216658e+01
2.491649126473668332e+02 4.515099622902705168e-01 1.945093577660018980e+01
2.491603629842374232e+02 4.777078866820382297e-01 1.919296796695567053e+01
2.489833194000602248e+02 3.783434237198243233e-01 1.891758019497592969e+01
2.490105151265905192e+02 3.989995010989307311e-01 1.919580518587435947e+01
2.490447426614349524e+02 4.471962658828076975e-01 1.915686730579938768e+01
2.490509766774986531e+02 4.670523037093968766e-01 1.912029246389709058e+01
2.490636087626803885e+02 4.719783899428735552e-01 1.915373344300167702e+01
2.490548386661812401e+02 4.877578217350071466e-01 1.886417306024118190e+01
2.490872279078965619e+02 4.761842158488734378e-01 1.900256304806080365e+01
2.491012982664311437e+02 4.829429769561641161e-01 1.899548404640229293e+01
2.490999240411885580e+02 4.782303844234995771e-01 1.900752059652387160e+01
2.490776375461258851e+02 4.766876115223673827e-01 1.880588927991945525e+01
2.490950754868780166e+02 4.736852158983140826e-01 1.891565538071544950e+01
2.491063176157023520e+02 4.828654450332375836e-01 1.886919128586132288e+01
2.490957541721163864e+02 4.819721424429971868e-01 1.890585152524394630e+01
2.491067962910526035e+02 4.926007577902727919e-01 1.890221201947062468e+01
2.490752958573232831e+02 4.687242964820732549e-01 1.876762446682757357e+01
2.490888482127206203e+02 4.512897266831168985e-01 1.893248992085002058e+01
2.491284939929614382e+02 4.664387902323260948e-01 1.905290935731654045e+01
2.491044759516200884e+02 4.474839205533756581e-01 1.897383466148888331e+01
2.490966811842383208e+02 4.783438731802471255e-01 1.877014369249715742e+01
2.490948451384113298e+02 4.419004984516088363e-01 1.896984345293475016e+01
2.491465240978205600e+02 4.742110845929461416e-01 1.895027731708084318e+01
2.491559178206562990e+02 4.496829056717410733e-01 1.918150784982628210e+01
2.491880755902539022e+02 4.437241841169675682e-01 1.930971531176822253e+01
2.492133802120554265e+02 4.763864730391165203e-01 1.914025974317831569e+01
2.492313518870595885e+02 4.782708358615482269e-01 1.919166902633388716e+01
2.492390061980592293e+02 4.464479142789081756e-01 1.929662590060632255e+01
2.492190759992628841e+02 4.729863049409184228e-01 1.900283946622080222e+01
2.491949624475816734e+02 4.428432416883531508e-01 1.901111178530174683e+01
2.492152398545545964e+02 4.577293708902462344e-01 1.905549712570059739e+01
2.491839428016666034e+02 4.267323328344322375e-01 1.893111007735213747e+01
2.492030134074043985e+02 4.207230469820980034e-01 1.922130981756401269e+01
2.492155724552674485e+02 4.497952707774316994e-01 1.932916009330798346e+01
2.492190434133822237e+02 4.616374292661659662e-01 1.915820332690605099e+01
2.492086327863399902e+02 4.409195510789297723e-01 1.905348916126190417e+01
2.492104452354948023e+02 4.227793284162363330e-01 1.924399857970506389e+01
2.492623758927407778e+02 4.532516214284751377e-01 1.919986718444507545e+01
2.492504606969333452e+02 4.392408163999119153e-01 1.923375987127453612e+01
2.492377881603135563e+02 4.375362377465852326e-01 1.917110733564355840e+01
2.492605522070753921e+02 4.560652436749682015e-01 1.923417112756136405e+01
2.492743517657052621e+02 4.347417175680595713e-01 1.907155971755906876e+01
2.493105265878313048e+02 4.504604722031201325e-01 1.932688357626669173e+01
2.493035374782573399e+02 4.380598591391035024e-01 1.950550251922566858e+01
2.492776642890210326e+02 4.665994723334636607e-01 1.932191142033988029e+01
2.493077388095591118e+02 4.364238232002480844e-01 1.934576540862694216e+01
2.492679087505449615e+02 4.224073999164003612e-01 1.945633154897545580e+01
2.492416332942302688e+02 4.613475272934841609e-01 1.910470630008674675e+01
2.491947950235741871e+02 4.404644724008827672e-01 1.921244421072502462e+01
2.492258606043444900e+02 4.661432700043597888e-01 1.930715226370741888e+01
2.492004503593436198e+02 4.297055135310060003e-01 1.931902026617046175e+01
2.492244582878254562e+02 4.606036702938122729e-01 1.926962456570886673e+01
2.491852203929182963e+02 4.292942572441783566e-01 1.926683566378562418e+01
2.492048011362359432e+02 4.456096705904561417e-01 1.938062892996957132e+01
2.491887037111947052e+02 4.309471479488873880e-01 1.934881724489749999e+01
2.491970501912454097e+02 4.485997060528835179e-01 1.933988646629720876e+01
2.491728512420838797e+02 4.149733245239090595e-01 1.939285987172399572e+01
2.491908060623221957e+02 4.362732539586226532e-01 1.952016953647146735e+01
2.492094451860541540e+02 4.437882322272112545e-01 1.953650742283888064e+01
2.491958130514317702e+02 4.236063355941192543e-01 1.942184782169006141e+01
2.492153600852176965e+02 4.435803567816836157e-01 1.958441428565007669e+01
2.492390915955395485e+02 4.473704317966281652e-01 1.947688312680626765e+01
2.489059369227242655e+02 3.903339041480702321e-01 1.940053553209371984e+01
2.489022041539132317e+02 4.145755520497642621e-01 1.962662648490487172e+01
2.489046211273366396e+02 4.573507004840688950e-01 1.953476576370067619e+01
2.489229512470279531e+02 4.646656688645281474e-01 1.970711023915789184e+01
2.489316235858851485e+02 4.766662621522861909e-01 1.959138429315606444e+01
2.489565427953741619e+02 4.645825186863170586e-01 1.982801059827676937e+01
2.489578282521832477e+02 4.670028630628930144e-01 1.975752284382598845e+01
2.489400183829312994e+02 4.791304289200814526e-01 1.972380769386351673e+01
2.489470277182242626e+02 4.620464382508798207e-01 1.984348776793459379e+01
2.489327989248906761e+02 4.700322263123120625e-01 1.979815406604371475e+01
2.489576866721500892e+02 4.838722363802255289e-01 1.990613580896134138e+01
2.489335079487075859e+02 4.774820328196000552e-01 1.993570356287277079e+01
2.489259502716988379e+02 4.814709940716170311e-01 1.986188980129354675e+01
2.489615138276498953e+02 4.787585004202454808e-01 1.992815487507247596e+01
2.489502672042213192e+02 4.867656378517589699e-01 1.981679880803095983e+01
2.489389408015677247e+02 4.841767458166471028e-01 1.991928140267608782e+01
2.489699625599467936e+02 4.841857350251023706e-01 1.977204153913227103e+01
2.489844318146065518e+02 5.028563209866555583e-01 1.953545456179855933e+01
2.490369355338915511e+02 4.784562382859377516e-01 1.981191654418870129e+01
2.490199796394428517e+02 4.551663228294432484e-01 1.997428187460953097e+01
2.490163873270139163e+02 4.691333054667871094e-01 1.990102432030347401e+01
2.490339578585907532e+02 4.934929367294562663e-01 1.971470050204729318e+01
2.489590047148398355e+02 4.604362462863332839e-01 1.978924688411562016e+01
2.489557539923322054e+02 4.781595944069145232e-01 1.973500600029664298e+01
2.489949626723118854e+02 4.810024315808871243e-01 1.977160106791796323e+01
2.489630700843637214e+02 4.531808314118900283e-01 1.987806026365348444e+01
2.489656185249607745e+02 4.849913928329041002e-01 1.963622246493084944e+01
2.489260558948981839e+02 4.575720597422793801e-01 1.983936172125363484e+01
2.489490221988502867e+02 4.898983769984134318e-01 1.968001002296742641e+01
2.489712176781773394e+02 4.669478041611045960e-01 1.970175154726750577e+01
2.489860240281541905e+02 4.983369964357788340e-01 1.961553380167109495e+01
2.490185896830854517e+02 4.996595337297574102e-01 1.970503822660895565e+01
2.490027709235063185e+02 4.741335526700196645e-01 1.979974066133606669e+01
2.489701423441158852e+02 4.596845237292629949e-01 1.968414730615895536e+01
2.489782067877513043e+02 4.786450116634979879e-01 1.974406038051319356e+01
2.489692063427854976e+02 4.625003932778699034e-01 1.970240438853156917e+01
2.490049553011609476e+02 4.763224249288728895e-01 1.971068120221674036e+01
2.489581215251091066e+02 4.602587094193421047e-01 1.955898718588334617e+01
2.489849104899568033e+02 4.747167275685539312e-01 1.963041993087298565e+01
2.489611677431243777e+02 4.591912409152811847e-01 1.939950177312136859e+01
2.489928816705545103e+02 4.476850540925618738e-01 1.963559883859426591e+01
2.489959290122208415e+02 4.734930715675831348e-01 1.952885985374557976e+01
2.489725919034199535e+02 4.503346232847466601e-01 1.940727519113304567e+01
2.490229764168116162e+02 4.627981608079500542e-01 1.934340574140744096e+01
2.489986460004764410e+02 4.414375542161634858e-01 1.946061490680438055e+01
2.489524077594847427e+02 4.385295452808902761e-01 1.943722386275276648e+01
2.489582114171936666e+02 4.708626044433657509e-01 1.926847282337553935e+01
2.489556618529455250e+02 4.363844954132564125e-01 1.939937480055193575e+01
2.489632847017155939e+02 4.604744504222680890e-01 1.928233193551141866e+01
2.489214612857264797e+02 4.408959544067347358e-01 1.925285856828876874e+01
2.489332045629222137e+02 4.697883940329634078e-01 1.919054986988120604e+01
2.489203196562526728e+02 4.379800799140631806e-01 1.939408914598024936e+01
2.489585237921874921e+02 4.687141836225611202e-01 1.940962699279515036e+01
2.489531931915735186e+02 4.470445729901253440e-01 1.958551995829007453e+01
2.489725963980241659e+02 4.569664118226069438e-01 1.966405193065724433e+01
2.490271957265302945e+02 4.699457051809303176e-01 1.963215934270907681e+01
2.490570320330443224e+02 4.497660558499521066e-01 1.974276481084458013e+01
2.490614367451873932e+02 4.741459128316455884e-01 1.975969261401687405e+01
2.490179008849875686e+02 4.483592447267055747e-01 1.970532475762846758e+01
2.490115151760311676e+02 4.682355082723190787e-01 1.951887621410496720e+01
2.486007173388347269e+02 3.886147180310037808e-01 1.926806943264610794e+01
2.485661572032774700e+02 4.199848082377106162e-01 1.900144501525918272e+01
2.486417541990840050e+02 4.512178130154749223e-01 1.925166075626210826e+01
2.486579179195375957e+02 4.652960371074524870e-01 1.913756185699068268e+01
2.486438138514713216e+02 4.595620457640602341e-01 1.919031952141454056e+01
2.486508827402703048e+02 4.563641348561052191e-01 1.920958451878519924e+01
2.486432767462661104e+02 4.717626489399475709e-01 1.914872982484527242e+01
2.486585842446143317e+02 4.825171132055967038e-01 1.926782110576253260e+01
2.486521075199223390e+02 4.886264040019955845e-01 1.920267406478522432e+01
2.486207655209920517e+02 4.781371213857763536e-01 1.927650131017713164e+01
2.486217183770883139e+02 4.815384131350313734e-01 1.921978502307979397e+01
2.486288996309930042e+02 4.742773800053036171e-01 1.934689467793913309e+01
2.486270208864258393e+02 4.693288207506888243e-01 1.942399511885981056e+01
2.486207677682941721e+02 4.807855669269042731e-01 1.925258215012877017e+01
2.486444666927353637e+02 4.784809586091896549e-01 1.929937884569574180e+01
2.486266276085559355e+02 4.832609702052685918e-01 1.921488478082062556e+01
2.485771229139418210e+02 4.666050905887482170e-01 1.923191595989015212e+01
2.485883594245108839e+02 4.880083959206972244e-01 1.919755695787207372e+01
2.486012578149930903e+02 4.446579381452566149e-01 1.934670140995734755e+01
2.486284355631064784e+02 4.700311026612551402e-01 1.945946765907527976e+01
2.486198553636359634e+02 4.474333562558148736e-01 1.947227615747295459e+01
2.486063479542808921e+02 4.512841084278323978e-01 1.951402878344547531e+01
2.485826288041206453e+02 4.527628332187209059e-01 1.943009542044775273e+01
2.485846749726952680e+02 4.726784245513261373e-01 1.944868847448637794e+01
2.485731485601535269e+02 4.668848797019178321e-01 1.918933520308869234e+01
2.486049872128509719e+02 4.897916301480073065e-01 1.910616592280966586e+01
2.485679471794111066e+02 4.606497399871454235e-01 1.921398024171981689e+01
2.485474338057162242e+02 4.658264004063122354e-01 1.911195272575273307e+01
2.486201194216343140e+02 4.762673660270844711e-01 1.947670671359033534e+01
2.485732519360507808e+02 4.621767817734809269e-01 1.948641955332623255e+01
2.486117549631667316e+02 4.850891504748549576e-01 1.940264013052330583e+01
2.486033466823078868e+02 4.647623028554220825e-01 1.940731901352426547e+01
2.485566432497786309e+02 4.467715257832971520e-01 1.927150443392707047e+01
2.485726002184377705e+02 4.766100795994408501e-01 1.915636615742800686e+01
2.485351376922005215e+02 4.510121848720610727e-01 1.916120010427481901e+01
2.485418908350525271e+02 4.808350075734081353e-01 1.912963449878420974e+01
2.485554476850541050e+02 4.524976515692910595e-01 1.920523261824180139e+01
2.485515250192144379e+02 4.783876955714664314e-01 1.921296333751331531e+01
2.485058811896318502e+02 4.571956366382158299e-01 1.914385205560724401e+01
2.485104937772204607e+02 4.798922643366638208e-01 1.915785050047417926e+01
2.484723402055832082e+02 4.635813455946136696e-01 1.927562710965485948e+01
2.484334124383677533e+02 4.920984857678357138e-01 1.898516555874672562e+01
2.481663138402348068e+02 4.566989828710633081e-01 1.871845237292630060e+01
2.480485507148667921e+02 4.764707468683845315e-01 1.844017344677714476e+01
2.476757154286279388e+02 4.677691930837030165e-01 1.811963849898197054e+01
2.475949372777980102e+02 4.938334029996988561e-01 1.793914867701324667e+01
2.474692546597809439e+02 4.558955723653753678e-01 1.813447518753736176e+01
2.474470513148964699e+02 4.880016540143557457e-01 1.789771067333666110e+01
2.473067589858374902e+02 4.564573978938284426e-01 1.784558562445783991e+01
2.473347648647798280e+02 4.835598613864056095e-01 1.791385304442017201e+01
2.473019845924966944e+02 4.755167671210711600e-01 1.786097402568216808e+01
2.472997620107061607e+02 4.702771822427176396e-01 1.797815622345374464e+01
2.473661787773777689e+02 4.634251580977036822e-01 1.814065863930351696e+01
2.473779546404541350e+02 4.987538709778910340e-01 1.801863912373195831e+01
2.473669574675601837e+02 4.739470265945732175e-01 1.797573250812399692e+01
2.473625763520893202e+02 4.593373155526789819e-01 1.795214145418425034e+01
2.473460912674334509e+02 4.860993127750136145e-01 1.773266543514510829e+01
2.472861523491048956e+02 4.590215696056883510e-01 1.756500658459519215e+01
2.473086557088215613e+02 4.787922099519527075e-01 1.766525985554342171e+01
2.473485509395970041e+02 4.606272669660073094e-01 1.783306927533496022e+01
2.473523915789095327e+02 3.771748266206419453e-01 1.774058380414312452e+01
2.473445743385066180e+02 4.230265316487556437e-01 1.757827577992619794e+01
2.473806030859952614e+02 4.537741191699364851e-01 1.768180112275213745e+01
2.473932407894322978e+02 4.586103133188607073e-01 1.776783009497098575e+01
2.474481682240470377e+02 4.579439882421153518e-01 1.771018904305381270e+01
2.474683254003568607e+02 4.652499674141193364e-01 1.768962735236348749e+01
2.475268923407449222e+02 4.795169648836571930e-01 1.772761911824854408e+01
2.475249225804421656e+02 4.842857399691670173e-01 1.767232762069135887e+01
2.475199627846770056e+02 4.825283497161657609e-01 1.780426335684011363e+01
2.475540105353523188e+02 4.783966847799216993e-01 1.804887432637119105e+01
2.475892257594757382e+02 4.831373685890089087e-01 1.809349900444516379e+01
2.475877459110338066e+02 4.897826409395520941e-01 1.795193133143661157e+01
2.475379333360301075e+02 4.703412303529612704e-01 1.790682573071028116e+01
2.475670606187272256e+02 4.546011263478194619e-01 1.800699248052712775e+01
2.475170806197160402e+02 4.486615068610133594e-01 1.778880641290131237e+01
2.475328578042060599e+02 4.716008431877530827e-01 1.784254502469784853e+01
2.475764093955206704e+02 4.593159661825977902e-01 1.782073608133435982e+01
2.475714675781724168e+02 4.684220343477655257e-01 1.778736027399107300e+01
2.475965991577111538e+02 4.951525693405067208e-01 1.791789144631869490e+01
2.476098941970164731e+02 4.692535361298760810e-01 1.799883027924975920e+01
2.476228027003582213e+02 5.012438817199951213e-01 1.791859597553137462e+01
2.476736995986318561e+02 4.827317305574657658e-01 1.794737155544768470e+01
2.477346936253028105e+02 4.772786519783000503e-01 1.806868429450444680e+01
2.477518326748738104e+02 5.047058506263231159e-01 1.804950581826517109e+01
2.478262992777171121e+02 4.782270134703288655e-01 1.835207583296253020e+01
2.478539624430870845e+02 4.870105937821644915e-01 1.836086278422753537e+01
2.478917036347864382e+02 5.169042065000966080e-01 1.831680779723941299e+01
2.479397408411202264e+02 4.945008517275011339e-01 1.840562904233467734e+01
2.479434410240506281e+02 5.270193133143661335e-01 1.838463811694061434e+01
2.480242360296464028e+02 5.059036626529851421e-01 1.849073100243158052e+01
2.479779438534039855e+02 5.032922975967351054e-01 1.817423895113915577e+01
2.479849475704416761e+02 5.295317970776083349e-01 1.804779562135655979e+01
2.479680208909204566e+02 5.045069643892506894e-01 1.810455348354300753e+01
2.479197758091411288e+02 4.875510699405363746e-01 1.806300086745861577e+01
2.479197443469115285e+02 4.890724934715873773e-01 1.794765583916508334e+01
2.479544887612421178e+02 5.110780757700380539e-01 1.789459366530480011e+01
2.479229714727469798e+02 4.943154493031116092e-01 1.775855435549622641e+01
2.479198083950217892e+02 4.868948577233031538e-01 1.785747497629096259e+01
2.479703221282850052e+02 4.830710731766514332e-01 1.808560086116617072e+01
2.479802361015600809e+02 5.160479843947340939e-01 1.787708156358291944e+01
2.479684141687903605e+02 4.958413674383901903e-01 1.773053611639227256e+01
2.479875611828000501e+02 4.767786272579768170e-01 1.791564526785593969e+01
2.479970020989801753e+02 5.040069396689274006e-01 1.775826332987248790e+01
2.479928524556270304e+02 4.863543815649313262e-01 1.768522825847569990e+01
2.480237124082538855e+02 4.696029916085738831e-01 1.778878281622911572e+01
2.480615704596631872e+02 4.906927982956461043e-01 1.798788029970020830e+01
2.480826434115843995e+02 4.737964573529477863e-01 1.802837106553582558e+01
2.481011499444916240e+02 5.027102463492577611e-01 1.790060182750607964e+01
2.481744277245167041e+02 4.758707172039965960e-01 1.824055009461141807e+01
2.482162084417656729e+02 4.680916809370350706e-01 1.831599764482738379e+01
2.482308282656670713e+02 4.933300073262049112e-01 1.816678240272552713e+01
2.482705852873625076e+02 4.660511306176934321e-01 1.838628089478580918e+01
2.482650164727244828e+02 4.883095344039480867e-01 1.822626399507391426e+01
2.482404444714120757e+02 4.707805779162115845e-01 1.814239468018643464e+01
2.482569239378126440e+02 4.558641101357819858e-01 1.821255545217965732e+01
2.482802082350138733e+02 4.859655982992417411e-01 1.808791558234339547e+01
2.482841657340362929e+02 4.561158079725289860e-01 1.810830535442201494e+01
2.482616455195537810e+02 4.511267972798655435e-01 1.805063059297313544e+01
2.482709392374454467e+02 4.695468090557285978e-01 1.800664864330371273e+01
2.482948190697068185e+02 4.501784357878367282e-01 1.824000512384882100e+01
2.481011083694025388e+02 4.052874524133777134e-01 1.814428353761309509e+01
2.481605584995213292e+02 4.132204288751353816e-01 1.827939021704443689e+01
2.482074653128918840e+02 4.413948554760010468e-01 1.823586222240200527e+01
2.482320227067405654e+02 4.740807410703450353e-01 1.833125120792488616e+01
2.482533417382432503e+02 4.870858784029772348e-01 1.850525194503997994e+01
2.483005227224716691e+02 4.751088817874142278e-01 1.887708605818714602e+01
2.483808986062232407e+02 4.657769597598083733e-01 1.905908269622318230e+01
2.484338439203735902e+02 4.732312608713239999e-01 1.918348884663960874e+01
2.484611857215412840e+02 4.864150587220042454e-01 1.898388347289079547e+01
2.484674085010944395e+02 4.862105542296473182e-01 1.924608969432196659e+01
2.484833407494303117e+02 4.933356255814894120e-01 1.927083923250138042e+01
2.485047080979284431e+02 5.007652063697530798e-01 1.919141283389291175e+01
2.485872998215642156e+02 4.978796704556180397e-01 1.962208244003074142e+01
2.485875526430520210e+02 5.027686762042168356e-01 1.946880857031134227e+01
2.486059850149894999e+02 4.996898723082938698e-01 1.944412645119534133e+01
2.486402372701571721e+02 5.135467371420610050e-01 1.926463443136514542e+01
2.486366033826391515e+02 5.094038356952478308e-01 1.922632354857993064e+01
2.486001521423530960e+02 5.059025390019281643e-01 1.925077419557820946e+01
2.486117336137966447e+02 4.993381695274822785e-01 1.934001568616875488e+01
2.486102728674226512e+02 5.002663053004867688e-01 1.933104333247935713e+01
2.485872189186881087e+02 5.090768532376881428e-01 1.903984916108212033e+01
2.486164900287205342e+02 5.057879265941237490e-01 1.900697450211021788e+01
2.486046557357891800e+02 4.973886349437500187e-01 1.904040087375106083e+01
2.485937214873544292e+02 5.051935151850204253e-01 1.898241710826153295e+01
2.486019095326061006e+02 4.960009258884708894e-01 1.910072632804318360e+01
2.486295097735169009e+02 4.642004773269689522e-01 1.924084112023515658e+01
2.486284512942212928e+02 4.554629667084664768e-01 1.930335769408824831e+01
2.486732804767876246e+02 4.905927933515814021e-01 1.921705904561573774e+01
2.486874508402662514e+02 4.541763862483089165e-01 1.935550184503503601e+01
2.487344677714403929e+02 4.833407494303089136e-01 1.926084660365231471e+01
2.487252695638885598e+02 4.479693378099591228e-01 1.920991824314910090e+01
2.487420198301938399e+02 4.388093343940599467e-01 1.926170170210662036e+01
2.487555328578042122e+02 4.608261532030796803e-01 1.922389646229701299e+01
2.487365116927128952e+02 4.369294661758558740e-01 1.924844823789041115e+01
2.488002137184310243e+02 4.578102737663434785e-01 1.932916795886538353e+01
2.488076983581210868e+02 4.387655120028405853e-01 1.963028846369932978e+01
2.488231440655493145e+02 4.647162331620889320e-01 1.957557339913433836e+01
2.488206641676667061e+02 4.764010805028563444e-01 1.938525612502191109e+01
2.488098400370355421e+02 4.469558045566297544e-01 1.963381223341378501e+01
2.488385515688416092e+02 4.764920962384657233e-01 1.942543563951476315e+01
2.488185157468459181e+02 4.478288814278458818e-01 1.947887760743227759e+01
2.488299387834904337e+02 4.638633820098971294e-01 1.957707010234213740e+01
2.488203967387151749e+02 4.516459240681561793e-01 1.943454170767993006e+01
2.488305612861759357e+02 4.598036307412950996e-01 1.952922166938590109e+01
2.488333389515886154e+02 4.420488203911204783e-01 1.959112585341297930e+01
2.488848448687350867e+02 4.697265932248335663e-01 1.953632763866977839e+01
2.488857628916485680e+02 4.791866114729267379e-01 1.946444992786160100e+01
2.488692991563627857e+02 4.489581507400365878e-01 1.951672779328416141e+01
2.488522679772932520e+02 4.684647330879279647e-01 1.948292724584136693e+01
2.488495094139485673e+02 4.435466472499763890e-01 1.950255742980551688e+01
2.488376919757830592e+02 4.762325328443203776e-01 1.915848199236816285e+01
2.488194843340569662e+02 4.379901927735753153e-01 1.924327831937758759e+01
2.488344378823222769e+02 4.594654117731662990e-01 1.932101249949435839e+01
2.488427911042793141e+02 4.448669372418411760e-01 1.909486199317719013e+01
2.488859629015367148e+02 4.531235252079878206e-01 1.924845835074992451e+01
2.488901046793324667e+02 4.341135966272489655e-01 1.933457609140227262e+01
2.488594660859637884e+02 4.634487547698987187e-01 1.915684483277825123e+01
2.487973315534700589e+02 4.375092701212194846e-01 1.918264273739375980e+01
2.488077837556014060e+02 4.270626862451626926e-01 1.923901968187191258e+01
2.488013519769516790e+02 4.675444628723217644e-01 1.889962537473762794e+01
2.484164374418510590e+02 3.901934477659569911e-01 1.877638782142038565e+01
2.484136867440637388e+02 4.229984403723330288e-01 1.862398927587431174e+01
2.484426971670509658e+02 4.540673920957890020e-01 1.878685126006229567e+01
2.484700861615630458e+02 4.587698717689414063e-01 1.884222253684451687e+01
2.484805967935493527e+02 4.679456062996372734e-01 1.883905945911932633e+01
2.484821485556589380e+02 4.689501503445114294e-01 1.878882551496927888e+01
2.485269103191618569e+02 4.768213259981392560e-01 1.883554580226438091e+01
2.485114556225251476e+02 4.716255635110050415e-01 1.876730984453163842e+01
2.485083352435401309e+02 4.832373735330735554e-01 1.885851660082071390e+01
2.484954525841727104e+02 4.886556189294751773e-01 1.867733910440515999e+01
2.485210066565088596e+02 4.960863233687957674e-01 1.877697998552737602e+01
2.485226572999114580e+02 4.901433329288189533e-01 1.884731042883018759e+01
2.485028226114549454e+02 4.998651618731712598e-01 1.869073976690982519e+01
2.484859577327418378e+02 4.946502973180696427e-01 1.871796920297183320e+01
2.485040384018985264e+02 4.817451649295021454e-01 1.900691719590631479e+01
2.484888522578644370e+02 4.616700151468162705e-01 1.906919443208428433e+01
2.484956245027844091e+02 4.905377344497930392e-01 1.888153796367461013e+01
2.484814305426335750e+02 4.587945920921933096e-01 1.888401898520825739e+01
2.485152018751488754e+02 4.794911209093483118e-01 1.882284854532134233e+01
2.484852588217844414e+02 4.580878155773993599e-01 1.903008912800183339e+01
2.484880679494267213e+02 4.985325117196805489e-01 1.879257850949934650e+01
2.484697962595903675e+02 4.769348147548867489e-01 1.889008220631132318e+01
2.484972886299996730e+02 4.724154902040100801e-01 1.901491646778043076e+01
2.485509148766905412e+02 4.885263990579309379e-01 1.898110693112917957e+01
2.485094117012526453e+02 4.758055454426960429e-01 1.885184997910009130e+01
2.485405503193416337e+02 5.088936981154124073e-01 1.863604942266808706e+01
2.485103982668805997e+02 4.623374638746184928e-01 1.890279631802021498e+01
2.484614733762118703e+02 4.596193519679624417e-01 1.865404469434443868e+01
2.484689411611360583e+02 4.776472095249652550e-01 1.866318334839025894e+01
2.484684827115048336e+02 4.533785939979055324e-01 1.894135440403795201e+01
2.484770876312986161e+02 4.835845817096575683e-01 1.863944621981311300e+01
2.484882320024810269e+02 4.529718323153054671e-01 1.894505683427045994e+01
2.485060744576136358e+02 4.595687876704016572e-01 1.893382257100351040e+01
2.485138051768851426e+02 4.909512380387344721e-01 1.875137085428942640e+01
2.484658837066102137e+02 4.597182332609702216e-01 1.864363294365114854e+01
2.485131186260893799e+02 4.970908674136698679e-01 1.847595162008009240e+01
2.485489934333832309e+02 4.584226635923573934e-01 1.867087586352583628e+01
2.485177671705118030e+02 4.472266044613441571e-01 1.852990934383272759e+01
2.485289137889963058e+02 4.712806026365348178e-01 1.844398936576639869e+01
2.485374276930544966e+02 4.412184422600667899e-01 1.864296774222545849e+01
2.485450145849907244e+02 4.642971113178628872e-01 1.847696178238025411e+01
2.485346635114545109e+02 4.746099807181478614e-01 1.855940181312334403e+01
2.485281744266008559e+02 4.422600667898188287e-01 1.874844374328618457e+01
2.485243989590496483e+02 4.366440588074017026e-01 1.882256426160394369e+01
2.485285250057306143e+02 4.678062735685808993e-01 1.865632570598996054e+01
2.484937176669408245e+02 4.490547847309305229e-01 1.859427994192971312e+01
2.485295104477075370e+02 4.769977392140735128e-01 1.844157126869193419e+01
2.484679613374144367e+02 4.374418510578050867e-01 1.847582240020854982e+01
2.484765887302293663e+02 4.625565758307152442e-01 1.849698973881854869e+01
2.484556966861283058e+02 4.353091613517971470e-01 1.849720547982147423e+01
2.484445590568522562e+02 4.594811428879629900e-01 1.847155027889019152e+01
2.484528100265630997e+02 4.369474445927664097e-01 1.844643218316411293e+01
