2.042618995634422845e+02 4.258343976713904744e-01 8.937276644557847760e+00
2.041426092327602646e+02 4.340338544347544514e-01 9.133801151860772904e+00
2.038784539136907483e+02 4.501352435231871230e-01 9.405816546205093331e+00
2.031347921458073245e+02 4.293730153253367265e-01 9.204480740666159733e+00
2.027890370729025449e+02 4.231351835657907734e-01 9.112561527035694553e+00
2.032284704868201288e+02 4.472584197719129961e-01 8.858470000373319664e+00
2.043386303241885003e+02 4.348777830696150537e-01 8.825200433050779836e+00
2.046724787632033440e+02 4.625215365836275461e-01 8.726323898905041787e+00
2.045740049617573675e+02 4.608585672897333452e-01 8.957498124917275817e+00
2.041291007182443593e+02 4.611323350238302199e-01 8.909493744633529388e+00
2.039086271905661079e+02 4.870984127127780394e-01 8.805360191230155564e+00
2.038029053317963246e+02 5.030787557369612584e-01 8.806632871812217545e+00
2.037377372983649764e+02 5.037767503317454043e-01 8.836704334240989667e+00
2.037364521737949872e+02 5.157263725435851098e-01 8.759086656538014992e+00
2.037883379470361263e+02 5.292450685041534264e-01 8.747276180736481166e+00
2.038790025804305799e+02 5.442332863101426721e-01 8.809006279688809116e+00
2.039829121420515037e+02 5.588278215894140200e-01 8.815548423516421650e+00
2.040431071054039762e+02 5.631752984577373944e-01 8.732372808302628187e+00
2.040864891098136695e+02 5.690115287891660545e-01 8.626799146116175265e+00
2.041595070370751728e+02 5.756124987414603655e-01 8.696924411823598433e+00
2.042927572596528591e+02 5.874399436174220224e-01 8.696855404254259625e+00
2.044169595717458208e+02 5.913575372669156449e-01 8.700805804780980424e+00
2.045589398174806490e+02 5.866412658477013764e-01 8.698723133712912059e+00
2.046486202445582876e+02 5.892861789151331298e-01 8.731428196492831972e+00
2.047123164936009516e+02 5.940929520646273110e-01 8.737945452344616726e+00
2.047578026632396586e+02 5.838651252713638051e-01 8.670486593865566860e+00
2.047852518380335880e+02 5.798004663101652412e-01 8.758097925134705974e+00
2.048020478279019017e+02 5.799701570544402163e-01 8.621732180492125863e+00
2.049239740214783296e+02 5.786488317923528246e-01 8.672826063593303658e+00
2.049129000035069339e+02 5.744948023725028330e-01 8.692156101909473520e+00
2.049037548036621388e+02 5.644106470760588135e-01 8.722112174632139059e+00
2.048955021771322436e+02 5.696676663336956992e-01 8.622321573010573559e+00
2.049185359987601203e+02 5.720105298763180635e-01 8.603580927212851392e+00
2.049140629507410267e+02 5.687728304755526043e-01 8.604369423537916006e+00
2.049600762929586324e+02 5.695692457020162802e-01 8.652218819608556544e+00
2.049441491197009952e+02 5.921381146905801973e-01 8.633662571086281545e+00
2.049653808256246634e+02 5.624105588368717434e-01 8.728295705353517064e+00
2.048545648507117392e+02 5.452819751097616185e-01 8.645844103981962903e+00
2.048124849399464438e+02 5.439470745881322955e-01 8.630550442836279146e+00
2.047238203947911757e+02 5.293219949748914077e-01 8.627304824534114402e+00
2.046462106359896040e+02 5.434990910232464500e-01 8.661787115042406171e+00
2.045934515210512643e+02 5.279723879220915572e-01 8.543551129518156984e+00
2.045844115294679284e+02 5.392421158852030993e-01 8.536812144427186055e+00
2.045335484257789744e+02 5.287733282350691733e-01 8.516032947154908328e+00
2.045000707044767694e+02 5.241916781396463998e-01 8.487110856700692096e+00
2.044893982879335113e+02 5.100620954996882839e-01 8.505217990386453764e+00
2.044578482534863042e+02 5.397828637236258276e-01 8.504432887876275160e+00
2.044318403187471063e+02 5.083176746485421615e-01 8.596072677414500873e+00
2.043461193423691782e+02 5.082181227452342576e-01 8.567694728613592048e+00
2.043026502300440939e+02 5.095145600314946455e-01 8.692839389973087805e+00
2.042425129615446906e+02 5.321546991326540077e-01 8.579350220202021760e+00
2.042513131235427863e+02 5.610541641543008717e-01 8.596218611454577996e+00
2.041850296562857352e+02 5.477379658152339292e-01 8.510205766996508103e+00
2.041660435245446479e+02 5.715580212249182779e-01 8.547280932077320870e+00
2.041887481461286313e+02 5.451292534399142520e-01 8.620882595499121948e+00
2.041778347687284736e+02 5.669469580671545605e-01 8.578146547189298587e+00
2.041467247989447458e+02 5.736316421199577631e-01 8.599515136980025787e+00
2.042140264106674294e+02 5.427637644647218540e-01 8.510803078416355305e+00
2.042089967770071439e+02 5.638325672738955241e-01 8.507487321273224268e+00
2.042871235269429349e+02 5.599534368597709477e-01 8.572494714133314986e+00
2.043901292025326768e+02 4.441168784595700414e-01 8.456029168707669186e+00
2.043886879624779738e+02 4.606990579901149574e-01 8.500519819313295145e+00
2.043950920911669300e+02 5.276793885703102704e-01 8.452573133882603784e+00
2.043508571079493379e+02 5.331456930792195514e-01 8.498173561955788102e+00
2.042666158348614829e+02 5.323594592974124629e-01 8.467328309733121117e+00
2.041600466536419560e+02 5.355530391046663397e-01 8.466642759126251860e+00
2.041099539459320056e+02 5.295539056587338367e-01 8.459083602104618294e+00
2.040732747259211521e+02 5.322282317885065339e-01 8.433196713429664371e+00
2.040751107797742350e+02 5.393111234545415744e-01 8.394409934374932547e+00
2.040399802706228058e+02 5.323707720136974242e-01 8.428923900488822341e+00
2.040264265052417443e+02 5.273897830334143277e-01 8.414616708203189077e+00
2.039733280088148604e+02 5.518829450620559296e-01 8.367242446216518914e+00
2.039443176791736221e+02 5.505774576027675504e-01 8.379388909691718013e+00
2.038981244647671076e+02 5.458521360105254017e-01 8.359151591529490943e+00
2.038867382158262558e+02 5.454007586307541011e-01 8.257876761531335319e+00
2.038895437694649502e+02 5.194912445232312548e-01 8.332742055362171385e+00
2.038378050615355335e+02 5.404808583184099735e-01 8.321819627789007967e+00
2.038367586352791534e+02 5.383585927433449658e-01 8.356813253073381631e+00
2.038430337990024555e+02 5.254620961784512989e-01 8.402184033005980268e+00
2.038190021957982196e+02 5.677377169354757003e-01 8.329192124991939394e+00
2.037572347648821562e+02 5.572836358165123016e-01 8.237200509977249396e+00
2.037397532244069680e+02 5.880576179265827319e-01 8.282316753793436348e+00
2.037262345284463834e+02 5.557371875003535022e-01 8.327342495879342721e+00
2.037127588208076929e+02 5.689538339361125407e-01 8.222465697016044572e+00
2.037202184259260207e+02 5.494280856282121039e-01 8.318724468613433842e+00
2.037409365345303627e+02 5.836592338349768649e-01 8.272023313245719933e+00
2.037194808368242605e+02 5.600699578375064602e-01 8.216890790430799285e+00
2.036917963575316151e+02 5.778852234431156587e-01 8.229488631285770239e+00
2.036807800344132886e+02 5.541534072204542527e-01 8.188757196301647667e+00
2.036640983029794256e+02 5.746814621912053056e-01 8.202266842089187548e+00
2.036756157794291937e+02 5.622668873400523681e-01 8.245761973661734245e+00
2.036637634465774056e+02 5.701428004176655184e-01 8.240986876117837312e+00
2.035490513721759100e+02 5.543004725321591941e-01 8.203133396156617962e+00
2.034035415589601712e+02 5.457016768839348941e-01 8.205742108531937973e+00
2.033905590857515335e+02 5.834601300283609460e-01 8.236385994404731292e+00
2.033413589513564546e+02 5.765243036740308469e-01 8.172072071052907560e+00
2.033336210534175166e+02 5.150148026892589215e-01 8.203858541270486526e+00
2.032833315044441918e+02 5.293661145684028790e-01 8.214576208678890268e+00
2.032615850699295663e+02 5.751339708426050912e-01 8.167425938474661251e+00
2.032602807137419063e+02 5.460433209157417034e-01 8.187250342492484734e+00
2.032096359454772312e+02 5.375678338750239371e-01 8.120819809923741417e+00
2.031656351354867525e+02 5.275379796167477542e-01 8.177534981746932274e+00
2.031382244239281931e+02 5.557598129329235359e-01 8.044541557828909006e+00
2.031260824855395128e+02 5.493726533184156713e-01 8.071135491271673956e+00
2.031256854091979278e+02 5.808276609488427500e-01 8.043105974132343405e+00
2.031011187145134329e+02 5.550075172999713313e-01 8.081215121481603703e+00
2.031133228728416782e+02 5.471225540493301898e-01 8.231769274888824484e+00
2.031055125735185243e+02 5.840630978063512391e-01 8.113103406145746987e+00
2.031266888471323853e+02 5.676811533540506716e-01 8.158669896070074756e+00
2.031091088860255240e+02 5.622397368209683943e-01 8.042556176120891465e+00
2.030500022059796663e+02 5.843447844418475645e-01 8.111012816176279117e+00
2.030739987397633968e+02 5.543253605079861979e-01 8.113311560125390898e+00
2.030986955306851769e+02 5.618517106523930327e-01 8.075508987387452819e+00
2.030890638840401436e+02 5.832440571473176405e-01 8.172739521313722832e+00
2.031011945097125420e+02 5.634139967713507335e-01 8.209716265762855514e+00
2.030884722289784179e+02 5.857543488909578988e-01 8.131338373525528240e+00
2.030524197334497671e+02 5.635011046867451912e-01 8.114560484003254359e+00
2.030493302306323358e+02 5.789237307980782399e-01 8.186182422075182430e+00
2.030620649553543728e+02 5.752731172529105264e-01 8.252638973891382790e+00
2.030096644535222765e+02 5.586411617707116584e-01 8.176419547921231157e+00
2.026478147791588071e+02 4.402875239970994170e-01 8.002209373490458688e+00
2.026097316510569897e+02 4.636075573469870537e-01 8.138351126350597653e+00
2.026096694311174247e+02 5.290538835989370137e-01 8.060128218326374494e+00
2.025916720307796481e+02 5.467300027942408880e-01 7.955546681358113936e+00
2.026308898243248393e+02 5.397217750556868587e-01 7.932017362756954348e+00
2.026076987559405893e+02 5.583560813203297668e-01 7.950531754228975956e+00
2.026125066603617029e+02 5.679752839774605544e-01 8.027548726697219195e+00
2.026013987042414897e+02 5.827033093088948013e-01 7.896273704382885228e+00
2.026447241450697447e+02 5.824408542910829434e-01 7.812074288345300488e+00
2.026404728262898516e+02 5.765605043661428120e-01 7.888204343856799028e+00
2.026165113619265981e+02 5.792438806689435005e-01 7.876104262518368593e+00
2.026508941005315876e+02 5.934074014577566114e-01 7.852758209921026022e+00
2.026482299558464604e+02 5.682954338483259260e-01 7.819989795929910947e+00
2.026311307851817105e+02 5.863414788661490684e-01 7.773986635156981073e+00
2.026315855563763648e+02 5.599941626383969639e-01 7.809708799370107535e+00
2.026634048334711622e+02 5.703950739908209000e-01 7.804284351911452866e+00
2.026540978617834980e+02 5.573786626333062655e-01 8.013457607292629348e+00
2.026088107959513991e+02 5.650226650270769868e-01 8.021600500474567852e+00
2.026651911113725646e+02 5.824713986250524833e-01 7.976661866304056048e+00
2.026743781682675944e+02 5.760808451956590526e-01 8.052814547248125621e+00
2.027092190718821314e+02 5.781001650525305902e-01 8.198738405879897329e+00
2.027471178027084875e+02 5.787506462389178097e-01 8.206431052953693239e+00
2.027798307843898158e+02 6.032743526015288404e-01 8.317722161950584336e+00
2.027876275084534257e+02 5.846932161034253950e-01 8.256304293967719587e+00
2.028001201410469605e+02 6.079612109584020541e-01 8.322705413474123404e+00
2.028516552200832450e+02 5.950398264176812724e-01 8.314334003423228481e+00
2.028587471619223095e+02 6.229958109011596301e-01 8.264917796147114970e+00
2.028626760682880672e+02 6.131209408559880059e-01 8.271801584006533758e+00
2.027876467400711249e+02 5.859421399812887454e-01 8.206826998023668551e+00
2.026996383324603812e+02 5.850224161473187579e-01 8.179804312633702779e+00
2.026537019167135156e+02 6.016871785067440248e-01 8.136034282055430111e+00
2.027008024109661051e+02 5.703543482121948838e-01 8.092513131235428148e+00
2.026790480575500624e+02 5.986927025061060670e-01 8.014966723645047253e+00
2.026690555352555236e+02 5.751362333858620612e-01 7.947047437613197651e+00
2.026248239458528246e+02 5.632092366065923894e-01 7.993194269882947012e+00
2.025708125132217390e+02 5.860722362185661893e-01 7.944730593318030998e+00
2.025039057152974067e+02 5.683157967376388786e-01 7.903577194016477847e+00
2.024845779395244847e+02 5.899547604475763318e-01 7.748818103966125470e+00
2.024509226085766329e+02 5.568051079176570273e-01 7.815005413134742618e+00
2.024455886628482517e+02 5.742119844653780225e-01 7.820256776034236523e+00
2.025136176822280731e+02 5.460897030525102558e-01 7.972891337966268033e+00
2.024862431713616218e+02 5.720252364074885909e-01 7.869239706276633939e+00
2.025115746056669934e+02 5.410295250582322080e-01 7.897071250880977722e+00
2.025010051348419324e+02 5.599511743165139777e-01 7.950730858035591986e+00
2.025366797856466405e+02 5.134921110772986408e-01 7.999025975127861621e+00
2.025477243905556861e+02 5.185545516148336587e-01 8.067538047493044928e+00
2.025202797408483093e+02 5.206474041275576115e-01 8.091120535860744312e+00
2.024682627400982540e+02 5.486757899952600104e-01 8.012782238130414569e+00
2.024388349712261004e+02 5.188724389424420602e-01 8.052811153433239610e+00
2.024086119183991173e+02 5.411290769615401119e-01 8.015866084589704954e+00
2.024077623334061116e+02 5.583413747891592394e-01 7.975712729407745449e+00
2.023939789198844608e+02 5.382047398018691142e-01 7.897149308623344410e+00
2.023938748428946610e+02 5.544079433368667154e-01 7.866987344464291709e+00
2.024044714642388101e+02 5.385791907109024335e-01 7.798428889962339738e+00
2.024679505091287979e+02 5.447005014927128741e-01 7.824521670073679935e+00
2.024199359474004041e+02 5.543219666931007428e-01 7.804023028165270048e+00
2.023305949018112813e+02 5.789735067497321364e-01 7.747812403488389066e+00
2.022691329142349161e+02 5.479042627446233382e-01 7.746776158676683899e+00
2.022118577629556171e+02 5.653326334532858821e-01 7.742232971816630283e+00
2.021554582159167524e+02 5.501011922471692461e-01 7.671665378902463139e+00
2.018242705277721427e+02 4.547700633851493590e-01 7.264732267600041205e+00
2.018569835094534710e+02 4.573912197483825381e-01 7.189518542107626864e+00
2.019112019647925536e+02 4.959743699099847247e-01 7.301858339904136130e+00
2.018859180438956002e+02 5.265130475213273265e-01 7.391347582076584821e+00
2.018663911643160702e+02 5.210886000626724357e-01 7.519089643095114184e+00
2.019127868763440858e+02 5.429040421466557742e-01 7.558956786555063090e+00
2.018662882185978731e+02 5.632409122121903033e-01 7.329847131264840776e+00
2.017979537558783818e+02 5.862509771358691557e-01 7.244976871151555642e+00
2.018066079838363862e+02 5.809147688642372076e-01 7.253090351271153757e+00
2.018136874816875377e+02 5.787608276835742860e-01 7.226594838460068004e+00
2.017873627908923595e+02 5.811579922643645979e-01 7.083141677064938690e+00
2.017976652816130922e+02 5.793411700289945454e-01 7.072231693479690051e+00
2.018269233597409880e+02 5.460806528794822645e-01 6.998935473397581930e+00
2.018541926623459517e+02 5.527053795359749833e-01 7.096133200446626432e+00
2.019362279557582269e+02 5.499880650843192997e-01 7.186554610440958335e+00
2.019346192875024997e+02 5.622770687847088444e-01 7.166987005082803286e+00
2.019120210054516065e+02 5.573899753495912268e-01 7.088955281963796651e+00
2.019363433454643371e+02 5.493590780588736289e-01 7.067659093557295158e+00
2.019729592142639660e+02 5.538117631886474435e-01 7.108556825470807361e+00
2.019578748383695768e+02 5.553321922573507541e-01 7.072540530634269906e+00
2.020102357456946720e+02 5.613516885925963207e-01 7.155929956185850038e+00
2.020093748479853843e+02 5.524757313953896354e-01 7.081337298817481418e+00
2.019801608894510139e+02 5.565765910487001644e-01 7.057108854349909421e+00
2.018834767597213045e+02 5.466666515830449491e-01 7.044630928287560323e+00
2.018189331882288968e+02 5.636391198254221413e-01 7.013729112483469308e+00
2.017910281109687105e+02 5.385825845257878886e-01 7.022829061463118805e+00
2.017871795248885292e+02 5.273219067357044487e-01 6.946282697992332444e+00
2.017499109123592689e+02 5.205953656326466339e-01 7.061010610196603920e+00
2.017087654319591081e+02 5.263535382217088276e-01 7.008411004557893342e+00
2.016830561529298222e+02 5.281228470486820648e-01 6.992842444406483615e+00
2.016258839473687203e+02 5.223363926689073011e-01 7.002860985948474948e+00
2.015755502788018987e+02 5.118857053648294686e-01 7.110215269678187511e+00
2.015463510267987033e+02 5.188260568056735078e-01 7.167721200369699730e+00
2.015286907454061804e+02 5.249609428470261019e-01 7.131831607955554375e+00
2.015064985898699206e+02 5.230773755855744334e-01 7.231880139508417571e+00
2.015401143263107713e+02 5.294747166447388853e-01 7.073534918395720794e+00
2.015740083555722606e+02 5.421992599221006071e-01 7.179180981966398534e+00
2.016474154402739600e+02 5.188124815461315764e-01 7.091907900914180551e+00
2.016497175780379507e+02 5.304170659112789066e-01 7.167661242973388802e+00
2.016836817461403939e+02 5.400023304195546991e-01 7.190607956685871827e+00
2.016973226194368181e+02 5.531081122357207613e-01 7.095193113723342826e+00
2.017208100809877465e+02 5.375746215047948473e-01 7.188219842278109617e+00
2.017248306203554193e+02 5.409808803782066855e-01 7.177338140483572992e+00
2.017475680488166461e+02 5.416845313311333676e-01 7.188477772209407313e+00
2.017173291581868568e+02 5.607713462471760613e-01 7.141849018225917334e+00
2.017186436958191678e+02 5.449380685346978392e-01 7.139182610997544032e+00
2.017721415311308988e+02 5.534169493903011716e-01 7.204311049921885868e+00
2.017896434344954173e+02 5.474347850187960551e-01 7.192156667545287263e+00
2.017480330014559513e+02 5.509360707090018572e-01 7.139205236430114176e+00
2.017080764875373404e+02 5.500989297039122761e-01 7.092627389669906357e+00
2.016609318736912542e+02 5.451745043050542083e-01 7.169195247301634488e+00
2.015759609304030278e+02 5.324465672128069205e-01 7.201494183566921947e+00
2.015423169121714579e+02 5.244122761072038674e-01 7.275854930251448138e+00
2.015304736294926897e+02 5.407206879036519087e-01 7.267929241222180536e+00
2.014381064322973600e+02 5.277608401275621919e-01 7.324129684454404376e+00
2.013923906145180638e+02 5.264519588533883576e-01 7.318878321554910471e+00
2.013927130269321708e+02 5.497968801791028870e-01 7.339692588247671345e+00
2.013746590630129560e+02 5.314510481797274366e-01 7.396980183514883400e+00
2.013410795272642133e+02 5.214822825893902225e-01 7.438268204140228157e+00
2.013330780430358402e+02 5.476452015416969354e-01 7.338908617009121116e+00
2.012744679912349000e+02 4.581831098883321629e-01 7.229059879338568528e+00
2.013357512378939873e+02 4.650442723151813063e-01 7.200558621930152725e+00
2.013333744362024902e+02 4.958442736727072808e-01 7.362442460696795088e+00
2.013500437236484402e+02 5.249665992051685270e-01 7.445433678635143160e+00
2.013645126877769371e+02 5.360247793737507038e-01 7.403155795334861899e+00
2.014042915920498729e+02 5.471497045684141636e-01 7.337225284825914073e+00
2.014393395183724067e+02 5.465410804322815563e-01 7.402115025436642348e+00
2.014779000431014424e+02 5.681336620054504571e-01 7.300851508154771352e+00
2.015703452980391717e+02 5.801421103419720504e-01 7.413089491504715411e+00
2.015560007737898047e+02 5.878686955646232892e-01 7.465328221493934713e+00
2.016205907274189713e+02 5.932003787497411862e-01 7.404640023711452912e+00
2.017018703313833896e+02 5.683780166772063325e-01 7.467033047838083526e+00
2.018052651644133562e+02 6.037687183031830163e-01 7.458894679742658518e+00
2.018495193792486191e+02 5.871378940926126333e-01 7.543349763168284206e+00
2.018636342553574252e+02 5.802246931708525679e-01 7.572837489436751390e+00
2.018198811938535755e+02 5.962797001225167426e-01 7.584093642140320668e+00
2.017936096728249424e+02 5.626639636816556100e-01 7.648763916055120404e+00
2.017540106407409439e+02 5.862871778279811208e-01 7.533521275259881023e+00
2.017159625820596034e+02 5.644864422751681987e-01 7.540158445904287632e+00
2.017049779345468892e+02 5.581671589583703241e-01 7.591903941463480798e+00
2.016845596129240903e+02 5.857441674463013115e-01 7.529660245191812429e+00
2.016660610592548721e+02 5.579148853852149426e-01 7.536089261856575128e+00
2.016215036636231730e+02 5.438927735499643479e-01 7.514021546199436408e+00
2.016431007702828424e+02 5.885949719501200050e-01 7.463575881741388862e+00
2.016131967360551016e+02 5.499982465289757760e-01 7.586801906418948249e+00
2.015762177290627051e+02 5.514858687204525767e-01 7.662310893806401069e+00
2.015197129737624095e+02 5.540991061822863051e-01 7.561745371119314107e+00
2.014671676691618813e+02 5.468815931924598805e-01 7.486126650383897463e+00
2.014259260306733097e+02 5.705873901676657978e-01 7.485912840046110794e+00
2.014317452919302980e+02 5.524180365423361216e-01 7.509623162107830652e+00
2.014379197724786366e+02 5.814294974552044470e-01 7.531548337539778259e+00
2.014047056374658951e+02 5.583662627649862431e-01 7.581956670034085022e+00
2.014233919822254677e+02 5.452989441841891161e-01 7.558095888845774546e+00
2.014917298387598521e+02 5.447593276173948729e-01 7.697564711565329176e+00
2.015035448396479012e+02 5.798660800646182611e-01 7.747802222043732812e+00
2.015238715282687849e+02 5.584624208534086920e-01 7.716976201438750849e+00
2.015213431361790981e+02 5.585664978432306471e-01 7.638585865213510573e+00
2.015395192774341808e+02 5.834329795092769722e-01 7.560280374360407230e+00
2.015727492502497284e+02 5.766747628006212434e-01 7.756868232874527536e+00
2.016027935621594054e+02 5.916878685824374928e-01 7.714585824487731891e+00
2.016198305128846187e+02 6.176245332090443130e-01 7.789617415247957588e+00
2.016587270252873054e+02 5.885237018375245599e-01 7.874791987429309970e+00
2.015982503752993580e+02 6.032856653178138018e-01 7.798097427375189739e+00
2.015053039670302155e+02 5.535187638368661567e-01 7.790224908112461932e+00
2.013863688556395459e+02 5.672671079380199322e-01 7.793005573775313444e+00
2.013761331099449023e+02 5.440579392077252718e-01 7.774603178194513298e+00
2.013559647993519945e+02 5.613924143712222259e-01 7.863840146793806163e+00
2.013044647897361870e+02 5.343131653998309805e-01 7.843687674003717802e+00
2.012809388649499169e+02 5.419220983731182217e-01 7.876011498244832154e+00
2.012423794714925123e+02 5.717005614501092792e-01 7.866499766392408333e+00
2.011981139439409674e+02 5.591920910537908629e-01 7.716544055676664904e+00
2.011828745838334385e+02 5.746803309195768206e-01 7.680265305822315369e+00
2.011501208763735065e+02 5.428090153298618104e-01 7.707100200121951517e+00
2.011665559905923431e+02 5.215343210843012001e-01 7.756662341438140373e+00
2.011580386465013817e+02 5.562587037210917629e-01 7.680031132595216192e+00
2.011526685000808925e+02 5.466304508909329840e-01 7.681036833072952597e+00
2.011551459849472963e+02 5.511227305277043298e-01 7.762540428819823646e+00
2.011675254903779830e+02 5.853561412777260609e-01 7.685336796532879156e+00
2.011631305001012606e+02 5.805142987077483996e-01 7.675685918270150232e+00
2.012330419554708953e+02 6.081897278273589169e-01 7.612610737351534596e+00
2.012110726604454385e+02 4.585292790066530233e-01 7.473942854944957581e+00
2.013177764629887463e+02 4.686021215868120815e-01 7.325034701757203948e+00
2.013542000156115535e+02 4.917841397980227680e-01 7.469970960257296788e+00
2.014085282042986194e+02 5.206632419303566239e-01 7.521537714899186433e+00
2.014275505367318146e+02 5.302111744748919664e-01 7.565633551706466342e+00
2.014637048467070315e+02 5.465908563839354528e-01 7.457533759973573595e+00
2.014779690506707936e+02 5.528807266383923835e-01 7.397414591820226981e+00
2.015092249544946128e+02 5.645203804240231937e-01 7.285460557649036772e+00
2.015117386400531245e+02 5.846355212503718812e-01 7.312591845115338884e+00
2.014668644883654451e+02 5.745027212739023392e-01 7.311105354195490236e+00
2.014152728457477224e+02 5.705647647350957641e-01 7.367358967194253871e+00
2.014380951195810781e+02 5.911776650779841935e-01 7.332719429929601240e+00
2.014432095986135209e+02 5.597803523006105175e-01 7.448189456322167779e+00
2.014797044213489130e+02 5.586683122897956322e-01 7.529231493244611606e+00
2.014570473131733195e+02 5.800912031186896689e-01 7.516842937640913824e+00
2.014390804571694957e+02 5.565890350366136108e-01 7.610144565201405698e+00
2.014027123368564958e+02 5.853335158451560272e-01 7.499679284493319997e+00
2.014102499997171947e+02 5.453238321600161198e-01 7.641498889656896942e+00
2.014371097819926320e+02 5.866548411072434188e-01 7.522032080600840942e+00
2.014610565398247104e+02 5.692864277948913587e-01 7.580808429331158393e+00
2.014649107822630185e+02 5.954934663407096540e-01 7.534886720115480330e+00
2.014847804371459858e+02 5.650124835824205105e-01 7.647329463630183177e+00
2.015063028798781772e+02 6.039146523432594726e-01 7.550981321574141703e+00
2.015364342997032736e+02 5.846049769164024523e-01 7.553047023567781793e+00
2.015484925239914560e+02 5.745400532376427893e-01 7.663272474690625558e+00
2.015482798449252755e+02 5.932082976511406924e-01 7.642879041043666000e+00
2.015633868462522571e+02 6.017267730137415560e-01 7.601251638929771737e+00
2.016101309899418652e+02 5.739879926829350998e-01 7.551973446792335842e+00
2.016388958336397081e+02 5.937535705760774718e-01 7.561073395771985339e+00
2.016262278539437887e+02 5.723091855862418864e-01 7.638136750376996353e+00
2.016627826340754837e+02 5.723895058718654338e-01 7.596907555876334150e+00
2.017089113659991710e+02 5.765853923419698157e-01 7.550934939437373039e+00
2.017276463554387647e+02 5.748907474424777009e-01 7.525354625373744000e+00
2.017687273533560983e+02 5.734359321282274102e-01 7.608804008321634171e+00
2.017975985365870315e+02 6.044904696021656809e-01 7.553063992642209179e+00
2.017593706057167822e+02 5.743658374068538741e-01 7.668767060990247408e+00
2.016797562335895009e+02 5.558435270334324274e-01 7.690912834389752817e+00
2.015542178897032670e+02 5.524994880995881541e-01 7.663879967555129902e+00
2.015181789694341603e+02 5.800018326600381302e-01 7.600593238841985233e+00
2.015056173292713027e+02 5.468419986854623493e-01 7.679198516676640551e+00
2.014868484016828916e+02 5.633845837090097897e-01 7.619650640695686761e+00
2.015024056491180033e+02 5.350077661797296713e-01 7.732109222013188621e+00
2.015039238156434465e+02 5.805493681282318796e-01 7.659215734630826056e+00
2.015659831146396641e+02 5.620519457306374367e-01 7.759383049704681845e+00
2.015724392818235060e+02 5.388212828394013387e-01 7.790313147299484875e+00
2.015390124677446124e+02 5.402783606969085994e-01 7.811753007202806742e+00
2.015153587092643193e+02 5.673610034831853000e-01 7.754275358302006538e+00
2.015337147227083676e+02 5.432004353133226271e-01 7.797819134554578646e+00
2.015295041297070782e+02 5.764032576097813942e-01 7.706852451635310075e+00
2.015545086265117902e+02 5.531511005576037476e-01 7.837245082079412839e+00
2.015737198813069710e+02 5.786250750881543059e-01 7.781147584565382580e+00
2.015888133073744086e+02 5.520718674240152612e-01 7.767054202617535985e+00
2.015770548700677978e+02 5.680714420658830033e-01 7.815649106691358483e+00
2.016235048831339896e+02 5.670555601434904558e-01 7.801393952900636641e+00
2.016343051333712708e+02 5.886311726422319701e-01 7.824535245333221312e+00
2.016783941825487716e+02 5.621548914488309068e-01 7.774741193333190026e+00
2.016706359217205318e+02 5.991621802319333501e-01 7.712525778852234559e+00
2.016615721734330009e+02 5.781861416962965627e-01 7.743132332761287095e+00
2.016587032685831105e+02 5.690839301733899847e-01 7.743381212519556911e+00
2.016575052519285407e+02 5.903880374812916498e-01 7.720972984102239423e+00
2.017619657428325581e+02 4.625792314366810043e-01 7.586967072076709506e+00
2.017209005827180022e+02 4.633043765505491796e-01 7.517425542529591276e+00
2.016960770893738584e+02 4.859920290601055792e-01 7.664583618508056695e+00
2.016505637692160633e+02 5.169877404093619067e-01 7.743440038644238577e+00
2.015948441164259464e+02 5.081332773730967700e-01 7.941499681547036893e+00
2.015773501319628451e+02 5.158168742738650225e-01 7.909061598871443444e+00
2.015412693546434753e+02 5.298333297509731921e-01 7.749587368673505061e+00
2.015233273866154775e+02 5.436846195703204376e-01 7.683759803882750816e+00
2.014821366553501889e+02 5.496102203604005254e-01 7.706023229531619556e+00
2.014952469622528497e+02 5.514858687204525767e-01 7.582380896894772349e+00
2.014863234916472550e+02 5.457695531816448842e-01 7.664231793031593298e+00
2.014356131096281501e+02 5.451892108362246248e-01 7.637184219665799745e+00
2.014367737943189809e+02 5.400917008782061268e-01 7.657271078701436196e+00
2.014388361024977314e+02 5.088550286720794347e-01 7.725269553747280860e+00
2.014422683806186001e+02 5.306964900035182620e-01 7.774305653756218071e+00
2.014952684564138110e+02 5.398156706008523376e-01 7.798146072055215150e+00
2.015551749455009940e+02 5.503726974380090953e-01 7.820978527333219077e+00
2.015583594751352052e+02 5.407206879036519087e-01 7.875664197854883142e+00
2.015574578516473139e+02 5.491984374876267561e-01 7.927640472826289475e+00
2.016048004380283771e+02 5.507414919888999894e-01 7.917404727131627240e+00
2.016333390274005239e+02 5.530458922961533075e-01 7.929754819499954976e+00
2.016395067203191047e+02 5.863007530875230522e-01 7.902617875675510994e+00
2.017038885199686433e+02 5.623472076256758045e-01 8.046763375307282473e+00
2.017245444086334203e+02 6.022324514316808042e-01 8.013500595614512889e+00
2.017301724849851894e+02 5.765310913038018681e-01 8.054760334449143855e+00
2.017512989826474268e+02 6.013964416982197081e-01 8.041621745755751505e+00
2.017951889280183195e+02 5.889490599698402606e-01 8.062277634420523142e+00
2.018159602063892066e+02 6.197716867599362134e-01 7.990880819402666368e+00
2.018538894815495155e+02 5.711281380060885260e-01 8.100852865680725046e+00
2.018166559384407321e+02 5.888427204367613355e-01 8.052315656459956728e+00
2.017619238857822950e+02 5.816908212013878199e-01 7.975263614571231230e+00
2.017681085477752845e+02 5.590812264341978866e-01 8.103816797347393575e+00
2.017315039916919375e+02 5.779112426905711475e-01 8.097893459100571789e+00
2.017348548182555703e+02 5.724370192802623603e-01 7.998676412194655860e+00
2.017060978934590878e+02 5.639219377325470628e-01 7.956492424439539413e+00
2.017053048720475203e+02 5.621662041651158681e-01 7.861050430957926771e+00
2.016665871005621398e+02 5.770118817459141125e-01 7.866163778718743949e+00
2.016512990957745899e+02 5.536330222713445881e-01 7.885332045192039452e+00
2.016451698660913792e+02 5.489687893470412972e-01 7.888060672359979542e+00
2.016363979858840025e+02 5.800685776861196352e-01 7.861142063959835724e+00
2.016202592648318159e+02 5.549837605957729236e-01 7.911136351038111414e+00
2.016130779525340984e+02 5.539475157840674235e-01 7.822710504196452419e+00
2.017007990171512120e+02 5.776442625862453495e-01 7.742711499715484891e+00
2.016606185114501670e+02 5.614625532121891860e-01 7.734473579716752312e+00
2.016263104367726555e+02 5.600416760467938904e-01 7.658146682941894490e+00
2.016298252977224195e+02 5.717571250315341969e-01 7.706046986235818075e+00
2.016181505745163065e+02 5.676064894265697713e-01 7.772855363528481831e+00
2.016283817951244544e+02 6.093006365665453172e-01 7.759427169298192872e+00
2.016159072628769877e+02 5.900305556466857171e-01 7.874989959964296737e+00
2.016330709160245647e+02 5.999981899653944462e-01 7.812653499419091929e+00
2.016275876424412274e+02 5.996599397484730920e-01 7.769838262095273507e+00
2.016658280172994182e+02 6.312246807268646620e-01 7.681127334803232287e+00
2.016752820542987763e+02 6.043705548095447133e-01 7.665924175387828221e+00
2.016756067292561454e+02 6.210341858973416063e-01 7.586236270604698184e+00
2.017057641683286988e+02 5.925057779698426064e-01 7.645233217302573436e+00
2.017362689077911853e+02 6.108165405487345767e-01 7.523689393536592718e+00
2.017227038296938417e+02 5.866412658477013764e-01 7.519743518096386303e+00
2.016649444941575382e+02 5.786952139291212660e-01 7.517628040151092428e+00
2.016185940329946789e+02 5.904265007166605850e-01 7.518062448456436009e+00
2.015837474730219867e+02 6.021555249609428229e-01 7.456514484236295814e+00
2.014108450485937851e+02 4.369299098037130458e-01 7.244721203763514694e+00
2.013995131006910810e+02 4.584727154252280501e-01 7.330257782865985838e+00
2.014227652577432650e+02 5.262958433686554249e-01 7.297181662991919282e+00
2.014361504636516713e+02 5.455500864857160126e-01 7.356517991178344040e+00
2.014120396714334618e+02 5.484925239914431039e-01 7.270358081408568651e+00
2.013991771130174300e+02 5.449052616574713293e-01 7.279566632464554488e+00
2.013689155969550768e+02 5.545357770308870782e-01 7.302942098124238335e+00
2.013618971877718593e+02 5.258648288781970770e-01 7.291457428551711750e+00
2.013737744085994734e+02 5.496034327306295042e-01 7.281742067806159291e+00
2.013870917382101595e+02 5.401720211638296743e-01 7.365225388902904236e+00
2.014714461384608626e+02 5.129785137579598864e-01 7.361941307365370335e+00
2.014944833539036324e+02 5.356944480582288559e-01 7.269651036640756736e+00
2.014989303826752405e+02 5.315562564411778768e-01 7.320208696990025743e+00
2.015341253743094967e+02 5.512494329500962076e-01 7.412202574547972489e+00
2.015579691864233780e+02 5.639208064609185778e-01 7.363826005898450155e+00
2.015791488538521605e+02 5.653846719481968597e-01 7.372705356910542740e+00
2.015719573601097920e+02 5.686042710029062253e-01 7.364019453346923427e+00
2.016023229531619734e+02 5.903020608375256773e-01 7.325027914127432815e+00
2.016124478342370310e+02 5.645260367821657299e-01 7.321683875193588875e+00
2.016572484532688634e+02 5.675951767102846990e-01 7.301937528918131193e+00
2.016989018746302236e+02 5.683338970836948612e-01 7.348284596266124957e+00
2.017075877781938402e+02 5.639128875595190715e-01 7.373833234724155972e+00
2.017147668279482957e+02 5.586230614246555648e-01 7.379090253981793524e+00
2.016910553746149333e+02 5.932569423311662149e-01 7.421041199781438280e+00
2.016718837143267535e+02 5.763851572637254117e-01 7.382852863418182920e+00
2.016583367365754782e+02 5.467650722147243680e-01 7.417145100292886539e+00
2.016038309382427371e+02 5.453951022726115649e-01 7.449496075053084532e+00
2.015901312388216127e+02 5.855857894183114087e-01 7.262546650813780147e+00
2.015659921648127124e+02 5.628110289933605515e-01 7.312732122797272361e+00
2.015601514093947628e+02 5.552835475773252316e-01 7.384624434788412906e+00
2.014956180193470061e+02 5.392851042070860856e-01 7.389675562609662407e+00
2.014293017452127401e+02 5.584205638031541907e-01 7.270225722628034681e+00
2.013597364589614358e+02 5.219223472528765617e-01 7.408926411911838095e+00
2.013000177609645789e+02 5.444855598832980537e-01 7.361906237944886300e+00
2.013218184965173805e+02 5.262664303063143700e-01 7.287563591606416757e+00
2.013164223308494343e+02 5.415374660194284262e-01 7.270082051131215195e+00
2.013505064137445117e+02 5.444708533521275262e-01 7.277753204044070223e+00
2.014173023470492581e+02 5.820630095671641691e-01 7.169259729784458912e+00
2.015001046426256437e+02 5.639253315474325179e-01 7.152816696664219265e+00
2.016742605160182507e+02 5.768840480518936387e-01 7.232943534839206379e+00
2.018086012844458139e+02 5.777834089965507847e-01 7.328338014912422871e+00
2.019933854547881538e+02 5.828220928298872838e-01 7.211993515551025524e+00
2.021398059416648607e+02 5.993363960627222653e-01 7.247973609695450570e+00
2.022825837338977522e+02 5.877397305989744414e-01 7.294855768523724748e+00
2.023455390000237628e+02 5.817179717204717937e-01 7.357666231881270669e+00
2.023677730126102858e+02 5.789802943795031576e-01 7.324178329134429788e+00
2.023952968513316648e+02 5.639875514869999718e-01 7.469357811034649686e+00
2.023793470526414637e+02 5.838549438267073288e-01 7.484193307170791343e+00
2.023830972180899437e+02 5.596083990130786834e-01 7.399760849177734912e+00
2.023791264546738944e+02 5.844488614316695196e-01 7.393538855220988637e+00
2.023359492104289643e+02 5.544837385359761006e-01 7.519125843787225705e+00
2.022947822358678707e+02 5.686449967815322415e-01 7.517422148714706154e+00
2.023506353787101375e+02 5.798751302376462524e-01 7.574786670452655635e+00
2.023358473959823982e+02 5.814724857770874333e-01 7.611812059581813728e+00
2.023408611918399060e+02 5.777370268597822323e-01 7.558601567263713683e+00
2.023023787248532415e+02 6.009360141454204163e-01 7.515577044688622976e+00
2.022933839841350334e+02 5.908462024908338606e-01 7.578808341091971101e+00
2.022634052859798146e+02 5.927501326415984817e-01 7.554423781139665728e+00
2.022690039492692620e+02 5.651606801657539370e-01 7.598502648872518250e+00
2.022496954051140392e+02 5.898190078521563517e-01 7.479951038563918964e+00
2.020721332728480206e+02 4.601922483005471687e-01 7.456069894486295091e+00
2.021308281700210614e+02 4.638360742159439165e-01 7.304865259892687313e+00
2.021503754124899217e+02 4.919085796771576757e-01 7.413153973987539835e+00
2.021594018288137136e+02 5.288140540136951895e-01 7.428914850315794460e+00
2.021713638950134566e+02 5.425148847064519275e-01 7.570182394924662717e+00
2.022039275488398289e+02 5.525255073470436429e-01 7.508825615609738158e+00
2.022837455498602424e+02 5.712955662071064200e-01 7.418943822182200165e+00
2.023420535521363490e+02 5.791669541982056302e-01 7.359807729074019811e+00
2.023724972029309015e+02 5.878110007115698865e-01 7.318469932497022157e+00
2.024409549742579202e+02 5.905667783985945052e-01 7.270646555673835998e+00
2.025417026316771967e+02 6.107984402026785942e-01 7.373482540519321837e+00
2.026475715557586739e+02 5.656516520525226577e-01 7.443320463233106032e+00
2.027112463106404050e+02 5.729924736498556159e-01 7.417224289306881602e+00
2.027370313848687999e+02 5.827112282102943075e-01 7.401610478290331585e+00
2.027150405956823818e+02 5.664695614399277712e-01 7.376419321666905837e+00
2.026660949974037180e+02 5.887793692255653966e-01 7.412376790378760738e+00
2.025693373350181616e+02 5.572530914825427617e-01 7.412772735448736050e+00
2.024588822357547429e+02 5.578119396670214725e-01 7.431455686393404036e+00
2.023876992310746630e+02 5.478081046562008893e-01 7.480603782293562709e+00
2.023500878432419654e+02 5.764394583018933593e-01 7.406789439805602449e+00
2.023328144567464051e+02 5.485117556091275715e-01 7.357799721933433901e+00
2.023101822365466376e+02 5.483861844583640677e-01 7.422742632310701083e+00
2.023424325281318943e+02 5.101684350327673201e-01 7.396859137450634059e+00
2.023167537934365896e+02 5.216282166294666789e-01 7.328985102283923858e+00
2.022985063820688936e+02 5.264044454449913202e-01 7.444236793252191120e+00
2.022367808082030649e+02 5.420657698699377081e-01 7.466311296539100972e+00
2.021766548524199720e+02 5.357091545893992723e-01 7.410102934405476738e+00
2.021394484598302483e+02 5.657002967325481801e-01 7.347080923253401785e+00
2.021624392931362308e+02 5.359252274704426888e-01 7.264494700558056017e+00
2.021207915281330258e+02 5.438599666727378379e-01 7.215758387530671669e+00
2.021403218015274490e+02 5.510458040569663485e-01 7.277517899545341784e+00
2.021525813921655015e+02 5.515198068693075717e-01 7.229246539157270668e+00
2.021472338711775762e+02 5.430137754946202655e-01 7.275156935656663215e+00
2.021447167918041714e+02 5.460274831129428019e-01 7.228143549319483441e+00
2.021931827309123264e+02 5.717220556110507168e-01 7.261255869885662406e+00
2.021943106087259423e+02 5.469325004157423731e-01 7.248274527948630919e+00
2.022013799251324428e+02 5.509417270671443934e-01 7.157160779717656851e+00
2.022285847452546079e+02 5.406313174450003700e-01 7.232145988341114773e+00
2.022689553045892410e+02 5.489948085944967859e-01 7.139724490107595578e+00
2.022478322007418967e+02 5.587180882414495287e-01 7.155003444722108696e+00
2.023327250862877520e+02 5.641832614787304356e-01 7.227306408314394304e+00
2.023991137618062339e+02 5.658507558591385767e-01 7.352123000901623406e+00
2.023767960351191846e+02 5.887669252376518392e-01 7.279887913607048233e+00
2.023478230374416853e+02 5.715738590277172904e-01 7.290806947365324753e+00
2.023003899493303379e+02 5.533841425130746616e-01 7.348367179095005142e+00
2.022651248188551278e+02 5.448848987681583766e-01 7.301156951494466085e+00
2.022532306289530766e+02 5.702559275805154648e-01 7.277285988861499355e+00
2.022417255964912499e+02 5.566048728394126233e-01 7.307807697398414959e+00
2.022148940960065033e+02 5.476304950105265190e-01 7.258802141723447399e+00
2.021824503569727653e+02 5.464641539615435750e-01 7.319150958017378805e+00
2.021609335705987007e+02 5.752799048826814365e-01 7.238501472350024279e+00
2.021832286718531577e+02 5.584386641492101733e-01 7.153988694071344412e+00
2.021840228245363846e+02 5.537766937681639634e-01 7.171815272393239127e+00
2.021744319036699551e+02 5.479630888693053370e-01 7.222263199394543420e+00
2.021611620874676589e+02 5.776691505620723532e-01 7.098229446774235285e+00
2.021734329908219934e+02 5.696359907280977852e-01 7.091028902858836247e+00
2.021814310812354734e+02 5.823910783394290469e-01 7.157034077295265639e+00
2.022269500577514236e+02 5.571433581345783814e-01 7.160511606281272812e+00
2.022259692452495017e+02 5.834816241893024946e-01 7.093119492828303230e+00
2.022360443503729357e+02 5.614761284717312284e-01 7.088186017256417060e+00
2.023610928536439815e+02 4.482629889780205268e-01 6.837254132252440719e+00
2.024202809852470750e+02 4.532145648959626238e-01 6.867608412588338318e+00
2.024657343480085672e+02 4.916529122891168391e-01 7.006169955461835741e+00
2.024607171583361662e+02 5.114184901822591556e-01 7.136937036814972934e+00
2.024660816483985286e+02 5.192921407166153358e-01 7.264879332911745813e+00
2.024854546750365785e+02 5.297484843788357045e-01 7.214093155693520387e+00
2.024909311609901295e+02 5.461349539176502121e-01 7.214364660884360347e+00
2.024804714235130234e+02 5.550131736581138675e-01 7.244930489014786978e+00
2.024278435360835999e+02 5.549271970143478949e-01 7.334253434257846038e+00
2.023581594663112924e+02 5.490298780149802660e-01 7.323740527014201085e+00
2.023442629256268219e+02 5.432547363514905747e-01 7.355879953979870045e+00
2.022986172466884796e+02 5.088120403501964484e-01 7.561477259743360158e+00
2.022557115076343734e+02 5.318390743483026872e-01 7.455184108801180543e+00
2.022460945675205153e+02 5.181914134220854118e-01 7.685663734033514771e+00
2.021811641011311451e+02 5.261838474774339636e-01 7.577683857093242992e+00
2.021318531021165086e+02 5.473250516708316749e-01 7.562374358144760222e+00
2.021730427021101661e+02 4.912875115531115111e-01 7.563268062731274277e+00
2.021218571860070767e+02 5.329499830874891986e-01 7.389078251189815205e+00
2.020557660349268758e+02 5.149921772566888878e-01 7.363718535093743078e+00
2.020042920445585253e+02 5.187378176186505652e-01 7.309268169070807453e+00
2.020024084772970809e+02 5.335597384952504019e-01 7.275656957716460482e+00
2.019969229411704816e+02 5.602226795073538268e-01 7.182049886816273876e+00
2.019900832729045703e+02 5.332972834774384330e-01 7.208848580423796726e+00
2.019953934619287566e+02 5.392658725894016181e-01 7.195762030225315797e+00
2.020021086903155094e+02 5.450806087598887295e-01 7.141842230596146202e+00
2.020082017193066122e+02 5.413949257942375359e-01 7.266284372274342651e+00
2.019944216995998829e+02 5.760355943305190962e-01 7.097522402006423370e+00
2.020190992589039638e+02 5.493647344170161650e-01 7.097507695475252731e+00
2.020111249251946504e+02 5.502245008546756688e-01 7.099789470349936238e+00
2.020180437824745638e+02 5.433588133413125298e-01 7.117602473412288688e+00
2.020620525113664598e+02 5.556670486593865421e-01 7.129882426939650131e+00
2.020322073032633909e+02 5.658439682293675554e-01 7.078428799460609433e+00
2.019913842352773372e+02 5.541217316148563388e-01 7.081650661058576546e+00
2.019406512278256685e+02 5.733182798788634127e-01 7.083838540388094351e+00
2.018941910333148257e+02 5.370169045919446216e-01 6.988920325670476608e+00
2.018015545934718773e+02 5.348901139303656738e-01 6.889031303417231911e+00
2.017516315765062132e+02 5.180228539494389217e-01 6.890689747624612060e+00
2.017354476045888987e+02 5.086016238272955681e-01 6.873398260782998648e+00
2.017192941770055370e+02 5.130384711542703702e-01 6.890921658308454489e+00
2.016308027164094483e+02 5.110858963234803376e-01 6.851633725922297913e+00
2.016033976612090441e+02 5.132025055404028091e-01 6.822099617517062065e+00
2.015441778540003384e+02 5.132692505664843141e-01 6.841135525209822710e+00
2.015052869979557784e+02 5.130644904017258590e-01 6.791400299334473090e+00
2.014352216896446919e+02 5.162377073196667832e-01 6.703630590037342962e+00
2.013873609808577498e+02 5.115700805804781481e-01 6.710249660335693811e+00
2.014207142622807964e+02 5.267460894767981294e-01 6.673632660264423144e+00
2.015015481452236088e+02 5.413372309411840222e-01 6.715303050700200949e+00
2.014964393225492927e+02 5.356944480582288559e-01 6.598605594590711831e+00
2.015310573656529982e+02 5.414017134240085571e-01 6.590402744012462399e+00
2.015046263353247582e+02 5.327282538483032459e-01 6.638153719451423740e+00
2.015097159263813751e+02 5.384061061517420033e-01 6.533640058780873616e+00
2.015601242588756747e+02 5.367906502662447288e-01 6.460913999599529944e+00
2.016070346994946476e+02 5.443724327204481073e-01 6.494086277562018950e+00
2.016807641966104825e+02 5.506068706651084943e-01 6.489030624654255064e+00
2.017267605697536510e+02 5.638891308553205528e-01 6.589768100628873526e+00
2.016752730041257564e+02 5.692717212637209423e-01 6.564273763209010681e+00
2.016810696399501808e+02 5.722503594615599987e-01 6.661646837360471807e+00
2.016582711228210201e+02 5.673157526180453436e-01 6.665498817255512520e+00
2.016248352585691066e+02 5.878766144660227955e-01 6.635705647647350602e+00
2.016266396368165488e+02 5.668926570289866129e-01 6.561378839111680072e+00
2.013406043931802287e+02 4.358110821631270837e-01 6.403405806364760089e+00
2.013295552631846874e+02 4.469529764322181520e-01 6.343476691845002513e+00
2.013730379507693158e+02 4.738342528686220190e-01 6.430055172117321582e+00
2.013458670687960250e+02 5.008795636911582694e-01 6.570294390815884178e+00
2.013447934920205853e+02 5.217684943114005991e-01 6.408514629039063770e+00
2.013548222150072320e+02 5.302202246479199577e-01 6.455271216716574223e+00
2.013272995075574556e+02 5.327463541943592285e-01 6.462976307778284024e+00
2.012969621962959934e+02 5.164028729774277071e-01 6.535513444597668808e+00
2.012741467100924240e+02 5.113664516873481780e-01 6.661160390560216804e+00
2.012542227541712805e+02 5.429753122592512193e-01 6.617715034939323893e+00
2.012873599627132819e+02 5.341434746555561164e-01 6.729072888962296162e+00
2.013091810611554138e+02 5.337203790664972747e-01 6.643477483735142464e+00
2.013495403077737649e+02 5.345801455041568895e-01 6.748587324553911415e+00
2.013441249104881194e+02 5.401188513972901006e-01 6.669362109866837862e+00
2.013428578862642269e+02 5.395486904965264285e-01 6.673698274018876830e+00
2.013418080661929537e+02 5.290097640054255423e-01 6.815218092200900024e+00
2.013839818725034263e+02 5.335823639278203245e-01 6.765511148116263307e+00
2.013805631696421017e+02 5.369241403184077388e-01 6.729631737146774206e+00
2.013736205556579932e+02 5.336864409176422797e-01 6.756854657614985271e+00
2.013987777741325829e+02 5.389129158413097365e-01 6.714088064971192260e+00
2.014021919519073833e+02 5.385656154513603910e-01 6.675211915457808232e+00
2.014335247822019426e+02 5.269225678508441257e-01 6.723896189990282046e+00
2.014121414858800279e+02 5.276262188037708079e-01 6.809379599326214283e+00
2.013615012427018769e+02 5.337215103381257597e-01 6.844478432872038276e+00
2.014107816973825891e+02 5.039645414220763620e-01 6.793864208941344351e+00
2.013692199090231441e+02 5.066773307872179943e-01 6.840847050944555363e+00
2.013703274239474297e+02 5.080348567414173511e-01 6.864796071319888782e+00
2.013787350346904361e+02 5.145317497038895960e-01 6.828727737988440794e+00
2.013867059745848564e+02 5.250163751568225345e-01 6.844806501644303154e+00
2.013719609801789829e+02 5.080246752967608748e-01 6.842393499260714052e+00
2.013761353724881644e+02 5.574906585245276158e-01 6.856184831683751035e+00
2.013415535300765669e+02 5.368121444271862774e-01 6.825321479115029177e+00
2.013708862721319122e+02 5.412376790378761182e-01 6.844381143511987453e+00
2.013631879686999753e+02 5.338346375009757061e-01 6.913396631751853150e+00
2.013687074429754205e+02 5.464347408992025201e-01 6.960519751436997637e+00
2.013783945219302609e+02 5.552699723177833002e-01 6.875759224671676328e+00
2.013836685102623392e+02 5.790651397516406451e-01 6.839194263095317972e+00
2.014088223349220073e+02 5.596264993591346659e-01 6.976845132307873065e+00
2.014016817484029218e+02 5.758659035862442321e-01 6.970164973341583803e+00
2.014979654079761531e+02 5.751905344240300089e-01 7.016438508033725263e+00
2.016044983885035720e+02 5.728193890906951857e-01 6.993911496095416069e+00
2.016283806638528233e+02 5.877691436613153853e-01 6.935113653204156847e+00
2.016462592806696250e+02 5.780040069641081413e-01 6.957804699528598924e+00
2.016747526191766440e+02 6.100291754952990031e-01 6.873057748022819879e+00
2.016992616190080696e+02 5.859964410194566931e-01 6.881205166291272768e+00
2.016865789327809750e+02 5.750774072611800625e-01 6.972403759894384656e+00
2.016667771541957279e+02 5.533931926861026529e-01 6.880353318755012992e+00
2.015908857969978385e+02 5.444335213883870761e-01 6.917661525791296562e+00
2.015325800572649655e+02 5.384920827955079758e-01 6.832127209232081277e+00
2.015142636383279466e+02 5.352939779017400479e-01 6.766161629302650304e+00
2.015291704045766608e+02 5.368268509583568049e-01 6.857213157594056696e+00
2.015427490579335483e+02 5.611955731078633880e-01 6.819539549821768354e+00
2.015806636265627105e+02 5.446756135168859814e-01 6.811260904044408981e+00
2.016223815304068978e+02 5.458227229481843468e-01 6.822400535770243302e+00
2.016852089628388569e+02 5.706269846746632179e-01 6.782006219731413488e+00
2.016877283047555238e+02 5.643144889876363646e-01 6.851731015282348736e+00
2.017048795139152162e+02 5.537065549271970033e-01 6.900307819010114585e+00
2.017372655580958849e+02 5.612261174418328169e-01 6.929942610590286378e+00
2.017623266184820352e+02 5.668157305582486316e-01 6.880698356601705257e+00
2.017811000711569989e+02 5.699278588082505870e-01 6.796959368116919364e+00
2.019607301679598947e+02 4.454280222770009012e-01 6.649442679032219417e+00
2.020316857870426475e+02 4.548967658075412923e-01 6.670109880413276571e+00
2.020385605247290357e+02 4.797462783991601198e-01 6.798519391692620317e+00
2.020539729693957156e+02 5.057938076453599718e-01 6.946300798338388205e+00
2.020402087874917640e+02 5.241803654233614385e-01 6.841462462710459214e+00
2.020382686566488815e+02 5.216383980741231552e-01 6.854491318055886850e+00
2.020879054618925466e+02 5.516657409093840281e-01 6.935837667046397037e+00
2.020976536295153210e+02 5.669446955238975905e-01 6.879271823078167536e+00
2.020872165174708073e+02 5.594635962446307120e-01 6.940135367963065960e+00
2.021030135944911592e+02 5.600224444291094228e-01 6.933995956835199870e+00
2.020670674384955987e+02 5.354704562757859332e-01 6.960414543175547308e+00
2.020177677521972157e+02 5.155001182178852170e-01 7.035033219791371195e+00
2.019825637103899396e+02 5.467175588063274416e-01 6.941938614938893970e+00
2.019377076590483000e+02 5.247482637808681405e-01 6.944190976751237088e+00
2.019268044630928216e+02 5.211225382115274307e-01 6.962556040368296451e+00
2.019513078065661205e+02 5.337792051911792734e-01 6.947329124248693866e+00
2.019294505074318806e+02 5.357668494424527861e-01 7.016059532038178226e+00
2.019028577052607432e+02 5.380995315404186741e-01 6.991953264906483057e+00
2.019316892939846753e+02 5.419888433991997267e-01 6.984635068741720687e+00
2.019447950758008687e+02 5.396165667942364186e-01 7.027024947933223409e+00
2.019156150554153442e+02 5.679877279653740008e-01 6.923816774721961664e+00
2.018833511885705434e+02 5.436529439647224127e-01 6.926091761966874039e+00
2.019100639055342867e+02 5.435171913693025436e-01 6.909767512367626985e+00
2.019201016786939817e+02 5.341875942490675877e-01 6.900651725585178475e+00
2.019090231356360619e+02 5.413327058546700821e-01 6.839015522178014450e+00
2.019134916585686597e+02 5.325811885365983045e-01 6.865894536071161625e+00
2.019305648099859525e+02 5.392828416638291156e-01 6.868556418213020542e+00
2.019390357719401550e+02 5.370666805435986291e-01 6.915923892569921350e+00
2.019130515939051520e+02 5.433916202185390398e-01 6.943412661870828728e+00
2.018971119766596019e+02 5.426540311167573627e-01 6.881493640556540115e+00
2.019792275903574819e+02 5.046806363629164904e-01 6.939331033835203222e+00
2.019795296398823155e+02 5.075088154341650393e-01 6.956714153678725587e+00
2.019531766672964181e+02 5.136697207229731221e-01 6.913136439277298706e+00
2.019378106047664971e+02 5.269440620117855634e-01 6.920394678045751036e+00
2.018898446877181243e+02 5.225660408094927600e-01 7.007357790671760789e+00
2.018373152209203738e+02 5.214868076759042737e-01 7.032237847597349045e+00
2.017487445713102829e+02 5.167083163171225513e-01 6.972467111105580706e+00
2.016622554614966134e+02 5.057824949290748995e-01 6.955627001643737373e+00
2.016193157842936614e+02 5.051727395213136962e-01 6.855444980038711833e+00
2.015889083341912169e+02 5.128914058425654288e-01 6.855796805515175230e+00
2.015429651308145935e+02 5.454256466065811049e-01 6.813505346955351705e+00
2.015202820033915430e+02 5.227493068133096665e-01 6.860571903059071275e+00
2.014866809734818673e+02 5.231316766237424920e-01 6.849073658227003314e+00
2.014471136170034526e+02 5.237878141682721367e-01 6.839773474169109413e+00
2.014097047267922562e+02 5.337780739195507884e-01 6.785912500664622371e+00
2.013896993193138485e+02 5.264067079882484013e-01 6.777034280924158161e+00
2.013564173080034152e+02 5.298061792318892183e-01 6.847281723967459932e+00
2.013281988685021133e+02 5.281579164691655448e-01 6.888284664142422464e+00
2.013097500907845472e+02 5.341921193355815278e-01 6.832003900624575188e+00
2.013785099116363710e+02 5.448283351867333479e-01 6.802036515185625021e+00
2.013900047626535468e+02 5.493002519341916301e-01 6.861609279142405704e+00
2.013974462674258348e+02 5.473363643871166362e-01 6.839633196487175049e+00
2.014322475765333422e+02 5.659163696135915966e-01 6.781189441615636859e+00
2.014358201323361470e+02 5.647624725525220990e-01 6.768627801452779202e+00
2.014616131254659308e+02 5.653677028737693622e-01 6.659307367632735009e+00
2.014691734137591936e+02 5.536703542350850382e-01 6.683566356434276656e+00
2.014910386317948507e+02 6.012731330907132854e-01 6.599490249004198006e+00
2.015021805260639383e+02 5.798377982739058023e-01 6.549871544106584231e+00
2.015610835772166354e+02 5.636357260105366862e-01 6.490796539666343179e+00
2.015669526144253041e+02 5.776091931657618694e-01 6.510744252291673639e+00
2.015654977991110570e+02 4.422152108520625013e-01 6.361148285953792225e+00
2.016049124339195942e+02 4.477143222381982923e-01 6.316701754941677294e+00
2.015753726691562235e+02 4.659617336058943793e-01 6.418071611756626993e+00
2.015725705093324223e+02 5.141629551529988129e-01 6.478716821217225252e+00
2.015483793968285795e+02 5.226180793044037376e-01 6.500381804174618416e+00
2.015524463183330397e+02 5.453803957414410375e-01 6.553030054493354406e+00
2.015565980852096288e+02 5.465320302592535651e-01 6.539803226612939113e+00
2.015258885855824076e+02 5.409910618228632728e-01 6.598649714184222859e+00
2.015077531701059286e+02 5.459912824208308368e-01 6.605472413375703233e+00
2.014552576414570240e+02 5.187140609144521575e-01 6.652132842964791237e+00
2.014499836531249741e+02 5.066795933304749644e-01 6.656220127358559502e+00
2.014075654921427656e+02 5.243907819462623188e-01 6.699466379172836383e+00
2.013988286813558375e+02 5.292111303552984314e-01 6.712049513496635811e+00
2.013852013833189574e+02 5.323628531122979179e-01 6.719298702092060260e+00
2.013741782725708447e+02 5.362872343915625617e-01 6.735411403896778282e+00
2.013957165531058422e+02 5.423961011854595560e-01 6.704061604527801421e+00
2.014207267062687094e+02 5.444866911549265387e-01 6.652851200448888669e+00
2.014011545758240516e+02 5.385248896727344858e-01 6.780722226433066879e+00
2.014484372048088119e+02 5.434221645525085798e-01 6.841063123825598780e+00
2.015475795877872542e+02 4.994598177973915143e-01 6.908243689484038441e+00
2.015467786474742695e+02 5.271442970900299674e-01 6.913156802166611214e+00
2.015364320371600115e+02 5.419334110894032941e-01 7.019180710461208506e+00
2.015329386703712089e+02 5.465297677159964840e-01 7.002176566613233177e+00
2.015429323239373787e+02 5.492414258095097424e-01 6.988717828048974567e+00
2.016527222354832531e+02 4.890758755193950758e-01 7.023718240963119364e+00
2.016664106221880957e+02 5.021013370499377571e-01 6.971163886189549075e+00
2.016572201714781443e+02 5.148100425245004663e-01 6.943871958152000090e+00
2.016075811036912171e+02 5.084862341211886516e-01 7.029022773629153065e+00
2.015383699054596320e+02 5.091616032834027639e-01 7.008972115285629023e+00
2.014777756032223124e+02 5.451699792185401572e-01 7.015884184935760715e+00
2.014399764242992603e+02 5.354071050645899943e-01 7.079818001020407259e+00
2.014420047943291650e+02 5.461507917204492246e-01 7.081464001239873518e+00
2.014173091346790159e+02 5.447683777904228641e-01 7.101747701538868363e+00
2.014090135198272264e+02 5.356978418731143110e-01 7.127714910499444834e+00
2.014005844149232871e+02 5.661720370016324333e-01 7.033053494441496412e+00
2.014168294755085356e+02 5.344161111180244506e-01 7.039013033380432383e+00
2.014082725369105731e+02 5.541896079125663288e-01 7.020323294805992376e+00
2.014159674465276169e+02 5.310833849004650276e-01 7.056674446044564952e+00
2.014142445198374105e+02 5.250333442312500321e-01 7.074133361087197258e+00
2.014126064385193331e+02 5.567643821390310110e-01 6.999221685119592529e+00
2.014633937470092064e+02 5.489608704456417909e-01 7.032106620088442561e+00
2.014479236074894573e+02 5.523818358502241566e-01 7.055563537305379107e+00
2.014646415396154282e+02 5.463091697484391274e-01 7.033199428481573534e+00
2.014567724141676024e+02 5.757256259043103119e-01 6.958185938067403598e+00
2.014782744940104919e+02 5.554430568769436194e-01 7.035834160104348811e+00
2.014909786743985194e+02 5.516476405633280455e-01 7.026765886730297339e+00
2.015614308776065968e+02 5.607328830118071261e-01 6.892513357489753467e+00
2.015895859658966742e+02 5.583707878515001832e-01 7.044996329023565096e+00
2.016015819702452916e+02 5.631538042967958457e-01 6.986232424281161535e+00
2.015968193166893059e+02 5.548355640124394972e-01 7.027975216101163269e+00
2.016153687775818071e+02 5.632884256205873408e-01 7.040025521487939031e+00
2.016337338411988753e+02 5.592384731905593043e-01 7.041242769760204467e+00
2.015977922102898106e+02 5.525775458419546204e-01 7.061182563484135422e+00
2.015385588278215891e+02 5.468374735989484092e-01 7.014265335235378096e+00
2.014679267524246029e+02 5.306817834723477345e-01 7.022900331575714361e+00
2.014536433168431699e+02 5.309691264659865961e-01 7.053457109533113112e+00
2.013939359315625950e+02 5.344760685143349344e-01 6.943452256377826259e+00
2.014018378638876641e+02 5.745626786702128230e-01 6.934324025607464748e+00
2.013765426302744004e+02 5.405034837509800072e-01 6.967909217714356451e+00
2.013481907007209486e+02 5.616322439564641611e-01 6.863061831913398692e+00
2.009507353831220939e+02 4.518864520041042665e-01 6.808801519524051216e+00
2.009872550938333120e+02 4.594275086796815732e-01 6.799284131313485524e+00
2.010437983123689776e+02 4.765888992840182081e-01 6.843887909081961318e+00
2.010463368859033437e+02 5.203193353552928446e-01 6.770547569406342170e+00
2.010532285926641691e+02 5.311953807916864889e-01 6.806557076613108492e+00
2.010588566690159382e+02 5.591004580518823541e-01 6.771879076113086704e+00
2.010912359255668491e+02 5.699154148203371406e-01 6.820220575342125002e+00
2.010908626059294591e+02 5.686551782261887178e-01 6.823629096758793366e+00
2.010908693935592169e+02 5.698826079431106306e-01 6.815491859934996732e+00
2.010832751671171081e+02 5.514836061771956066e-01 6.791782669144906137e+00
2.010704736973690103e+02 5.433520257115416197e-01 6.860170301630954093e+00
2.010985201835827638e+02 5.485422999430970004e-01 6.899037400971310241e+00
2.011106542030700552e+02 5.439006924513638541e-01 6.849858760737181917e+00
2.011002238786552709e+02 5.515741079074755193e-01 6.850458334700286755e+00
2.010406137827347663e+02 5.405702287770614012e-01 6.827430169430551921e+00
2.010259253519103311e+02 5.356254404888903808e-01 6.924972934326287799e+00
2.010280906058072787e+02 5.394819454704449235e-01 6.873150512296357206e+00
2.010355852803460834e+02 5.535934277643470569e-01 6.789720360966151169e+00
2.009988970101622101e+02 5.522788901320306865e-01 6.742400400017647399e+00
2.009322243854649628e+02 5.441869041733741197e-01 6.828908741449000175e+00
2.008960519751437062e+02 5.394695014825314772e-01 6.888812967992931746e+00
2.007924659572085204e+02 5.365847588298578996e-01 6.900792003267112840e+00
2.007434513513605339e+02 5.140215461994364077e-01 6.741536108493474622e+00
2.006804214213070452e+02 5.061320578622812150e-01 6.782284512552024580e+00
2.005744506827790019e+02 5.287054519373591832e-01 6.779649780929249303e+00
2.005077610890073174e+02 5.214653135149627250e-01 6.751923444586355849e+00
2.004715898099576918e+02 5.173011026504562571e-01 6.763720345128348299e+00
2.003780257273793666e+02 5.156041952077071722e-01 6.797862122876462188e+00
2.003488479695371041e+02 5.472718819042922123e-01 6.759107019427327501e+00
2.003119391013856898e+02 5.250152438851940495e-01 6.782044682966782645e+00
2.002874821400491783e+02 5.184549997115257547e-01 6.694729744864309495e+00
2.002539320173627573e+02 5.203204666269213297e-01 6.816017901242249266e+00
2.002522973298595730e+02 5.348516506949967386e-01 6.900303293923601089e+00
2.001995167207603004e+02 5.329658208902881000e-01 6.956154174222618281e+00
2.002394766284938044e+02 5.409163978953822616e-01 6.784946394693883498e+00
2.002285428882043448e+02 5.374569692554309608e-01 6.814132071437541072e+00
2.002997338117858135e+02 5.436608628661219189e-01 6.797765964788038850e+00
2.003058426785797224e+02 5.387556690849483187e-01 6.841983978931197363e+00
2.003030484376573099e+02 5.402217971154835707e-01 6.817658245103573655e+00
2.002997338117858135e+02 5.370926997910541179e-01 6.828371387425463013e+00
2.003561299650097567e+02 5.377250806313853548e-01 6.717934388508090215e+00
2.003662853904187955e+02 5.394355633336764821e-01 6.640409475078651980e+00
2.003568528475803703e+02 5.415419911059424773e-01 6.620680097877621684e+00
2.004275652432629897e+02 5.629083183534114854e-01 6.618818024777111120e+00
2.004535686529156919e+02 5.652138499322933995e-01 6.710396725647398419e+00
2.004862725844239719e+02 5.671573745900554409e-01 6.665119841259965483e+00
2.004755458668425376e+02 5.567066872859774973e-01 6.650368059224332384e+00
2.003920546268443843e+02 5.451699792185401572e-01 6.652124924063391731e+00
2.003217619329359422e+02 5.606378561950131623e-01 6.715946744256816814e+00
2.002993446543456173e+02 5.369739162700616353e-01 6.728440508121964925e+00
2.002675208521642958e+02 5.209596350970234768e-01 6.786489449195157064e+00
2.002439440201547427e+02 5.304770233075893904e-01 6.646298875176619880e+00
2.002127254482946626e+02 5.198962397662340029e-01 6.748449309415234687e+00
2.001886746134727559e+02 5.203317793432062910e-01 6.712366269552616060e+00
2.002042194169199831e+02 5.403632060690460870e-01 6.655113743705887153e+00
2.001487972885681472e+02 5.392364595270605632e-01 6.565655045867408113e+00
2.001324436259065749e+02 5.328345933813821711e-01 6.585375372895410528e+00
2.001613939981515102e+02 5.402489476345675445e-01 6.641763607217965770e+00
2.002689338104282797e+02 5.460953594106526809e-01 6.698093015415838458e+00
2.002577579780103463e+02 5.747651762917141971e-01 6.621674485639072572e+00
2.002186295549238082e+02 4.350044854920069870e-01 6.290774140488098354e+00
2.002390422201884519e+02 4.552802668896026028e-01 6.233724112262871486e+00
2.002606924966146664e+02 4.875328210181218425e-01 6.427478135347600485e+00
2.002605895508964693e+02 5.193475730264117685e-01 6.415960658897847502e+00
2.002714395770854026e+02 5.401573146326591468e-01 6.465307858604621316e+00
2.003557860584347168e+02 5.577248317516270149e-01 6.564136879341962327e+00
2.003607116151052026e+02 5.595835110372516796e-01 6.526948587098299726e+00
2.004287553410161706e+02 5.646674457357281351e-01 6.466562438840627536e+00
2.004874581570906287e+02 5.466632577681594940e-01 6.447851206105246646e+00
2.005519700529774525e+02 5.383348360391465581e-01 6.585568820343883800e+00
2.005786714572249139e+02 5.477379658152339292e-01 6.539958210826043228e+00
2.006321364856594300e+02 5.452208864418226497e-01 6.557737275739540905e+00
2.006521418931378093e+02 5.470671217395337571e-01 6.578164647535355236e+00
2.007145552801537747e+02 5.471926928902971499e-01 6.628916886604725889e+00
2.007278398028872175e+02 5.505876390474240267e-01 6.553936203067782351e+00
2.007249788169387443e+02 5.580359314494643952e-01 6.593950411839436754e+00
2.007179106318039032e+02 5.587950147121875100e-01 6.695439052175379047e+00
2.007086851116734749e+02 5.491000168559472261e-01 6.684621832863666846e+00
2.007752536593808941e+02 5.585495287688031496e-01 6.718958189331882380e+00
2.008143164687129740e+02 5.529757534551863474e-01 6.587028160744647920e+00
2.007918313138249289e+02 5.571071574424663053e-01 6.575419051292986872e+00
2.008127326884330728e+02 5.635169424895442036e-01 6.634070960144168971e+00
2.007984345463204932e+02 5.576999437758000111e-01 6.617449186106626691e+00
2.008365798943618472e+02 5.709460032739001045e-01 6.582313020597062803e+00
2.008359769265838679e+02 5.805674684742878622e-01 6.628199660392256831e+00
2.008731267555921534e+02 5.957389522840940144e-01 6.626807065017573883e+00
2.008882303631042419e+02 5.994189788916026718e-01 6.575037812754182198e+00
2.008974841650253893e+02 5.858855763998638277e-01 6.563790710223640801e+00
2.009070592480890127e+02 5.714448940620683315e-01 6.657751869143548440e+00
2.009533158137067232e+02 5.672716330245338723e-01 6.572268459807616203e+00
2.009645448158912018e+02 5.953316944978341851e-01 6.543204960399836345e+00
2.010146409174160453e+02 5.947049700156454843e-01 6.530009808125019077e+00
2.010504004135929108e+02 5.896029349711129353e-01 6.607641061087536904e+00
2.011077389160834059e+02 5.844171858260714947e-01 6.688627665700183300e+00
2.011683750753709603e+02 5.985320619348590832e-01 6.620872414054466581e+00
2.011730291268506221e+02 5.787178393616912997e-01 6.728851159723109987e+00
2.011890988403334575e+02 5.797586092599107399e-01 6.637529257512492009e+00
2.011549729003881453e+02 5.736180668604158317e-01 6.608886591150514356e+00
2.011093996228340472e+02 5.553808369373761655e-01 6.569900708289166502e+00
2.010800578306056536e+02 5.450987091059447121e-01 6.725103256817891229e+00
2.009932530960076349e+02 5.403926191313870309e-01 6.726923472868146625e+00
2.009420562671882635e+02 5.381244195162456778e-01 6.702078485363042404e+00
2.009775250265566058e+02 5.515910769819030168e-01 6.750348714479485146e+00
2.009674487901615691e+02 5.456620823769374740e-01 6.795610892335747444e+00
2.009784221249580014e+02 5.545108890550600744e-01 6.802991308440078377e+00
2.009930200540521525e+02 5.433158250194295436e-01 6.770139180348453856e+00
2.009714195535775900e+02 5.529904599863568748e-01 6.722847501190662989e+00
2.009508677419026412e+02 5.568096330041709674e-01 6.802899675438169425e+00
2.008838681797047627e+02 5.514247800525136078e-01 6.726233397174762096e+00
2.008567187918924049e+02 5.553819682090046506e-01 6.821153874435636588e+00
2.008224921687721576e+02 5.458521360105254017e-01 6.857097767887950113e+00
2.008220679419114560e+02 5.786533568788668758e-01 6.734240537761281509e+00
2.008315457356150375e+02 5.514700309176535642e-01 6.791714792847195703e+00
2.008856352259884659e+02 5.516634783661270580e-01 6.782825260390446864e+00
