2.511351959874270392e+02 5.520735927622061334e-01 2.300447224229802856e+01
2.511209195213319276e+02 6.244469639103633618e-01 2.240718527322694342e+01
2.511151650916198719e+02 6.578888778519536018e-01 2.165056682274415678e+01
2.509073605321477487e+02 5.345305744039769991e-01 2.092209027375785979e+01
2.507276270855526263e+02 3.939112653237380468e-01 2.072865694579076035e+01
2.505340453298350099e+02 3.460501662961681935e-01 2.011919661767409195e+01
2.501740954755796338e+02 3.403653834516759402e-01 1.983172289224031104e+01
2.499359808277016555e+02 3.870550450021522093e-01 1.954613534098992034e+01
2.498433573443763578e+02 4.079582392815183645e-01 1.975039818598453678e+01
2.497937094035830512e+02 4.288694258243734292e-01 1.945828780597524599e+01
2.497944424083201795e+02 4.317683339670056464e-01 1.955847425406492235e+01
2.497719065087852073e+02 4.296720774290486711e-01 1.939457348144139459e+01
2.497736408299623179e+02 4.263552880811374846e-01 1.942317322546061220e+01
2.497802949601928049e+02 4.366333389279177801e-01 1.930631149047721706e+01
2.497221729365973601e+02 4.371128747372543533e-01 1.924324910629367835e+01
2.497116631101094129e+02 4.297873943736748581e-01 1.944426937581564019e+01
2.497281922527564859e+02 4.284070162939417337e-01 1.939144964816914296e+01
2.497140037015597613e+02 4.261349299592280260e-01 1.947246265614884919e+01
2.497184930701366739e+02 4.372213411703185781e-01 1.937853643387486713e+01
2.497263643079213580e+02 4.251176289922783402e-01 1.982359133501627468e+01
2.497333609637299787e+02 4.156673482925670737e-01 2.004573858219529114e+01
2.497355816712279761e+02 4.265334013817481673e-01 2.008003224307441670e+01
2.497365955469391281e+02 4.203770749914083060e-01 2.017624539445816367e+01
2.497284069021187349e+02 4.203942012703131836e-01 2.004406477387032126e+01
2.497408953846961879e+02 4.209605102261011478e-01 2.010991759976342763e+01
2.497568787699221389e+02 4.145815422099978775e-01 2.016369639902859845e+01
2.497378160797490807e+02 4.110032916708055151e-01 2.012508577411351496e+01
2.497297062158116603e+02 4.123608347119988027e-01 2.013736303258445659e+01
2.497640946421007300e+02 4.096240553429993936e-01 2.009889284315639557e+01
2.497702566772506998e+02 4.238183152993616476e-01 2.002504318676663786e+01
2.497614058163126742e+02 4.118287783140205938e-01 2.008463236158826959e+01
2.497802983854485888e+02 4.184749162810399437e-01 2.002546791848347851e+01
2.497785811905503977e+02 4.230681842833280415e-01 1.994736523616567681e+01
2.497939366122165268e+02 4.134569165619109143e-01 2.020691970172872587e+01
2.497951731295534614e+02 4.177567543189620869e-01 2.005198624873979085e+01
2.497860482481529232e+02 4.183253467786040014e-01 2.001712399540102183e+01
2.498251486846446880e+02 4.269604166024431047e-01 2.006830188377650259e+01
2.498227430133345308e+02 4.211751595883755916e-01 2.013788595496702172e+01
2.498162875479393108e+02 4.261566232458408598e-01 1.973004074912627459e+01
2.498024335300571863e+02 4.214434712912186742e-01 1.994777055809975863e+01
2.498011970127202517e+02 4.194568229382529267e-01 1.999341323313318597e+01
2.497638183381343993e+02 4.388928659914345665e-01 1.964773071095750723e+01
2.497239266675572367e+02 4.395996104342425048e-01 1.946328068715197901e+01
2.497375180824961376e+02 4.364175478137163333e-01 1.952332998800018871e+01
2.497302028778998988e+02 4.347231879540604527e-01 1.954111734127079103e+01
2.497195811597231057e+02 4.391406261595918181e-01 1.922251146604372707e+01
2.497577236663481131e+02 4.300077524955842612e-01 1.941419905531445522e+01
2.497521918782618400e+02 4.294037657262055885e-01 1.943783788721089323e+01
2.496593937068917342e+02 4.328187457398381399e-01 1.925630846483461056e+01
2.496422468764521625e+02 4.316164809607157538e-01 1.903053958054317718e+01
2.496629468388885300e+02 4.254829896089157293e-01 1.923630382932178762e+01
2.496539703852385230e+02 4.324796454175215410e-01 1.911557269705781792e+01
2.496582382539416187e+02 4.303856723834185716e-01 1.906899835245197039e+01
2.496498680705648496e+02 4.263689891042613533e-01 1.920723254175672068e+01
2.496239891213876376e+02 4.269832516409829415e-01 1.922908909889512685e+01
2.496609967265972330e+02 4.303639790968057377e-01 1.919768064513550954e+01
2.496885723191379327e+02 4.259145718373186229e-01 1.939589106316514133e+01
2.496869921344709837e+02 4.321690888933797936e-01 1.917064624300819631e+01
2.496900486043795411e+02 4.266441513186663981e-01 1.918481880967794595e+01
2.496910316527886664e+02 4.292416369525727804e-01 1.932291941400724156e+01
2.497252271230020710e+02 3.813565611345360318e-01 1.896584220760018624e+01
2.497717478052673528e+02 3.863540093189792302e-01 1.913338745237467364e+01
2.497889094784819690e+02 4.127593061345189440e-01 1.913104457742048581e+01
2.498123873233567167e+02 4.268747852079187166e-01 1.923297105544689956e+01
2.498287520537262765e+02 4.312625378633482831e-01 1.934970263071061325e+01
2.498118347154240269e+02 4.332354851931901618e-01 1.918505515232683223e+01
2.498238333864248091e+02 4.316667180455033836e-01 1.921880305578485704e+01
2.498455106885106716e+02 4.135642412430481363e-01 1.919299489522713387e+01
2.498237214947359632e+02 4.137355040320969124e-01 1.896039490915650916e+01
2.498580436994132583e+02 4.049919677751936398e-01 1.904777432588111807e+01
2.498579009804223858e+02 4.066201060230839603e-01 1.904043971150212400e+01
2.498620660914520499e+02 4.020576653228246644e-01 1.918267345780712674e+01
2.498813217377007732e+02 4.077104791133611128e-01 1.921594867596737899e+01
2.498857368924024343e+02 3.997661692053520732e-01 1.928424827624002802e+01
2.498681835982768575e+02 4.043023496112905790e-01 1.931137630202535505e+01
2.499038770470184829e+02 4.050319290926382987e-01 1.921688491254750986e+01
2.498947612996333874e+02 4.118812989026622295e-01 1.912917210426022052e+01
2.498999151678318356e+02 4.097576403184574612e-01 1.921167395675271905e+01
2.499091861934790018e+02 3.956421612450576331e-01 1.919803915524058269e+01
2.499149965690354520e+02 3.918458360878098734e-01 1.924508732689613666e+01
2.499215193977943557e+02 4.034311928909958267e-01 1.911755135314729515e+01
2.499170254622097218e+02 3.992181282803959896e-01 1.929348276582553723e+01
2.499141882086711632e+02 4.019777426879352356e-01 1.941746104056987221e+01
2.499231212757479454e+02 4.045763700737685653e-01 1.923993003344191521e+01
2.499121981350623969e+02 4.044804629119012618e-01 1.917384200665184579e+01
2.499548642628221558e+02 3.975226266688131616e-01 1.938888413158919377e+01
2.499550366673631459e+02 4.032233940402832895e-01 1.948107717443800269e+01
2.499649801848952961e+02 4.452158881631152476e-01 1.926518558606697340e+01
2.499665969056239305e+02 4.156821910676180010e-01 1.935926822835495287e+01
2.499919152546049759e+02 4.049816920078506688e-01 1.937002809851492202e+01
2.499890460320124532e+02 4.089070351328485398e-01 1.929090468997438990e+01
2.500179860181059155e+02 4.027952370676613492e-01 1.936217056175336637e+01
2.500181275953448505e+02 4.026753531153272059e-01 1.948701542621028437e+01
2.500141040615541215e+02 3.972337634312842480e-01 1.946078710094343123e+01
2.499847656040381594e+02 4.016306501021297271e-01 1.939230482036246173e+01
2.499700872412647357e+02 4.090155015659127646e-01 1.924439999223608666e+01
2.499552136389118289e+02 4.089801072561760065e-01 1.920048478786820212e+01
2.499609064140198029e+02 4.068724331989491128e-01 1.924904349732316433e+01
2.499517564140768968e+02 3.977601110696274422e-01 1.910886947149445092e+01
2.499323911596431742e+02 4.087106538014059764e-01 1.893565771190630187e+01
2.499667396246148030e+02 4.004797641597219737e-01 1.935094828206296214e+01
2.499340329989142049e+02 4.071430284056462012e-01 1.916371580881135728e+01
2.499332691668750499e+02 4.067685337735928996e-01 1.924541044269147605e+01
2.499221359438349452e+02 4.073211417062569395e-01 1.933285836453170603e+01
2.499136161909557359e+02 4.164129123008927236e-01 1.909131503561695098e+01
2.499464461258644405e+02 4.193574905206046144e-01 1.925825857712591471e+01
2.499279725796857292e+02 4.122569352866425341e-01 1.917872413789166330e+01
2.499162479291474313e+02 4.106333640464601697e-01 1.911038343454964306e+01
2.499278013168966766e+02 4.146900086430621024e-01 1.921159403411783018e+01
2.499395556529850637e+02 4.070802320496616500e-01 1.925475225695812043e+01
2.499559569194162805e+02 4.072846056445931784e-01 1.900470858494691484e+01
2.499517872413789235e+02 4.163900772623528868e-01 1.908688275463637041e+01
2.499254070631057800e+02 4.128061179635256206e-01 1.915602610958306684e+01
2.499059287752313026e+02 4.235557123561535242e-01 1.915453840682219777e+01
2.498791078807143151e+02 4.264317854602459046e-01 1.884298284974430615e+01
2.499182528455312422e+02 4.139307436116125283e-01 1.907155245151265177e+01
2.499056798733112146e+02 4.275997976815585355e-01 1.874492234374268662e+01
2.499209713568694156e+02 4.227359344725734047e-01 1.898846944728930808e+01
2.499348013979610528e+02 4.287541088797472422e-01 1.899522976044902833e+01
2.499055234532972065e+02 4.251084949768623722e-01 1.873308694326748736e+01
2.498588372170025025e+02 3.634470404077424499e-01 1.858177056038326214e+01
2.498818880466565417e+02 3.754411444007914600e-01 1.847464796933710929e+01
2.498860463071746665e+02 3.857477390457465516e-01 1.873329131686242022e+01
2.498790051230408835e+02 4.172121386497870121e-01 1.849906547604775753e+01
2.498890365554714492e+02 4.125663500588573340e-01 1.868853007431663116e+01
2.499092250130445052e+02 4.107623820142102256e-01 1.881027622404369737e+01
2.499342761920746341e+02 4.131612028128200387e-01 1.876930788139937789e+01
2.499692754556446630e+02 4.117180283771024185e-01 1.891258404721372699e+01
2.499707448903746752e+02 4.137092437377761223e-01 1.879175814953981671e+01
2.499884934240797634e+02 3.899847804468131729e-01 1.892413286795524741e+01
2.499960643811076579e+02 3.811065174625248297e-01 1.911416948393954485e+01
2.500111925941403115e+02 3.824674857594990707e-01 1.913350391107122661e+01
2.500002774457182682e+02 3.902530921496562555e-01 1.903933792089257437e+01
2.499971342026632612e+02 3.894869766066447747e-01 1.900664499621509407e+01
2.500097128836429192e+02 3.861644784990985735e-01 1.913951295146298293e+01
2.500288064011180040e+02 3.829116272590988856e-01 1.910378639191548444e+01
2.499988491140576059e+02 3.809089943791552635e-01 1.902184742312298837e+01
2.499904618044019173e+02 3.832724208680283184e-01 1.891118882635894138e+01
2.500249975166895524e+02 3.862135738319592559e-01 1.884546387668165934e+01
2.500196666769424212e+02 3.813519941268280755e-01 1.888067893136586761e+01
2.500222139254915419e+02 3.978925542931585069e-01 1.882975337016625161e+01
2.500314518403328350e+02 3.898386362001582395e-01 1.880062842026061531e+01
2.500205994882667824e+02 3.925708485614496368e-01 1.873384963355471911e+01
2.499981880396918541e+02 3.955085762695996210e-01 1.869473663779175965e+01
2.500139133889823313e+02 4.025862964650218645e-01 1.867619687000126660e+01
2.500105178187514525e+02 4.032439455749691204e-01 1.863641823286487309e+01
2.500365223606406175e+02 3.947835637959598021e-01 1.877586153746030817e+01
2.500222036497242186e+02 4.051906326104902090e-01 1.849655248005644737e+01
2.500350357996316575e+02 4.383493920741864946e-01 1.861035089461972092e+01
2.500167894620864217e+02 4.110238432054913460e-01 1.860767576985477945e+01
2.499765940854966573e+02 4.063734876068537116e-01 1.833187074911485581e+01
2.499934337846678716e+02 4.060560805711500021e-01 1.850172119102994017e+01
2.499716217558546134e+02 4.052260269202269116e-01 1.828507376288324338e+01
2.499856698715643120e+02 4.002308622396377191e-01 1.848616367927274950e+01
2.499882445221597038e+02 3.982944509714596015e-01 1.857645456341118972e+01
2.499643248192892031e+02 3.973559308874723417e-01 1.841519923000250003e+01
2.499518192104328591e+02 4.030292962126946765e-01 1.861575480649017322e+01
2.499402863742183172e+02 4.004546456173281310e-01 1.852367023007442981e+01
2.499782690355735610e+02 4.072960231638630968e-01 1.852401275565252803e+01
2.499671289620219170e+02 4.125606412992223748e-01 1.845736527041823649e+01
2.499732053657773463e+02 4.235625628677154864e-01 1.848607005561473571e+01
2.499542694100682070e+02 4.137583390706367492e-01 1.849374034506026732e+01
2.499951190105120986e+02 4.037737184690933234e-01 1.874354995792644019e+01
2.499907312578566803e+02 4.141533852373759372e-01 1.857700717134385471e+01
2.499895609621315202e+02 4.083373009212796223e-01 1.853079818735464102e+01
2.499677557838298299e+02 4.120651209629079270e-01 1.860607275014928419e+01
2.499765838097293340e+02 4.016774619311363481e-01 1.872030959745252332e+01
2.500135046417924514e+02 4.054041402208376499e-01 1.881232452700071889e+01
2.500190444221422297e+02 4.091856226030345378e-01 1.868907240648195511e+01
2.500164709132987753e+02 4.162325154964280349e-01 1.884210484251244822e+01
2.499992053406588184e+02 4.209399586914152613e-01 1.875830595983088500e+01
2.500044528325152555e+02 4.255846055304179920e-01 1.875053519621577891e+01
2.500310008483216677e+02 4.168547702966385882e-01 1.875358253210891846e+01
2.500566834161674308e+02 4.172349736883268490e-01 1.872054137309370248e+01
2.500586358119626027e+02 4.154995107592993064e-01 1.849294568571908215e+01
2.500839027821069180e+02 4.253505463853846646e-01 1.860981655471789153e+01
2.500601132389561201e+02 4.095486997158179210e-01 1.857472024223408980e+01
2.500382167205002588e+02 4.180832953700817645e-01 1.859174718872131749e+01
2.500263619102423149e+02 4.207058995463819340e-01 1.842813527933531859e+01
2.500419639503246572e+02 4.159116832049433166e-01 1.848002105390553496e+01
2.497737036263183086e+02 3.676909323203710334e-01 1.808319032890447886e+01
2.498401044931363515e+02 3.696387611078190694e-01 1.814898606720123553e+01
2.498438083363875251e+02 3.911710606989576844e-01 1.825368471890638489e+01
2.498956712759191987e+02 4.127855664288397342e-01 1.841241335530063949e+01
2.499006869921344673e+02 4.153339567298854895e-01 1.844927253275971779e+01
2.499083538563242257e+02 4.120616957071269182e-01 1.858203544683032504e+01
2.499525145373564214e+02 4.011431220293041888e-01 1.864054109907323920e+01
2.499466288061727539e+02 4.189407510672525925e-01 1.850001655540294010e+01
2.499529232845462730e+02 3.918207175454160307e-01 1.882857850743337735e+01
2.499701842901785369e+02 3.898420614559392483e-01 1.860182999998858122e+01
2.499619625345522707e+02 3.900738370971185698e-01 1.860153656974334524e+01
2.499730820565692397e+02 3.898112341539104464e-01 1.867139808665212186e+01
2.499711981658897173e+02 3.848674483100358867e-01 1.867021637340768336e+01
2.499820847705135805e+02 3.848217782329562131e-01 1.873267591257377163e+01
2.499723410595686346e+02 3.850409946029386687e-01 1.883300279615047046e+01
2.500010138757111804e+02 3.914907512385153998e-01 1.878447148874175454e+01
2.500314632578521241e+02 3.939957549663354319e-01 1.891159643179687677e+01
2.500135765721638563e+02 3.885632992977083866e-01 1.885143409750789800e+01
2.500087618042877295e+02 3.929293586665250637e-01 1.899303988025305756e+01
2.500213633203059373e+02 3.934933841184590220e-01 1.893656882994404356e+01
2.499999223608689647e+02 3.997147903686374404e-01 1.892454960740860059e+01
2.500276520899198260e+02 4.016968717138952316e-01 1.908030854704075097e+01
2.500170874593393648e+02 4.060880496251057514e-01 1.902108587458768341e+01
2.500048296106511714e+02 4.049874007674856280e-01 1.890760829231589568e+01
2.499967825430697417e+02 3.981003531438710441e-01 1.891383312382185622e+01
2.499953530696571420e+02 3.888224769851355567e-01 1.897583253696136296e+01
2.499525670579450605e+02 3.987637110134532592e-01 1.885146606656185497e+01
2.500009545046109736e+02 4.319110529578796265e-01 1.894058551322320127e+01
2.499761111244315543e+02 4.069044022529049176e-01 1.888237785823323023e+01
2.499513876282044578e+02 4.051689393238773196e-01 1.888514089789655159e+01
2.499581365238449280e+02 4.088248289941051605e-01 1.894763354786852005e+01
2.499502698530679368e+02 4.071418866537191983e-01 1.882335042535968128e+01
2.499699319630026650e+02 4.160190078860805385e-01 1.875294429278173070e+01
2.499467932184502672e+02 4.167006337864946897e-01 1.865182046635999313e+01
2.499645634454419678e+02 4.149423358189272548e-01 1.874303046079965895e+01
2.499549887137821997e+02 4.168707548236164628e-01 1.872544633937205916e+01
2.499679384641381432e+02 4.096114960718024722e-01 1.861119350754184154e+01
2.499706649677397934e+02 4.005391352599255161e-01 1.870483885884178576e+01
2.499674897556308224e+02 4.078634738715780084e-01 1.859994154230133745e+01
2.499657200401439923e+02 4.060378125403181215e-01 1.859318922140510821e+01
2.499403537375820292e+02 4.060355290364641156e-01 1.832334528747600899e+01
2.499394312020250197e+02 4.102348926239400284e-01 1.836313990913938099e+01
2.499455452835940434e+02 4.022517631504132773e-01 1.832518807508617442e+01
2.499468640070697347e+02 4.062307686159797315e-01 1.839054423889103873e+01
2.499296269782279296e+02 4.087540403746316442e-01 1.831231938911705015e+01
2.499302446660204282e+02 3.987260331998625507e-01 1.826269085810649528e+01
2.499198444477174803e+02 4.144753592807876030e-01 1.808904066577838421e+01
2.498904203588069493e+02 4.146135112639536269e-01 1.800472342772196654e+01
2.498852938926547722e+02 4.193517817609696552e-01 1.785765322025422108e+01
2.498894464444132382e+02 4.081123757916622630e-01 1.806958977995014948e+01
2.498922483036420772e+02 4.087677413977555685e-01 1.809315896497904319e+01
2.498861878844136015e+02 4.232360218165958088e-01 1.800886912896887182e+01
2.498629178383895919e+02 4.120320101570251192e-01 1.801714568868763777e+01
2.498599401493639789e+02 4.151969464986464686e-01 1.786489763623098526e+01
2.498517686308225052e+02 4.100499288117673280e-01 1.775617545073511749e+01
2.498212507435659404e+02 4.199409257552974561e-01 1.766453044881126644e+01
2.497832030023508594e+02 4.204216033165609767e-01 1.754637282539073695e+01
2.498133247016887708e+02 4.167451621116473603e-01 1.763256367835934668e+01
2.497915218068909269e+02 4.112133740253720027e-01 1.739775782756577271e+01
2.497914019229386042e+02 4.217928473808781886e-01 1.744747655697855748e+01
2.496276530033213703e+02 3.638489370860435446e-01 1.733391448506417376e+01
2.496614614196315074e+02 3.784154081706051498e-01 1.728445835859459478e+01
2.496675104213407224e+02 3.976025493037025904e-01 1.736334314098238707e+01
2.496842667726212426e+02 4.113994795894716505e-01 1.752565116966776060e+01
2.497201097908653082e+02 4.247842374295967005e-01 1.743306422240414122e+01
2.497375386340308410e+02 4.247065982985612775e-01 1.749234969121319239e+01
2.497395960710032625e+02 4.257101982423870945e-01 1.742731093444403001e+01
2.497620520479033530e+02 4.031731569554956596e-01 1.745069743916460325e+01
2.497577487848905093e+02 3.996154579509891835e-01 1.746779517427130557e+01
2.497639028277770024e+02 3.976173920787534621e-01 1.743033315179477682e+01
2.497600448480156956e+02 3.906995171531100763e-01 1.739704194910754964e+01
2.497656782520234628e+02 3.903467158076696086e-01 1.760800231090589918e+01
2.497503171215977318e+02 3.929590442166268627e-01 1.758169292125222682e+01
2.497284948170171219e+02 4.009809932556713807e-01 1.745208923476360496e+01
2.497542995523190825e+02 4.010963102002975678e-01 1.755243438637113584e+01
2.497909121113619051e+02 3.902245483514814595e-01 1.760810849383511112e+01
2.498109521411844867e+02 3.950747105373427215e-01 1.765081800816809476e+01
2.498209219190109707e+02 3.955028675099646618e-01 1.761199730089844451e+01
2.497891115685730483e+02 3.970499413710385506e-01 1.747429174273588970e+01
2.497929809658536158e+02 3.927318355831554975e-01 1.763252600054575581e+01
2.497957211704784015e+02 3.991119453511857706e-01 1.754331064672254570e+01
2.497769530523025026e+02 4.000481819313190801e-01 1.750601532002735539e+01
2.497746136026041199e+02 3.957312178953630299e-01 1.754097462227991855e+01
2.497835946232618198e+02 3.938164999137977462e-01 1.764027050386654238e+01
2.497941718131134792e+02 3.829344622976387225e-01 1.760968753675014042e+01
2.498099953530696666e+02 3.849176853948235166e-01 1.764736535034086984e+01
2.497912489281803801e+02 4.004455116019122185e-01 1.728285305538524597e+01
2.498026253443809139e+02 4.006601609641866624e-01 1.750007706825507370e+01
2.497898868181314640e+02 4.008691015668261470e-01 1.748244727675039201e+01
2.497874172087134070e+02 4.032028425055974585e-01 1.743365679165425064e+01
2.497652158424930349e+02 4.132479759592714297e-01 1.715588909935182826e+01
2.497313948669116996e+02 4.100259520213005437e-01 1.723838866834047323e+01
2.497321723999739618e+02 4.095224394214971309e-01 1.731940624332788659e+01
2.497480553110303561e+02 4.080004841028170293e-01 1.734537310740346072e+01
2.497453687687461468e+02 4.142926789724689085e-01 1.711862916696637527e+01
2.497579748517720475e+02 4.159676290493659057e-01 1.717321175958814550e+01
2.497873761056440287e+02 4.241048950330366107e-01 1.708818435183313866e+01
2.497999753381583901e+02 4.102177663450351508e-01 1.718906270159057570e+01
2.498282976364593253e+02 4.028568916717188975e-01 1.727189337863805108e+01
2.498356128410555641e+02 4.026525180767873691e-01 1.732159384002000380e+01
2.498325232603411337e+02 4.005368517560715658e-01 1.727401018671069366e+01
2.498416572757570577e+02 3.997673109572790762e-01 1.755920611705012391e+01
2.498243460330400296e+02 4.097131119933047905e-01 1.733405492055119268e+01
2.498429680069692438e+02 4.060537970672959962e-01 1.748588851705834557e+01
2.498329845281196242e+02 4.131395095262072048e-01 1.750965179991482401e+01
2.498658395815707536e+02 4.199078149494147039e-01 1.747908139206962019e+01
2.498531033388251501e+02 4.189818541366243099e-01 1.723762483630131825e+01
2.498512194481456277e+02 4.176277363512120311e-01 1.738281686184915742e+01
2.497984864936455836e+02 4.169324094276740111e-01 1.730901972604804229e+01
2.497876683941373415e+02 4.125994608647400863e-01 1.738287052418972678e+01
2.497703582931722224e+02 4.085804940817288622e-01 1.709667898616995885e+01
2.497621548055767846e+02 4.095783852659197199e-01 1.734659021495763653e+01
2.497362404620898531e+02 4.075597678589982231e-01 1.723808153707211588e+01
2.497441345349130586e+02 4.168079584676319116e-01 1.728138476240713217e+01
2.497506459461527015e+02 4.157084513619387911e-01 1.716181707535676892e+01
2.497483259062370564e+02 4.175832080260593604e-01 1.727647865437684871e+01
2.497369163792306210e+02 4.113937708298366913e-01 1.717551010621718177e+01
2.497303250453560963e+02 4.116392474941399371e-01 1.696102173096442556e+01
2.497392946484945355e+02 4.148955239899206338e-01 1.713910991303275466e+01
2.496991380914703029e+02 4.215565047319908554e-01 1.690799077921143834e+01
2.496277352094600985e+02 3.603460421740326547e-01 1.687652181259969097e+01
2.496709402441293832e+02 3.745928227190365445e-01 1.686705897262877940e+01
2.496673996714037855e+02 3.922808435719937203e-01 1.696824787891035768e+01
2.496971982549463576e+02 4.120948065130096705e-01 1.700862251055264096e+01
2.497054633971458486e+02 4.235374443253216437e-01 1.690408598762112646e+01
2.497174746274178005e+02 4.171436335341675017e-01 1.699347488773724280e+01
2.497256849655248061e+02 4.121952806825849858e-01 1.703989737933680360e+01
2.497296548369749587e+02 4.052157511528839962e-01 1.697015917163614063e+01
2.497287528529526242e+02 3.989509583294799100e-01 1.693477285416288325e+01
2.497388927518162518e+02 3.959435837537834679e-01 1.695628117696355730e+01
2.497588585677635535e+02 3.928368767604387690e-01 1.694220109219989467e+01
2.497711655117846021e+02 3.988676104388095278e-01 1.692205830470390282e+01
2.497780925207256644e+02 3.963785912379673704e-01 1.687667252385405092e+01
2.497791886025755730e+02 3.826090629984461033e-01 1.703106592818151910e+01
2.497941569703384346e+02 3.924452558494805343e-01 1.688353901994297956e+01
2.497579474497258047e+02 3.942366646229307214e-01 1.674691355910335844e+01
2.497486102024668639e+02 3.902610844131452206e-01 1.677220907304586461e+01
2.497362290445705639e+02 4.012298951757555798e-01 1.677581358387937627e+01
2.496904527845616997e+02 4.048469652804656538e-01 1.671531443277193318e+01
2.496796289762937988e+02 3.972623072294590441e-01 1.685710175407348643e+01
2.496908946425574243e+02 4.032291027999182487e-01 1.668392653054700148e+01
2.496832175026003426e+02 4.025440516437231442e-01 1.664255971648016086e+01
2.497095440185329096e+02 3.919371762419692207e-01 1.662592096564810973e+01
2.496771502328602992e+02 3.896159945743948305e-01 1.661473864727515348e+01
2.496812342795031441e+02 4.012401709430984953e-01 1.644680749034934308e+01
2.497147652500950414e+02 4.017436835429019082e-01 1.655218091744334430e+01
2.497174106893099008e+02 3.951101048470794797e-01 1.655508325084175780e+01
2.497096353586870805e+02 3.978114899063420751e-01 1.654504496789964563e+01
2.496909140523401902e+02 3.940905203762757880e-01 1.641992836648410048e+01
2.497015962833691276e+02 3.934682655760652348e-01 1.658519924142002111e+01
2.497051813844198875e+02 3.986541028284620314e-01 1.660498580231478627e+01
2.497312167536110792e+02 4.033558372638143541e-01 1.632511500296284623e+01
2.497220918722105694e+02 3.961331145736641246e-01 1.643921484003484679e+01
2.497269728616984423e+02 4.028431906485950287e-01 1.657953386835828624e+01
2.497153429765700992e+02 4.017710855891497013e-01 1.619983741452559656e+01
2.497255125609838160e+02 4.026011392400727362e-01 1.644561550133756356e+01
2.497337480176332178e+02 4.013086760587180057e-01 1.628467757496457580e+01
2.497712088983578269e+02 4.079890665835471109e-01 1.643935413376993893e+01
2.497577522101462932e+02 4.086432904377134134e-01 1.646186719826636491e+01
2.497966140204853218e+02 4.083098988750318292e-01 1.667215392642778937e+01
2.497615062904822310e+02 4.019571911532493491e-01 1.635835140155757728e+01
2.497744309222957781e+02 4.090611716429924383e-01 1.650299766968431570e+01
2.497601144948832257e+02 4.058254466818976280e-01 1.650678486082614782e+01
2.497506139770987375e+02 4.048686585670784877e-01 1.664040180533814706e+01
2.497464534330767947e+02 4.009501659536425788e-01 1.669743117233945995e+01
2.497364368434212736e+02 4.031971337459624993e-01 1.661814906028107686e+01
2.497634632532850958e+02 4.042452620149409870e-01 1.671335290296136122e+01
2.497870564151044732e+02 3.976059745594835437e-01 1.666267281842604930e+01
2.497839451411034020e+02 3.997501846783741986e-01 1.677440009499375861e+01
2.497642168095569275e+02 4.038068292749761312e-01 1.677642556291224452e+01
2.497812574570672837e+02 3.981939768018843417e-01 1.677552243713799385e+01
2.497604136338881062e+02 4.020690828420945828e-01 1.681573836526242616e+01
2.497455525908063976e+02 4.170340253491762739e-01 1.685288868946288687e+01
2.497348931948159816e+02 4.089938082792999308e-01 1.677216568647263628e+01
2.497378469070511073e+02 4.127764324134238216e-01 1.682148708621483024e+01
2.497583870242177113e+02 4.106893098908827588e-01 1.664685612898143319e+01
2.497584543875813949e+02 4.130287595892889740e-01 1.677756617308730824e+01
2.497510101650174192e+02 4.124967031913108206e-01 1.664001931844260440e+01
2.497756080685325060e+02 4.153259644663965244e-01 1.667914715698061556e+01
2.497595093663619252e+02 4.133187645787448905e-01 1.650392477224903587e+01
2.496922190747927459e+02 3.506000477252305680e-01 1.626375497090245048e+01
2.497597331497396169e+02 3.598311120549593789e-01 1.628693824378002120e+01
2.497643344100054037e+02 3.737045397198369145e-01 1.653417092254697351e+01
2.497899107949219513e+02 3.976950312097889406e-01 1.668659252129652870e+01
2.498110389143309362e+02 4.122021311941469479e-01 1.679830723859304342e+01
2.498401330369345317e+02 3.950849863046856369e-01 1.689644310022184115e+01
2.498254934937266398e+02 3.900589943220676425e-01 1.674328507147938083e+01
2.497979121924263097e+02 3.900532855624326833e-01 1.676286725877921668e+01
2.497813613564926243e+02 3.747275494464215595e-01 1.686120521049909371e+01
2.497926909608641779e+02 3.837850674832476439e-01 1.676132475192585147e+01
2.497985333054745922e+02 3.673472649903464782e-01 1.685240344489391262e+01
2.497996339543321938e+02 3.768158137208896252e-01 1.678005290878429534e+01
2.498112866744990868e+02 3.739134803224763992e-01 1.683753555130062551e+01
2.498392219188967829e+02 3.711721339457690894e-01 1.689411164278692468e+01
2.498476035197928411e+02 3.686134678773804185e-01 1.692868731639201840e+01
2.498427133962895255e+02 3.830178101883091601e-01 1.686016050748589734e+01
2.498051646006665578e+02 3.911916122336435708e-01 1.676418712400681699e+01
2.497853392202062821e+02 3.836195134538338269e-01 1.685321294701015304e+01
2.497977797492027605e+02 3.784256839379480652e-01 1.675332792142920013e+01
2.498197961516109444e+02 3.725445197620132487e-01 1.714246552194618545e+01
2.498210829060326716e+02 3.826513078197447681e-01 1.686972953038601375e+01
2.498159039192918272e+02 3.971983691215474899e-01 1.684462925602302619e+01
2.498244236721710649e+02 3.942674919249595233e-01 1.696423462088698031e+01
2.498134822634546879e+02 3.822676791722754985e-01 1.691932723409453843e+01
2.498436073880483832e+02 3.801417370842167798e-01 1.696200592112549188e+01
2.498560536258045204e+02 4.111277426308476146e-01 1.688639339976046116e+01
2.498776007681707085e+02 3.957848802359316132e-01 1.681754347505900071e+01
2.498590370235897353e+02 3.901754530186208325e-01 1.680321448837525367e+01
2.498715003876247920e+02 3.858379374479789514e-01 1.689347682871551726e+01
2.498653965818230915e+02 3.865994859832824759e-01 1.715105377994101588e+01
2.498483102642356357e+02 3.930469591150052566e-01 1.703412696509778357e+01
2.498708210452282117e+02 3.872639856047916940e-01 1.712199733515100064e+01
2.498421470873337569e+02 3.938336261927026238e-01 1.699078035318954250e+01
2.498577411351525939e+02 3.872137485200040641e-01 1.715538330324816840e+01
2.498665154987115216e+02 3.855753345047708280e-01 1.697307634780960583e+01
2.498807234596910121e+02 3.801120515341149808e-01 1.727187739411107259e+01
2.498578244830432595e+02 3.828659571820192120e-01 1.723160209488643702e+01
2.498782732600556926e+02 3.901149401664902872e-01 1.725903839369204817e+01
2.498822419897539078e+02 3.839449127530265016e-01 1.700361821185663658e+01
2.499073593903958113e+02 3.814410507771334724e-01 1.735947831070951963e+01
2.498875374351913194e+02 3.833591940144797094e-01 1.736004119440952564e+01
2.498936629342796039e+02 3.855342314353991107e-01 1.719658113802981703e+01
2.498915997885475520e+02 3.828476891511873870e-01 1.718170296866918534e+01
2.498964819197873624e+02 3.859863651984878907e-01 1.709705348080201048e+01
2.498652629968476333e+02 3.804077652832058565e-01 1.717006280777350469e+01
2.498883515043152386e+02 3.822345683663927463e-01 1.730983950393162374e+01
2.499000247760168065e+02 3.901012391433663629e-01 1.727295406617822593e+01
2.499088596524278785e+02 3.863757026055920640e-01 1.711233811384865078e+01
2.499445279826271076e+02 3.856073035587265774e-01 1.727776312529471525e+01
2.499600843526323786e+02 3.801622886189026107e-01 1.736501923281121051e+01
2.499650966435918633e+02 3.877149776159534711e-01 1.715286003148951721e+01
2.499648180561216861e+02 3.893728014139455906e-01 1.727957622735477727e+01
2.499465808525918362e+02 3.864773185270943268e-01 1.717605015487864861e+01
2.499345467872813344e+02 3.864955865579262073e-01 1.719827663964139930e+01
2.499456343402443679e+02 3.867707487723312521e-01 1.725361621379076382e+01
2.499389699342465008e+02 3.897347367748019709e-01 1.703932307811752622e+01
2.499442117173433360e+02 3.943451310559949463e-01 1.718364965570470559e+01
2.499513476668870169e+02 4.031194946149270208e-01 1.724398211103080669e+01
2.498915073066414436e+02 3.936132680707931653e-01 1.705038779604200272e+01
2.498793579243863405e+02 3.886694822269186056e-01 1.702219908271650084e+01
2.495520975695526715e+02 3.551316611234610621e-01 1.696129118441919559e+01
2.495825389594301384e+02 3.649278926570508341e-01 1.690357448275783270e+01
2.495755754144274192e+02 3.851597368033458091e-01 1.699903864487747285e+01
2.495880296444470332e+02 4.073919303257304003e-01 1.699836044423284065e+01
2.496141883228463314e+02 4.027210231924068795e-01 1.715971739356303161e+01
2.496334930644279098e+02 4.114360156511354116e-01 1.702596572232364736e+01
2.496676999521606035e+02 4.160167243822265881e-01 1.711341021890809699e+01
2.496821271295100644e+02 4.029288220431194167e-01 1.712021962740067593e+01
2.496766581377797820e+02 3.954800324714248250e-01 1.715936687572144592e+01
2.496882606208618540e+02 3.987363089672054661e-01 1.718219848900550062e+01
2.496785500207228097e+02 3.968044647067353048e-01 1.722098380196541001e+01
2.497019331001876026e+02 3.953647155267986379e-01 1.721204160087321355e+01
2.496781195802463174e+02 4.022060930733336037e-01 1.711233354684094365e+01
2.496809031714443279e+02 3.920456426750334455e-01 1.734471317478966057e+01
2.496884158991239246e+02 3.955690891217301663e-01 1.726955735419542393e+01
2.497160074761916064e+02 3.957175168722391057e-01 1.729405021653325392e+01
2.497201303423999832e+02 4.027312989597497950e-01 1.722822935969410096e+01
2.496962391833276911e+02 4.114451496665513242e-01 1.713020538975414553e+01
2.497204740097299975e+02 4.166047266246273861e-01 1.706975305047571112e+01
2.497286112757136891e+02 4.116689330442417361e-01 1.716339611827179823e+01
2.497131747896607408e+02 4.255012576397475543e-01 1.701907410769232598e+01
2.497354172589504913e+02 4.111631369405843728e-01 1.718252731356047391e+01
2.497342389709618260e+02 4.116712165480957419e-01 1.709055120357779245e+01
2.497161342106555253e+02 4.246643534772625572e-01 1.700772509353802775e+01
2.496970920720171421e+02 4.263324530425976477e-01 1.699379001126909117e+01
2.496738676960702037e+02 4.210918116977052095e-01 1.674371437020392861e+01
2.496521001955821077e+02 4.196223769676667437e-01 1.662465590451300201e+01
2.496306786459278726e+02 4.196623382851114581e-01 1.664929491109748483e+01
2.496446468390026894e+02 4.162165309694501603e-01 1.672946416440314366e+01
2.496480309917143074e+02 4.221022621530929331e-01 1.649528970242519677e+01
2.496408379545742662e+02 4.157084513619387911e-01 1.651214538612337535e+01
2.496321343796348060e+02 4.106813176273938493e-01 1.662723854737186002e+01
2.496275411116325245e+02 4.155588818595028489e-01 1.672426005911991354e+01
2.496371832066559477e+02 4.205289279976982542e-01 1.669891887510033257e+01
2.496209223757117286e+02 4.152757273816088945e-01 1.659443829801323744e+01
2.496556613198423804e+02 4.138097179073513820e-01 1.676566797625612537e+01
2.496383272420868025e+02 4.190103979347991059e-01 1.648048346343596648e+01
2.496740081315572297e+02 4.195116270307485129e-01 1.667579497332296512e+01
2.496520054301721530e+02 4.253151520756479065e-01 1.658868957706083336e+01
2.496424889278606827e+02 4.270346304776975743e-01 1.664560933587715752e+01
2.496470525103128750e+02 4.261063861610532300e-01 1.648726318637844201e+01
2.496826078070713208e+02 4.264694632738366131e-01 1.652463044344503018e+01
2.496853434446883853e+02 4.214902831202253508e-01 1.655373598356790765e+01
2.497077994215884758e+02 4.134991613832096347e-01 1.647900489469051166e+01
2.497455069207292979e+02 4.136201870874707809e-01 1.672467565682133994e+01
2.497645536263753741e+02 4.108354541375377478e-01 1.674911828207438091e+01
2.497536396197052682e+02 4.192775678857151855e-01 1.664140083827426508e+01
2.497521267984020028e+02 4.172954865404573943e-01 1.669727361057353576e+01
2.497703411668933029e+02 4.172452494556697644e-01 1.685220021305091009e+01
2.497443822950812091e+02 4.214526053066345868e-01 1.650432324367155346e+01
2.497633787636425211e+02 4.300922421381816463e-01 1.653999499912655935e+01
2.497333073013894023e+02 4.249189641569817710e-01 1.658810043306650428e+01
2.497340117623283504e+02 4.180159320063892570e-01 1.635869050187989515e+01
2.497148999768224371e+02 4.134432155387870456e-01 1.639935171325585372e+01
2.497232792942146204e+02 4.226434525664870545e-01 1.645077850355141891e+01
2.497544319955426033e+02 4.312796641422531607e-01 1.651198211559781726e+01
2.497322077942837097e+02 4.217334762806745907e-01 1.625262060611042969e+01
2.497214958777046547e+02 4.115113712783168842e-01 1.640926211998214157e+01
2.497070801178744830e+02 4.234403954115273372e-01 1.637446494650321327e+01
2.496951408179739076e+02 4.215747727628227359e-01 1.628714261737495406e+01
2.495983921849364151e+02 3.454438960229355149e-01 1.607414879539463115e+01
2.496400809730466506e+02 3.549683905979012510e-01 1.601864480896777465e+01
2.496519483425758210e+02 3.696924234483876526e-01 1.618783646002098564e+01
2.496785762810171150e+02 3.965156014692063913e-01 1.612802464357359256e+01
2.496943358828653743e+02 4.008759520783881092e-01 1.615012096861666535e+01
2.497196359638155911e+02 4.006955552739234205e-01 1.611708095135337615e+01
2.497160634220360294e+02 3.754799639663091715e-01 1.611541399353996695e+01
2.497335950228749937e+02 3.740893101192331316e-01 1.617008107580433673e+01
2.497535334367760527e+02 3.681704681297076065e-01 1.629564866923104205e+01
2.497752735352179059e+02 3.790673485209174465e-01 1.613513433282297171e+01
2.497592410546590997e+02 3.747583767484503614e-01 1.599441112431737544e+01
2.498027737721314452e+02 3.651505342828142431e-01 1.623929864462628814e+01
2.498251977799775432e+02 3.700794773516378755e-01 1.610877356433258356e+01
2.498454764359528610e+02 3.807959609383830824e-01 1.599735227728130660e+01
2.498316155675591688e+02 3.852133991439143923e-01 1.603835601423536161e+01
2.498292726926049738e+02 3.865286973638089596e-01 1.609486816761375039e+01
2.498591626163017168e+02 3.828922174763400577e-01 1.624408943571194541e+01
2.498845243518559869e+02 3.825234316039217153e-01 1.622897149844664710e+01
2.498703620609535676e+02 3.859304193540652461e-01 1.628640961263782216e+01
2.498611378471354101e+02 3.901023808952933658e-01 1.615917277789385764e+01
2.498588520597775755e+02 3.805824533280355859e-01 1.611683547468907207e+01
2.498497819824695512e+02 3.861804630260764482e-01 1.602504204501471108e+01
2.498625970060980990e+02 3.840088508609380558e-01 1.618183655364464357e+01
2.498410567142434786e+02 3.793185339448556515e-01 1.608007905490342537e+01
2.498241507934604897e+02 3.744991990610231913e-01 1.595166050691502058e+01
2.498015463888099248e+02 3.775488184580183537e-01 1.584470346989828116e+01
2.498064627726075457e+02 3.736531608831222817e-01 1.596856300244220783e+01
2.498205325816038567e+02 3.750951935669129544e-01 1.605767217333621133e+01
2.498520255250060700e+02 3.822619704126405393e-01 1.610973035244740359e+01
2.498649821258735813e+02 3.811350612606996258e-01 1.616136608334560876e+01
2.499004004124007849e+02 3.844278738181440280e-01 1.623666233942686432e+01
2.498961850642863283e+02 3.907748727802915489e-01 1.629425459012818322e+01
2.498873079430539690e+02 3.821991740566559881e-01 1.636229387096148002e+01
2.498835983910431935e+02 3.907862902995614673e-01 1.645681266248557151e+01
2.498776647062786083e+02 3.811225019895027599e-01 1.657316974311723357e+01
2.498727985595657799e+02 3.822322848625387959e-01 1.661399765027453412e+01
2.498829864120103252e+02 3.821751972661892038e-01 1.643399360847271140e+01
2.498988019597030075e+02 3.791472711558068753e-01 1.662350159331481336e+01
2.499090731600382185e+02 3.858436462076139106e-01 1.662206869464644043e+01
2.499271859126080244e+02 3.887653893887859646e-01 1.667797571950352165e+01
2.499199483471428209e+02 3.883669179662658233e-01 1.647762908361848488e+01
2.499387004807917378e+02 3.909187335230924765e-01 1.659456731598098855e+01
2.499455692603845307e+02 3.838809746451149474e-01 1.676444744344617277e+01
2.499717519155742878e+02 3.829961169016963263e-01 1.682554373081143240e+01
2.499542534255412249e+02 3.927683716448192586e-01 1.645282680650844398e+01
2.499776502060291250e+02 3.812800637554276117e-01 1.678540772532188896e+01
2.499841798852995964e+02 3.845740180647989614e-01 1.671452434043845514e+01
2.499937466246958593e+02 3.741463977155827236e-01 1.665896783342295961e+01
2.500136496442871987e+02 3.804854044142412794e-01 1.687998702969811049e+01
2.500024045295582482e+02 3.772816485071022741e-01 1.680549799222923468e+01
2.500180351134387706e+02 3.820130684925563402e-01 1.699435632022488107e+01
2.499971307774074774e+02 3.840499539303097731e-01 1.695510631423068304e+01
2.499532806528994229e+02 3.877937584989158970e-01 1.675522551313185815e+01
2.499715338409562264e+02 3.965589880424320590e-01 1.685968668043619445e+01
2.499605992827514456e+02 4.023191265141057849e-01 1.692588431541125260e+01
2.499082122790852623e+02 4.020108534938179878e-01 1.674414595243232995e+01
2.499048098583428441e+02 3.989703681122387935e-01 1.697351021354186429e+01
2.499032913282799484e+02 4.092095993935013776e-01 1.696666883599532838e+01
2.499163438363093235e+02 4.018201809220103282e-01 1.694702499409143215e+01
2.499174775959728265e+02 4.082996231076889138e-01 1.704851075587402676e+01
2.496754204786909099e+02 3.626500975627021672e-01 1.682112286735011963e+01
2.497253789760083578e+02 3.726564114508584269e-01 1.685729813540492827e+01
2.497236971754199146e+02 3.886340879171819029e-01 1.705053508204058588e+01
2.497346260248650651e+02 4.200174231344058762e-01 1.697812860008654567e+01
2.497466486726563062e+02 4.128586385521672009e-01 1.711528611732414618e+01
2.497604079251284759e+02 4.182853854611592870e-01 1.714798360900933716e+01
2.497733645259959872e+02 4.184281044520332671e-01 1.721416868471319717e+01
2.497717192614691726e+02 4.059864337036034887e-01 1.725839102034944617e+01
2.497631823823110722e+02 4.027164561846989232e-01 1.735602793638614827e+01
2.497979236099455704e+02 4.044964474388791920e-01 1.735068796262360991e+01
2.498157200972316048e+02 4.037360406555026149e-01 1.742765231827020145e+01
2.498376976800742568e+02 4.094071224768709438e-01 1.742314353991050879e+01
2.498616893133161341e+02 4.069854666397212939e-01 1.733121081650105566e+01
2.498558629532327018e+02 4.034654454488055819e-01 1.735189365265851080e+01
2.498771874539731357e+02 4.003575967035338246e-01 1.737476522726001349e+01
2.498800532513098744e+02 4.063894721338315863e-01 1.732627958992837947e+01
2.498694372418927117e+02 4.055468592117116300e-01 1.730702051842387945e+01
2.498804425887169884e+02 4.018875442857028912e-01 1.732057539730112694e+01
2.498774489151643934e+02 4.024858222954466047e-01 1.734128906076061227e+01
2.498863169023813384e+02 3.971401397732708949e-01 1.736563007009215198e+01
2.498917402240345496e+02 4.036743860514450666e-01 1.724067217219445780e+01
2.498857437429140020e+02 3.926073846231133979e-01 1.701913119528867568e+01
2.498974661099484251e+02 3.797295646385727141e-01 1.732980531987892903e+01
2.499154167337445926e+02 3.909175917711655290e-01 1.715697033842668873e+01
2.499289784631334044e+02 3.805116647085621251e-01 1.720958340897439953e+01
2.499255554908562829e+02 3.887710981484209238e-01 1.715536160996155601e+01
2.499183316264142150e+02 3.861633367471715705e-01 1.701117775136524912e+01
2.499062792930728847e+02 3.796359409805594165e-01 1.708377490589109726e+01
2.499194653860777180e+02 4.132913625324970974e-01 1.714041721898916038e+01
2.498991501940407431e+02 3.998438083363874962e-01 1.714388928659914413e+01
2.498776704150382386e+02 3.997558934380091578e-01 1.701074959439262813e+01
2.498567672207588828e+02 4.019275056031476057e-01 1.684270654577797188e+01
2.498701633961182722e+02 3.996245919664050961e-01 1.710212970986941627e+01
2.498666764857332510e+02 4.090531793795034732e-01 1.710006542238541627e+01
2.498701234348008313e+02 4.113058559314583529e-01 1.712225308758264930e+01
2.498834967751216709e+02 4.056016633042072161e-01 1.712579251855632378e+01
2.498810853950518833e+02 4.063666370952917495e-01 1.714053938644535080e+01
2.498630263048226539e+02 4.045843623372575304e-01 1.705197825647630339e+01
2.498419267292118491e+02 4.041333703260957533e-01 1.710886947149445092e+01
2.498394514110341049e+02 4.030875255609712715e-01 1.700454074741364607e+01
2.498295056099980798e+02 4.013086760587180057e-01 1.706487548624360073e+01
2.498217770912042965e+02 4.061622635003602211e-01 1.704526132988980791e+01
2.498089221062582794e+02 4.116084201921111907e-01 1.691592252984824896e+01
2.498348044806912753e+02 4.013063925548640554e-01 1.719151061772204514e+01
2.498572159292661752e+02 3.970784851692133466e-01 1.727537800551922942e+01
2.498374225178598635e+02 4.033398527368364794e-01 1.712383098874575182e+01
2.498438277461702910e+02 3.993174606980443020e-01 1.717542104956687510e+01
2.498754645503152858e+02 3.979599176568510144e-01 1.731020943155596825e+01
2.499031897123584258e+02 3.841926729211836977e-01 1.748469424454271248e+01
2.498844524214845819e+02 3.988390666406347318e-01 1.745761074708253702e+01
2.498549015981101604e+02 3.980649588341342859e-01 1.731517491068645498e+01
2.498770218999437134e+02 4.073302757216728520e-01 1.743060488875340042e+01
2.498551721933168608e+02 4.142721274377830776e-01 1.735066284408121362e+01
2.498325746391778353e+02 4.026353917978824914e-01 1.725915485238860114e+01
2.498401444544537924e+02 4.086980945302090551e-01 1.743575647344798796e+01
2.498033024032736193e+02 4.165042524550520708e-01 1.724575182651764393e+01
2.497890190866669684e+02 4.148098925953962457e-01 1.724890991234770610e+01
2.498271102144552742e+02 4.131212414953753242e-01 1.743885861343362365e+01
2.498263452406641818e+02 4.174279297639884589e-01 1.741265883196494357e+01
2.498368516418963452e+02 4.145792587061438716e-01 1.730406223918104303e+01
2.497306869807169392e+02 3.578159199038188354e-01 1.695863204418123260e+01
2.497924808785095934e+02 3.642142977026809336e-01 1.727538485603079010e+01
2.498062412727337005e+02 3.825142975885057472e-01 1.736163165484382631e+01
2.498205348651077315e+02 4.171013887128687814e-01 1.725361164678305670e+01
2.498179008434121613e+02 4.247374256005900794e-01 1.708769225675260728e+01
2.498486596403253088e+02 4.034506026737546547e-01 1.724753866828338644e+01
2.498609962698964466e+02 4.099871324557827768e-01 1.720939273640259159e+01
2.498571017540734829e+02 4.113949125817636943e-01 1.709794176380121300e+01
2.498655975301622334e+02 3.878599801106814571e-01 1.724392730693831055e+01
2.498555775152509568e+02 3.905556564103090933e-01 1.719676724359391429e+01
2.498769511113242459e+02 3.983229947696343975e-01 1.715676710658368265e+01
2.498545887580821727e+02 3.985741801935726025e-01 1.713689605604631794e+01
2.498609049297423041e+02 3.896433966206426236e-01 1.726247735049614818e+01
2.498921832237822400e+02 3.917008335930818874e-01 1.735514992915429389e+01
2.498806663720946801e+02 3.897906826192246155e-01 1.727192991469971517e+01
2.499052574250982275e+02 3.978331831929549089e-01 1.708236027525355283e+01
2.499012064892612557e+02 4.044268005713326786e-01 1.709804794673042139e+01
2.498895069572653540e+02 3.941887110419970419e-01 1.721368800715193359e+01
2.498853806658012218e+02 3.966274931580515695e-01 1.715417647146134072e+01
2.498668260552356628e+02 4.060184027575592380e-01 1.706089191377032677e+01
2.498798123416532917e+02 4.076944945863832381e-01 1.718107728861319217e+01
2.498817772967196333e+02 4.009079211323439140e-01 1.715455210784531914e+01
2.498916523091361910e+02 4.110090004304404743e-01 1.696817709029088306e+01
2.499091542244250377e+02 4.083692699752354272e-01 1.701703950575842583e+01
2.499309594027267281e+02 3.990902520645729368e-01 1.706621019424625629e+01
2.499195110561547892e+02 4.005311429964366066e-01 1.692439661265038353e+01
2.499365631211844061e+02 3.997410506629582305e-01 1.709114491457982865e+01
2.499158871355385259e+02 4.093934214537470750e-01 1.682729061125973047e+01
2.499210193104503333e+02 4.070905078170045654e-01 1.698532049547466727e+01
2.499348173824880348e+02 4.118162190428236724e-01 1.694037314736478095e+01
2.499470877904474264e+02 3.927443948543524188e-01 1.696843969323409240e+01
2.499086712633599348e+02 3.980752346014772014e-01 1.679756281633664372e+01
2.499296520967703259e+02 3.982327963674020532e-01 1.675085031974762728e+01
2.499277065514867218e+02 4.080096181182329973e-01 1.656890644142184499e+01
2.499335728728876234e+02 3.945118268373357662e-01 1.671853645670990574e+01
2.499093083609351993e+02 4.039027364368434347e-01 1.666599189127781599e+01
2.499138011547678957e+02 4.037554504382614984e-01 1.668169668903358627e+01
2.499094853324838823e+02 4.081523371091069774e-01 1.671864834839875158e+01
2.498962455771384725e+02 4.031263451264889830e-01 1.634719991048664767e+01
2.498904957144341381e+02 3.955576716024602479e-01 1.639271356755232389e+01
2.498847903800549659e+02 3.876624570273118353e-01 1.648952271344196063e+01
2.499056022341801793e+02 3.876715910427278033e-01 1.657340608576611984e+01
2.499342248132379325e+02 3.940642600819549424e-01 1.655366405319650625e+01
2.499205329241294464e+02 3.942104043286099313e-01 1.645252081699200986e+01
2.499205157978505270e+02 4.016911629542602724e-01 1.649908260232666279e+01
2.499209234032884694e+02 4.017642350775877391e-01 1.644954997847797529e+01
2.499149132211447863e+02 4.030898090648252219e-01 1.637347048057480237e+01
2.498933044241745449e+02 3.994327776426704890e-01 1.658474139889729670e+01
2.498867861624233342e+02 4.044427850983105532e-01 1.629760220677812299e+01
2.498947190548120716e+02 4.051061429678927683e-01 1.638166825941060623e+01
2.498908291059968292e+02 4.044290840751866289e-01 1.649112116613974877e+01
2.498722379593696132e+02 3.979131058278443378e-01 1.628870795926685844e+01
2.498556174765683977e+02 4.032131182729403740e-01 1.640225518840619401e+01
2.498568631279207466e+02 4.068301883776504480e-01 1.649318887887952911e+01
2.498648782264482406e+02 4.096651584123711110e-01 1.635581899578351184e+01
2.498728670646814010e+02 4.070631057707567724e-01 1.653157457866499414e+01
2.498465120049506254e+02 4.004546456173281310e-01 1.625040332386820907e+01
2.498282017292974615e+02 3.972645907333129944e-01 1.638398030706276387e+01
2.498081925267769350e+02 3.993985250848607338e-01 1.610405584537025447e+01
2.498299337669707256e+02 4.047579086301603124e-01 1.631351480338461002e+01
2.496664999708853259e+02 3.551773312005407357e-01 1.600164069751908613e+01
2.496918445801606765e+02 3.606406141711965829e-01 1.616670605710814712e+01
2.497016796312597933e+02 3.825885114637602169e-01 1.618145064149332057e+01
2.497188196111877971e+02 4.018909695414838446e-01 1.621413785741117053e+01
2.497386769607020369e+02 3.999008959327370882e-01 1.628698048860131919e+01
2.497486478802804584e+02 4.160201496380075414e-01 1.629082819259528137e+01
2.497455811346045493e+02 4.196463537581335279e-01 1.625278273488406100e+01
2.497681455779377018e+02 3.944798577833799613e-01 1.622509068364680118e+01
2.497857125730863856e+02 3.906721151068622833e-01 1.622557364471191832e+01
2.497836208835561536e+02 4.018590004875280952e-01 1.610194817131302614e+01
2.498269492274335448e+02 3.941795770265811294e-01 1.631403886751909837e+01
2.498675681939882054e+02 3.838706988777720319e-01 1.633956501535085337e+01
2.498920644815818264e+02 3.782293026065054464e-01 1.646607341236540023e+01
2.498756426636159063e+02 3.877412379102742612e-01 1.623003446949067552e+01
2.498768985907356068e+02 3.856963602090319188e-01 1.622495824042326973e+01
2.498921592469917812e+02 3.776253158371268293e-01 1.634004226765633661e+01
2.498906829617501728e+02 3.850135925566908202e-01 1.630031158410087500e+01
2.498772057220039642e+02 3.896365461090807170e-01 1.631351708688846358e+01
2.498744826436580695e+02 3.904015199001651948e-01 1.633895988682954936e+01
2.498777400619057971e+02 3.969928537746889585e-01 1.621882817432724977e+01
2.499205420581448607e+02 3.915832331446017500e-01 1.632263055076971270e+01
2.499217169208777420e+02 3.942024120651209662e-01 1.624165065359589022e+01
2.499044627657570459e+02 3.900087572372800127e-01 1.626166099786835062e+01
2.498758321944357874e+02 3.954823159752787753e-01 1.616109777164276551e+01
2.498561974865473019e+02 3.860902646238441038e-01 1.626662076823919989e+01
2.498532506248237439e+02 3.880734877210288980e-01 1.622248977275711468e+01
2.498653474864902080e+02 4.157449874236024967e-01 1.612219143297859247e+01
2.498285648064102418e+02 3.931154642306247671e-01 1.628976864680703329e+01
2.498198954840285921e+02 3.936783479306317224e-01 1.613870344934674605e+01
2.498446303977749494e+02 3.896536723879855946e-01 1.616426499148823837e+01
2.498394525527860424e+02 3.866474395642160999e-01 1.630659807021089236e+01
2.498339573007614263e+02 3.933963352046647155e-01 1.610820383012101331e+01
2.498316463948611954e+02 3.758556003502894760e-01 1.617660162105938682e+01
2.498379134711884717e+02 3.735526867135470219e-01 1.622920898284746016e+01
2.498375812213777181e+02 3.849154018909695663e-01 1.596220230245693550e+01
2.498807177509313817e+02 3.824652022556451203e-01 1.624922960288726159e+01
2.498729104512546257e+02 3.828294211203555064e-01 1.625449307927069498e+01
2.498443049984757636e+02 3.874078463475926770e-01 1.622223516207739635e+01
2.498785621232932215e+02 3.925091939573920885e-01 1.615631383106866892e+01
2.498908496575315041e+02 3.997364836552502743e-01 1.619839424008987905e+01
2.498747372543377878e+02 3.943645408387537743e-01 1.605499362331548951e+01
2.498820558841898105e+02 3.843924795084072699e-01 1.630809947399488635e+01
2.498806800731177873e+02 3.876202122060131705e-01 1.634158020750199469e+01
2.498881939425493215e+02 3.879204929628120024e-01 1.636000580009978833e+01
2.498656420584873956e+02 3.987705615250152213e-01 1.610754389750721316e+01
2.498845334858714011e+02 3.957038158491151814e-01 1.635460417173318959e+01
2.498833631901462127e+02 3.947276179515372130e-01 1.633538506154613756e+01
2.498866023403631118e+02 4.005300012445096036e-01 1.601431871091640602e+01
2.498768415031392465e+02 3.962050449450645884e-01 1.627454795186830694e+01
2.498767044929080043e+02 3.966069416233657385e-01 1.624376746166853280e+01
2.498790131153043887e+02 3.911002720794842236e-01 1.623573066985443702e+01
2.498712297924180916e+02 3.923424981760513242e-01 1.594431561676868192e+01
2.498776612810228244e+02 3.886946007693124483e-01 1.615778669105448628e+01
2.498840608005736215e+02 3.921335575734117840e-01 1.607753066460237790e+01
2.498636976549557289e+02 3.859075843155254093e-01 1.600940575237455832e+01
2.499017271281399530e+02 3.890519691224608723e-01 1.617531829189344705e+01
2.498723064644852343e+02 3.858253781767820301e-01 1.598446418152942172e+01
2.498607930380534583e+02 3.986780796189288711e-01 1.610838651042933378e+01
2.498303642074471895e+02 3.976173920787534621e-01 1.584807049633097975e+01
2.498332539815744155e+02 3.955873571525620469e-01 1.601251474287175824e+01
2.496139873745071895e+02 3.275777618693676008e-01 1.564912935706807318e+01
2.496530672594642795e+02 3.451264889872318053e-01 1.584394306311490475e+01
2.496583158930726540e+02 3.720364401545018795e-01 1.594256645281653029e+01
2.496630005012291065e+02 3.981517319805856769e-01 1.594509771683867072e+01
2.496719758131271760e+02 4.129351359312756764e-01 1.586950003824868993e+01
2.496749740536874640e+02 4.082893473403459983e-01 1.593867422049741478e+01
2.496697642396445929e+02 3.777417745336799637e-01 1.595200759950082592e+01
2.496693646264701556e+02 3.693133618086263947e-01 1.613658778302603025e+01
2.496776080753830342e+02 3.760691079606369724e-01 1.609687194224562035e+01
2.496869750081920643e+02 3.725627877928450737e-01 1.607708195609507129e+01
2.497108010874045476e+02 3.883018381064272662e-01 1.598521202904160177e+01
2.497262821017826298e+02 3.842977140984669693e-01 1.607893159421679741e+01
2.497103386778740912e+02 3.860719965930122233e-01 1.596126834938065642e+01
2.497076772541322782e+02 3.787636425083376612e-01 1.593091944140928717e+01
2.497393608701063101e+02 3.790205366919108254e-01 1.609935867794260744e+01
2.497342789322792669e+02 3.848800075812328081e-01 1.613939192575872283e+01
2.497319052300230453e+02 3.835167557804045613e-01 1.606269702356690132e+01
2.497341875921250960e+02 3.770316048350910720e-01 1.616026086748027879e+01
2.497340677081727733e+02 3.869328775459640601e-01 1.605135714342801734e+01
2.497430441618227803e+02 3.790570727535745310e-01 1.620812196650784998e+01
2.497935369990420611e+02 3.792808561312649429e-01 1.636573967827714071e+01
2.498165707024172093e+02 3.740230885074676270e-01 1.638679929257050460e+01
2.498057366183819852e+02 3.733357538474185722e-01 1.622431429233644806e+01
2.498232476676862461e+02 3.656334953479317695e-01 1.633017524750327354e+01
2.498232887707556245e+02 3.685301199867099808e-01 1.630850593768089496e+01
2.498051760181858185e+02 3.540584143120887317e-01 1.610702896738813905e+01
2.498394708208168709e+02 3.536576593857146400e-01 1.631675737885726463e+01
2.498544791498971733e+02 3.543644038285225784e-01 1.632282579034922776e+01
2.498482154988257093e+02 3.542022750548897148e-01 1.635632821714294849e+01
2.498468933500942626e+02 3.581116336529097111e-01 1.628880729168450614e+01
2.498547965569328824e+02 3.609523124472653333e-01 1.635884692189389256e+01
2.498559600021465030e+02 3.619444948718212318e-01 1.628020761617040435e+01
2.498408283638580656e+02 3.615243301626882566e-01 1.626713569835827400e+01
2.498206798676024505e+02 3.615962605340887204e-01 1.594449258831736671e+01
2.498331306723662806e+02 3.615380311858121254e-01 1.620117440603210213e+01
2.498391625477965761e+02 3.572564614595928334e-01 1.624586143470263622e+01
2.498521534012218979e+02 3.689457176881350553e-01 1.633764458860965618e+01
2.498403225677544128e+02 3.744181346742068150e-01 1.607304928828893509e+01
2.498224347403142360e+02 3.645282794826036898e-01 1.627433558600988661e+01
2.498195266981561815e+02 3.625359223700029832e-01 1.616619797750063725e+01
2.498092634900844473e+02 3.628441953902907802e-01 1.604583448935715850e+01
2.497959917656851019e+02 3.642508337643446947e-01 1.617852204780058756e+01
2.498005393636103122e+02 3.586082957411511618e-01 1.621465050402638752e+01
2.497767406864441000e+02 3.703671988372398416e-01 1.608423274841382167e+01
2.497933508934779638e+02 3.643684342128248321e-01 1.619489819568942934e+01
2.497744948604037063e+02 3.682618082838669538e-01 1.627671728052958855e+01
2.497268883720558392e+02 3.785010395651295378e-01 1.600029799725294311e+01
2.497357563592727843e+02 3.661998043037197337e-01 1.602477830031957495e+01
2.497319760186425128e+02 3.710591005049968527e-01 1.622045288731936097e+01
2.497146670594293312e+02 3.697814800986930495e-01 1.616673802616210409e+01
2.497376402499523351e+02 3.742103358234942778e-01 1.633086372391525032e+01
2.497234300054689982e+02 3.723435714228626736e-01 1.607653505692204376e+01
2.496549557171515232e+02 3.820770066004678944e-01 1.623477273998769022e+01
2.496787178582560784e+02 3.837622324447078070e-01 1.630718721420522144e+01
2.496910967326485036e+02 3.823418930475299682e-01 1.644225418366449887e+01
2.496987087927457765e+02 3.720923859989244686e-01 1.631053140559938086e+01
2.496930103088781436e+02 3.785946632231428355e-01 1.641464548031790827e+01
2.496713170222652991e+02 3.779301636016336174e-01 1.632806186468641130e+01
2.496922830129006456e+02 3.868860657169574391e-01 1.638525678571713939e+01
2.496888600406235241e+02 3.839357787376105891e-01 1.645978235924767574e+01
2.494589443133332622e+02 3.443226956306295605e-01 1.625075384170979476e+01
2.494743362710610484e+02 3.627277366937375902e-01 1.621706302584812320e+01
2.494974875748846443e+02 3.755964226628623615e-01 1.641294426994669209e+01
2.495211206980214627e+02 4.038433653366398368e-01 1.640251893310133013e+01
2.495360468209630085e+02 4.141819290355507333e-01 1.637685463328640623e+01
2.495483708912629766e+02 4.023899151335792457e-01 1.658707742333992030e+01
2.495460565601069618e+02 4.053299263455831802e-01 1.653631741616971951e+01
2.495550946683610221e+02 4.027507087425086785e-01 1.655475899329449163e+01
2.495775449365014538e+02 3.760565486894400511e-01 1.668280418840276980e+01
2.495924824769622887e+02 3.770829836718057049e-01 1.676001516246559220e+01
2.495694088122697281e+02 3.810642726412261649e-01 1.667131702226530265e+01
2.495793420540345551e+02 3.875494235865396542e-01 1.663954891664868541e+01
2.495290946934795784e+02 3.824606352479371640e-01 1.656365209905382940e+01
2.495704021364462051e+02 3.745791216959126202e-01 1.665194948432774069e+01
2.495692284154652612e+02 3.802513452692079521e-01 1.667960385775140963e+01
2.496138686323067759e+02 3.779632744075163697e-01 1.689741130585593254e+01
2.496324335186396581e+02 3.846402396765645215e-01 1.678946094466271077e+01
2.496336003891090627e+02 3.878051760181858154e-01 1.678111930508410765e+01
2.496416782839925190e+02 3.820073597329213810e-01 1.680953180178729767e+01
2.496367173718697359e+02 3.860685713372312700e-01 1.674071384613979419e+01
2.496458776475799937e+02 3.854211979946269295e-01 1.673469795523647363e+01
2.496449596790307055e+02 3.834528176724930071e-01 1.675070189199711734e+01
2.496488952979230476e+02 3.780877253675584693e-01 1.680602548161950693e+01
2.496743380978641369e+02 3.856050200548725715e-01 1.680425690788459647e+01
2.496650099846206103e+02 3.889594872163745221e-01 1.673789600238397668e+01
2.496790158555090215e+02 3.860160507485896342e-01 1.683413883931782706e+01
2.497128139960518354e+02 3.862786536917977576e-01 1.696835063658378573e+01
2.497353590296021935e+02 3.957072411048961902e-01 1.671743466610035611e+01
2.497286911983485709e+02 3.940448502991961144e-01 1.673956524370123944e+01
2.497516495460965302e+02 3.892083891364587767e-01 1.695669677466498015e+01
2.497370739409965381e+02 3.983914998852539080e-01 1.673759001286754255e+01
2.497098739848398168e+02 3.880654954575399329e-01 1.685836338995281025e+01
2.497203107392044501e+02 3.928654205586135650e-01 1.661265495000839110e+01
2.496939180016601085e+02 3.964025680284342101e-01 1.657628330062214062e+01
2.496736507632040798e+02 3.954149526115862678e-01 1.652671414071179257e+01
2.496524347288967078e+02 3.967747791566335058e-01 1.657042382973281747e+01
2.496463800184278625e+02 3.878736811338053259e-01 1.665468398019288898e+01
2.496574926899332922e+02 3.991256463743096949e-01 1.666151508197208031e+01
2.496644505261763811e+02 4.310570225164897518e-01 1.672724916566478015e+01
2.496614397263448950e+02 4.074695694567658233e-01 1.655343912806688778e+01
2.496851961586898199e+02 3.967964724432463397e-01 1.668908039874544258e+01
2.496850899757606044e+02 3.919622947843630079e-01 1.650911060950143039e+01
2.496933688189832310e+02 3.872308747989089417e-01 1.681997083965578454e+01
2.496846515430206352e+02 3.901080896549283250e-01 1.665194149206425323e+01
2.497001451166699155e+02 4.031183528630000179e-01 1.667635443176719079e+01
2.496944683260889235e+02 3.973262453373705427e-01 1.686053842737372932e+01
2.496849872180871728e+02 3.993517132558540572e-01 1.683958271250572380e+01
2.496754524477448740e+02 4.070220027013850550e-01 1.663216520693682909e+01
2.496704047624756413e+02 3.964208360592660352e-01 1.664868521556847369e+01
2.496757082001765014e+02 3.930412503553702974e-01 1.690889847199339613e+01
2.496762939189150643e+02 4.015792712654150942e-01 1.672173450385740878e+01
2.496671541947394815e+02 4.028454741524489791e-01 1.658556231853280138e+01
2.496803357207366219e+02 3.982270876077670940e-01 1.692377778310595460e+01
2.496798721694542564e+02 4.099916994634907885e-01 1.679995707012754380e+01
2.496935058292144731e+02 4.140380682927497502e-01 1.675319433645374190e+01
2.496719701043675457e+02 4.112088070176640464e-01 1.644974750156134746e+01
2.496911755135314763e+02 4.089584139695631726e-01 1.666542900757780643e+01
2.497048651191361159e+02 4.069260955395177515e-01 1.648249637208325069e+01
2.496896855272667608e+02 3.953110531862299992e-01 1.636535262437389093e+01
2.496926426647576704e+02 3.946865148821654956e-01 1.650868245252880939e+01
2.494661076649232143e+02 3.519598742702778060e-01 1.651134159276677238e+01
2.495061934333279794e+02 3.578513142135555380e-01 1.655170138163400750e+01
2.495222601664445961e+02 3.868620889264905993e-01 1.657572041692213460e+01
2.495143877869079745e+02 4.275404265813549376e-01 1.644797778607451022e+01
2.495488835378781971e+02 4.248881368549529691e-01 1.648668089289567718e+01
2.495987095919721241e+02 4.314931717526006016e-01 1.645732074209308138e+01
2.496035666046695383e+02 4.400506024454042819e-01 1.647466852087179490e+01
2.496071642649914963e+02 4.324990552002804245e-01 1.651174006418929352e+01
2.495890446619101226e+02 4.073713787910445694e-01 1.647972876541222220e+01
2.496103451858600977e+02 3.874112716033736303e-01 1.658017324943740078e+01
2.496249139404484936e+02 3.833569105106257036e-01 1.663156007841552153e+01
2.496184653255648414e+02 3.940699688415899016e-01 1.646493508569419006e+01
2.496443317154708552e+02 3.868609471745635964e-01 1.651643723161693700e+01
2.496499662612305599e+02 3.898180846654724085e-01 1.661119236578991476e+01
2.496446045941814020e+02 3.877595059411061418e-01 1.655350763318250884e+01
2.496488016742650302e+02 3.921404080849737461e-01 1.659853147867150369e+01
2.496726962585931062e+02 3.908650711825238933e-01 1.650534511164621065e+01
2.496524758319660862e+02 4.016786036830633511e-01 1.639317597708275542e+01
2.496670183262601768e+02 4.026114150074156517e-01 1.639035128281537723e+01
2.496806565530280864e+02 3.952676666130043315e-01 1.653332260086521899e+01
2.496821305547658483e+02 3.985684714339376433e-01 1.648764338977013111e+01
2.497065286516937306e+02 4.036663937879561015e-01 1.634755042832823690e+01
2.497323642142976894e+02 4.073439767447967763e-01 1.639464769531664601e+01
2.497499232171828965e+02 3.995652208662014981e-01 1.645685376555494273e+01
2.497458699978420782e+02 3.972645907333129944e-01 1.647029446923949081e+01
2.497295189684956256e+02 4.088956176135786214e-01 1.616513500645660883e+01
2.497283715078090154e+02 4.016477763810346047e-01 1.624161183403037256e+01
2.497354309599735984e+02 4.328541400495748426e-01 1.626474258631930070e+01
2.497373696547456348e+02 4.061759645234841454e-01 1.624741079206756567e+01
2.497357837613190554e+02 3.951169553586413863e-01 1.631060676122656261e+01
2.497335082497285441e+02 4.057341065277382808e-01 1.626543677149091138e+01
2.497523745585701533e+02 3.979930284627337667e-01 1.628420603141873002e+01
2.497422963143106074e+02 4.032119765210133711e-01 1.620399910029948032e+01
2.497548453097401762e+02 3.956741302990134379e-01 1.624916909003513155e+01
2.497388527904988109e+02 3.896879249457953498e-01 1.628325495206354390e+01
2.497557039071892575e+02 3.887288533271222035e-01 1.627482996459427156e+01
2.497588791192982285e+02 3.845317732435002966e-01 1.627555954407561956e+01
2.497480575945342025e+02 3.859875069504148382e-01 1.619159739086849470e+01
2.497453733357538397e+02 3.827963103144727541e-01 1.629887297667286461e+01
2.497647431571952552e+02 3.964151272996310760e-01 1.633417708800737955e+01
2.497729729050850267e+02 3.789440393128023499e-01 1.623333184905582982e+01
2.497682791629131600e+02 3.890839381764166771e-01 1.632440940027196419e+01
2.497805781146707034e+02 3.913069291782697023e-01 1.630596439789141172e+01
2.498149414224173768e+02 3.996839630666086385e-01 1.635463728253907334e+01
2.498245481231311089e+02 3.985913064724774801e-01 1.637835603707040022e+01
2.498301963699139208e+02 3.911208236141700545e-01 1.642538936595090249e+01
2.498423628784479433e+02 3.912178725279643610e-01 1.645766897643081350e+01
2.498242284325915250e+02 3.936007087995962994e-01 1.627196645076137571e+01
2.498457276213767955e+02 3.969026553724566142e-01 1.624551776737261122e+01
2.498731445103996407e+02 3.947390354708071314e-01 1.641544470666680411e+01
2.498830389325989643e+02 3.907075094165990414e-01 1.652786959366190800e+01
2.499006253375304141e+02 3.890120078050161578e-01 1.656759913546543928e+01
2.498483901868705459e+02 3.913994110843560525e-01 1.629599462006492061e+01
