2.513483785129974706e+02 6.710907736559404979e-01 2.214431503560675196e+01
2.512784809132559474e+02 7.522537480199774640e-01 2.084100811753144455e+01
2.512454655801410013e+02 8.035335268856770297e-01 1.996141031451507786e+01
2.510066894472091121e+02 6.493340842087313991e-01 1.918650690371593726e+01
2.506979596232460210e+02 4.386338854212006866e-01 1.864573751071343466e+01
2.504973805367712032e+02 3.560854562016773639e-01 1.806632907189108295e+01
2.501698971510112131e+02 3.254326882087134609e-01 1.768288452822737966e+01
2.499840341753009909e+02 3.521500913166196178e-01 1.751257117984662415e+01
2.499032447689263279e+02 3.734064464597421362e-01 1.754296144060381124e+01
2.498512402905977581e+02 3.847817600100515434e-01 1.734553019730672219e+01
2.498148527491462971e+02 3.923720333316879638e-01 1.731877128664443788e+01
2.498280398113537615e+02 3.933682146366854759e-01 1.743165725080883632e+01
2.498101747355856617e+02 3.959450484853108132e-01 1.724669510121112381e+01
2.497797014597197176e+02 3.931640423421927655e-01 1.731178231194834183e+01
2.497493751430327791e+02 3.954323740974911572e-01 1.727994040861382885e+01
2.497087112016549213e+02 3.926895100313662623e-01 1.723578422353949335e+01
2.497078675886579049e+02 3.900173209902580429e-01 1.719997330054610529e+01
2.497302760588913770e+02 3.917617600997976290e-01 1.722637322695433326e+01
2.497234620890191081e+02 3.971409147816253871e-01 1.731063468416116535e+01
2.497102705395084570e+02 3.901227726148862041e-01 1.728681720073053185e+01
2.496870150908005712e+02 3.916630394299330242e-01 1.725230310835490855e+01
2.496706498961189311e+02 3.920938205347967997e-01 1.713599108821589212e+01
2.496515059389457463e+02 3.888595967709366219e-01 1.723967134991541528e+01
2.496673651901943458e+02 3.878824865044356862e-01 1.743272522896464594e+01
2.496568693880664682e+02 3.972026152002907651e-01 1.723825111846031533e+01
2.496343734154210665e+02 4.086026089180663234e-01 1.711332684170140439e+01
2.496432066717223677e+02 3.834265944510009128e-01 1.722930343592804192e+01
2.496300151222116881e+02 3.949096032775262222e-01 1.737961350857748144e+01
2.496405759902356181e+02 3.892051191154627943e-01 1.740593939448330829e+01
2.496331685745184075e+02 3.951406993910729359e-01 1.732579952524332256e+01
2.496502562250113328e+02 3.948546338136243450e-01 1.736208834602492246e+01
2.496903715935759749e+02 3.951418212168668620e-01 1.732920090105047706e+01
2.496983275821064296e+02 3.878690245949086846e-01 1.749843617484328107e+01
2.496947422268690673e+02 3.945068678175103760e-01 1.738302946811995398e+01
2.497313137477507325e+02 3.876020300559566700e-01 1.758838641065106145e+01
2.497592438445418566e+02 3.868795742446746733e-01 1.748750173882998027e+01
2.497819170656626966e+02 3.795013259980883902e-01 1.749598835096095684e+01
2.497623894440680203e+02 3.791602909567379220e-01 1.750927974296727285e+01
2.497385495241215096e+02 3.901261380922679267e-01 1.751211010944532376e+01
2.497202503017711308e+02 3.916630394299330242e-01 1.752050809733858117e+01
2.497045155731856596e+02 3.953168260407177725e-01 1.744180192146322028e+01
2.497329370296745310e+02 3.824550933134695518e-01 1.749763967852960178e+01
2.497406148054080859e+02 3.834131325414739111e-01 1.745358221412513444e+01
2.497307472257247980e+02 3.925167488591031484e-01 1.740576999878842912e+01
2.497528124172653463e+02 3.916686485589025990e-01 1.751791667975463440e+01
2.497655227035104133e+02 3.894070477583677081e-01 1.748451095126339894e+01
2.497655574801100329e+02 3.942006093757712826e-01 1.758999174336215532e+01
2.497504307811048534e+02 4.026502012555474019e-01 1.762045155731856738e+01
2.497547442012824774e+02 4.003280218621410591e-01 1.770912627719866705e+01
2.497359412791506372e+02 3.949757909993673044e-01 1.769845434842114074e+01
2.497273559463498032e+02 3.987395165379558626e-01 1.757148947054309929e+01
2.497604206397996904e+02 4.049185330108457936e-01 1.767095054543170107e+01
2.497693896370220443e+02 4.071498445149449585e-01 1.749547455474734292e+01
2.497638040663941297e+02 4.064386069616021668e-01 1.754337202884438440e+01
2.497914761432526802e+02 4.054054054054054279e-01 1.758007143786655746e+01
2.497830938609205305e+02 4.141433065142180459e-01 1.746029073237275142e+01
2.497376105559319797e+02 4.159225222233689512e-01 1.739068032003446262e+01
2.497466289134892747e+02 4.139290377875800564e-01 1.748209229485171790e+01
2.497554621697905759e+02 4.127073694980054053e-01 1.729380168812345531e+01
2.497560443973776216e+02 4.140356112380020881e-01 1.748651228847974792e+01
2.498025351019290952e+02 3.620580567284867324e-01 1.719016069032672078e+01
2.498641334344472398e+02 3.690829298499894717e-01 1.704526903626189593e+01
2.498796202395322439e+02 3.863624125536793685e-01 1.721749173214389828e+01
2.498879340904909441e+02 4.134904039021588540e-01 1.705797820068117332e+01
2.499100037693346792e+02 4.107262251459495306e-01 1.720663358028458489e+01
2.498917426890612887e+02 3.936643766462793459e-01 1.705605202579301860e+01
2.498706377804003580e+02 3.908463502519620714e-01 1.715353307815535899e+01
2.499012187515425012e+02 3.873339136912107294e-01 1.709264934866794405e+01
2.499249274178711460e+02 3.922564852749146347e-01 1.701735015772870696e+01
2.499110762347936543e+02 3.766574976105110384e-01 1.698533998052510441e+01
2.499039795648213271e+02 3.904054727149530168e-01 1.694549272832520259e+01
2.498905434572876061e+02 3.912423547572144722e-01 1.693731686193914143e+01
2.498862210625036369e+02 3.876715832551794749e-01 1.696239191208475461e+01
2.499202494043105105e+02 3.821129364463251021e-01 1.695992950446710879e+01
2.499072485651848012e+02 3.874505835737779846e-01 1.699045662797115597e+01
2.499010527213250157e+02 3.857745758376673328e-01 1.711427702814885166e+01
2.498847851254874399e+02 3.959248556210203107e-01 1.701863464826273997e+01
2.499187338176629112e+02 3.931517022584596899e-01 1.714731031047650589e+01
2.499229933902024356e+02 4.005602398014816989e-01 1.717810667217109355e+01
2.499564484790285803e+02 3.968268035593288667e-01 1.724432692696016645e+01
2.499527363574765104e+02 3.973147977796823715e-01 1.727848988786229256e+01
2.499423661998375508e+02 3.918750645049831616e-01 1.721712152963190690e+01
2.499347288098325919e+02 3.877400146286083538e-01 1.729224459392149882e+01
2.499285486715338891e+02 3.867730007942526416e-01 1.738179209426926519e+01
2.499329507159492323e+02 3.875212585987947156e-01 1.716819197580446144e+01
2.499431357723321980e+02 3.822363372836559137e-01 1.739139155758780575e+01
2.499496861131428602e+02 3.912659130988866973e-01 1.715691650474980889e+01
2.499573392087089587e+02 3.894429461837730089e-01 1.734890240564323349e+01
2.499586607194941905e+02 3.934478642680535598e-01 1.727696083930518611e+01
2.499707293213851358e+02 3.963859260223198677e-01 1.735289834912116191e+01
2.499716458530587602e+02 3.925391853749815030e-01 1.743225406213120010e+01
2.499452100282251479e+02 3.889280281443655007e-01 1.719337472122629151e+01
2.499488929823065746e+02 3.904750259141758217e-01 1.736203898568999193e+01
2.499526679261030893e+02 3.776177804901032498e-01 1.745715074197558181e+01
2.499522001247470371e+02 3.794979605207066675e-01 1.746019874265764926e+01
2.499326377265527128e+02 3.868425539934754465e-01 1.716357229718511590e+01
2.498981415833897870e+02 3.876031518817505961e-01 1.733144006533513348e+01
2.499000453217620645e+02 3.888124800875921716e-01 1.727293797200820435e+01
2.499029317795298084e+02 3.928521747714840973e-01 1.725962189983441775e+01
2.499268345217207923e+02 3.895876617111881934e-01 1.742003962288704244e+01
2.499152505485728000e+02 3.990491404570766787e-01 1.740825484292195213e+01
2.498950767553208152e+02 3.930832708850308110e-01 1.727072348789101142e+01
2.498740840292392704e+02 3.988584300721109699e-01 1.738392692875508772e+01
2.499089772987332481e+02 3.939953152554845905e-01 1.744116921171545087e+01
2.498951698668617212e+02 4.061435667778022229e-01 1.718115130737578156e+01
2.498825841032797825e+02 4.054850550367734563e-01 1.728481361986260012e+01
2.498659463049301905e+02 4.044316606162862149e-01 1.728306244979829742e+01
2.498567495770716675e+02 4.019434510053802589e-01 1.746964563766821854e+01
2.498453955782114519e+02 4.012131424135408908e-01 1.740173815688509507e+01
2.498479892394469744e+02 4.092566333559194414e-01 1.717688836935889896e+01
2.498494229328116205e+02 4.127623389619072825e-01 1.742416569815706495e+01
2.498339787571067632e+02 4.088897963213088405e-01 1.708480329906529605e+01
2.498535052568756782e+02 4.085835378795697470e-01 1.719739758852327327e+01
2.498290191652718590e+02 4.174022104455443194e-01 1.711245069575635824e+01
2.498390247295278073e+02 4.114711174731098264e-01 1.699557327541720753e+01
2.498643353630901345e+02 4.174751291221489025e-01 1.711272554307586802e+01
2.498378367160120490e+02 4.228015579916625799e-01 1.685320909486607732e+01
2.498326011550318242e+02 4.194753445127012981e-01 1.692751210450031607e+01
2.498265612449573894e+02 4.167403332271338301e-01 1.678393859574334357e+01
2.498445721580787051e+02 4.212018344095382338e-01 1.683490314156095380e+01
2.497884842338602880e+02 3.529062019017190632e-01 1.653095341730573509e+01
2.498189586315520216e+02 3.609429618893341130e-01 1.658219954139761398e+01
2.498222108045285950e+02 3.894205096678947098e-01 1.659314856114623637e+01
2.498229097019981850e+02 4.034612813045487800e-01 1.663479522191957827e+01
2.498287039322237604e+02 4.063174497758592074e-01 1.654354030271347398e+01
2.498204461725547674e+02 3.961178096575738716e-01 1.660028112954395496e+01
2.498473453114412735e+02 3.925077742527518510e-01 1.657436919735608072e+01
2.498432091397391162e+02 3.935207829446580874e-01 1.654026905869841357e+01
2.498697784618422304e+02 3.961413679992461523e-01 1.649766099321968582e+01
2.498702227048566158e+02 3.882807346612759392e-01 1.662518005303992297e+01
2.499014004873211263e+02 3.885578256323731772e-01 1.669185689092712011e+01
2.498930215704663738e+02 3.897166716774885242e-01 1.665861607082759477e+01
2.498890862055813216e+02 3.854918757376004645e-01 1.646072487895499847e+01
2.499166191760413938e+02 3.965474689366437766e-01 1.644341735060645959e+01
2.499438088678085421e+02 3.924483174856742695e-01 1.654449609828988699e+01
2.499255881732637476e+02 3.944877967790137996e-01 1.644913866215543052e+01
2.499245471189269949e+02 3.981449488671803261e-01 1.645962661150275252e+01
2.499220959295672913e+02 3.908833705031612982e-01 1.653822509210189651e+01
2.499325311531023033e+02 4.008227470372580648e-01 1.628834849293922815e+01
2.499287651839121338e+02 3.969019658875212464e-01 1.653609025761607398e+01
2.499302886233402603e+02 3.992095615456067170e-01 1.652537009032941384e+01
2.499209999057666209e+02 3.941433962602815533e-01 1.621153034987503005e+01
2.499471788324934494e+02 3.921532773018743256e-01 1.613885286581617251e+01
2.499430235897527837e+02 3.892241901539593707e-01 1.612988274676801836e+01
2.499779033973372293e+02 3.894317279258338593e-01 1.629526679261030964e+01
2.499558595204867686e+02 3.933065142180200979e-01 1.608978532741607737e+01
2.499283826413164036e+02 3.853651094228879304e-01 1.612807324176243284e+01
2.499492822558570424e+02 3.829015799794481256e-01 1.645630488532696845e+01
2.499424716514621991e+02 3.856242511812825735e-01 1.619588424552728156e+01
2.499480886332123362e+02 3.854806574796613150e-01 1.647018523587509264e+01
2.499253570771502098e+02 3.847851254874333216e-01 1.634262466850047701e+01
2.499254243866978413e+02 3.834299599283826354e-01 1.653627199339468845e+01
2.499040053668146015e+02 3.792893009230382528e-01 1.651914956630214704e+01
2.499129743640369554e+02 3.833682595097172574e-01 1.664118514164172424e+01
2.499448555312742712e+02 3.803180151760593430e-01 1.679363565790595558e+01
2.499715998582012162e+02 3.832650515366769484e-01 1.680727481590838579e+01
2.499237921301676977e+02 3.933480217723950290e-01 1.656875333743173684e+01
2.499195617250988448e+02 3.944563856567841476e-01 1.667690856222318985e+01
2.499191870352836702e+02 4.081112492203310960e-01 1.660290059277274821e+01
2.499316493980282701e+02 4.024976329475748460e-01 1.677649191612333013e+01
2.499289917927224849e+02 4.038741131967099052e-01 1.675356852785044737e+01
2.499193597964559217e+02 4.058260900781239244e-01 1.664920058693925498e+01
2.499228060452948341e+02 4.024751964316964914e-01 1.679890150818259897e+01
2.499474301214712852e+02 4.006163310911775022e-01 1.661642195906681962e+01
2.499518736734409856e+02 3.966517987354779562e-01 1.645201502349103251e+01
2.499485025869302888e+02 4.026490794297535314e-01 1.642424646961422496e+01
2.499527430884312764e+02 4.057823388721611968e-01 1.651946928665341474e+01
2.499842473222018384e+02 4.087978066062077365e-01 1.651175112519127097e+01
2.499806731852224004e+02 4.032873983064917955e-01 1.648843846336789909e+01
2.499976138765363487e+02 4.072979255197418658e-01 1.644178733772789869e+01
2.499788883603843033e+02 4.045247721571812449e-01 1.624192846341277274e+01
2.499780021180071117e+02 4.084197513136579860e-01 1.636659023293590920e+01
2.499680840561630930e+02 3.991411301721778382e-01 1.646358441290368901e+01
2.499626465665399735e+02 3.928633930294232468e-01 1.649838905815993684e+01
2.499624423942454712e+02 3.933626055077159012e-01 1.646304705834840476e+01
2.499726285724542549e+02 3.993576425504036242e-01 1.650053286725211166e+01
2.499568298997985210e+02 3.943879542833552687e-01 1.662475824654141121e+01
2.499721405782338763e+02 3.991972214618736414e-01 1.646646638336826030e+01
2.499828001669276887e+02 3.952315672803801694e-01 1.673103553495384688e+01
2.499843830631228911e+02 4.007531938380352599e-01 1.658296013928589119e+01
2.497641753907319355e+02 3.506692812686503791e-01 1.628163660921422817e+01
2.498061081170827151e+02 3.469268704201461939e-01 1.658880148619481076e+01
2.497928021413410704e+02 3.775246689492082197e-01 1.660508590941929796e+01
2.497834090939686291e+02 4.143968391436430587e-01 1.642878986407958664e+01
2.497999212478292748e+02 4.123999892304723858e-01 1.655132801737483916e+01
2.498107188210957190e+02 4.105848750959161242e-01 1.659461366563309070e+01
2.498286175516376488e+02 3.920915768832089476e-01 1.654888243714410123e+01
2.498307658480329962e+02 3.891523933031487137e-01 1.651621711367685208e+01
2.498325237490520578e+02 3.850655819359123377e-01 1.657751816235960263e+01
2.498769424413621607e+02 3.889672920471525797e-01 1.653446024473751663e+01
2.498614567581029462e+02 3.889325154475412050e-01 1.661524179833162052e+01
2.499004424480931164e+02 3.807499181067170446e-01 1.674433926704389819e+01
2.499052348878847170e+02 3.946998218540639369e-01 1.667744703860427080e+01
2.499376074148197802e+02 4.002461285791851786e-01 1.657961709842001952e+01
2.499265091922405588e+02 4.001070221807396243e-01 1.662192563641177401e+01
2.499005938945753087e+02 4.007060771546908096e-01 1.639474918218899546e+01
2.498869670766565889e+02 3.981090504417750253e-01 1.643649456363220196e+01
2.498881550901723472e+02 4.001676007736110763e-01 1.634889230921108805e+01
2.499160212428932368e+02 3.971128691367775132e-01 1.638846920139465269e+01
2.499103930428851470e+02 4.001597479930536494e-01 1.624699911600127322e+01
2.499208821140582586e+02 3.997727180941526015e-01 1.617895477247129321e+01
2.499149252190925665e+02 4.046268583044276279e-01 1.607807683160497447e+01
2.499062400437960889e+02 4.050194973322982506e-01 1.596502595904887123e+01
2.499159012075332953e+02 3.952427855383193189e-01 1.594863720602555013e+01
2.499098669065878084e+02 4.015934413576784379e-01 1.579430538790492378e+01
2.499188516093712735e+02 4.036205805672848923e-01 1.580277741630057697e+01
2.499313465050639138e+02 3.936150163113470435e-01 1.593358230387119612e+01
2.499332726799520685e+02 3.930799054076490329e-01 1.613910415479401195e+01
2.499382289063096039e+02 3.865598538934085782e-01 1.602728841243700941e+01
2.499558135256292246e+02 3.766036499724030873e-01 1.630837869248960104e+01
2.499443551969701787e+02 3.839931164769285199e-01 1.625055866924537185e+01
2.499424121946951232e+02 3.863646562052672206e-01 1.623607814189750087e+01
2.499436854669712034e+02 3.874404871416327611e-01 1.646485880700557658e+01
2.499491655859744981e+02 3.840626696761513248e-01 1.641278028817460921e+01
2.499807247892089208e+02 3.887777034879807414e-01 1.650540383484929308e+01
2.499841990836926868e+02 3.858373980821266369e-01 1.664569600315905973e+01
2.500110499840700697e+02 3.793779251607576342e-01 1.654019277454442616e+01
2.500452555743523817e+02 3.947873242659893922e-01 1.662403242525274649e+01
2.500306505243413824e+02 3.917191307196288275e-01 1.660427258571870723e+01
2.500362170239307886e+02 3.959585103948378149e-01 1.675435829320936421e+01
2.500567767252559008e+02 3.880283238576447968e-01 1.684660827189467369e+01
2.500504642115135141e+02 3.871734926026806911e-01 1.655410565804057299e+01
2.500346464678193001e+02 3.842028979003908606e-01 1.656076032865008330e+01
2.500329637291284257e+02 3.840884716694114021e-01 1.662625924945367117e+01
2.500108144006533450e+02 3.784535407065707791e-01 1.655493356547648531e+01
2.500259119321878813e+02 3.848681405961830726e-01 1.666268942028530375e+01
2.500490709038774924e+02 3.860673723698794246e-01 1.677780557412800633e+01
2.500039465831430050e+02 3.815228560787252698e-01 1.671841836024967520e+01
2.500353476089404978e+02 3.867034475950298367e-01 1.673910819336686728e+01
2.500372356417516642e+02 3.864600113977500473e-01 1.681424696321757750e+01
2.500155047542977229e+02 3.801878833839650862e-01 1.656491557139074899e+01
2.500213337611228894e+02 3.907723097495636178e-01 1.671626333289956179e+01
2.500252141565440525e+02 3.781495259164194822e-01 1.659549429888131655e+01
2.500109445324454498e+02 3.834523964442609900e-01 1.662589802154802854e+01
2.500259287595747821e+02 3.883446787315291138e-01 1.651295147879076097e+01
2.500284326747467958e+02 3.925391853749815030e-01 1.647776990006775932e+01
2.500316410965174043e+02 3.919838816069929899e-01 1.668661796446953360e+01
2.500234596210023597e+02 3.958743734602940822e-01 1.639805520280366835e+01
2.500180299841598242e+02 3.974909244293272081e-01 1.652840238545036655e+01
2.500063809451158079e+02 3.993015512607078210e-01 1.636388102364360009e+01
2.498795697573715131e+02 3.450399594347792753e-01 1.633018810774912311e+01
2.499455981799498261e+02 3.510091944842069211e-01 1.638139160246083748e+01
2.499441846794495063e+02 3.805636950249269845e-01 1.633555492234721740e+01
2.499730683281654535e+02 4.065092819866188423e-01 1.634386204235116580e+01
2.499787660813727541e+02 4.086138271760054730e-01 1.643270167062297205e+01
2.499749675792345442e+02 4.132895970850478662e-01 1.630142112891573447e+01
2.499884687526643461e+02 4.065227438961458439e-01 1.638869581020502508e+01
2.499689074762958114e+02 3.825369865964254323e-01 1.637555698650668035e+01
2.499611085433765254e+02 3.842376745000022353e-01 1.628782684394505864e+01
2.499707596106815686e+02 3.769042992851726059e-01 1.634918847122068186e+01
2.499729864348825004e+02 3.776357297028059001e-01 1.621983634805318175e+01
2.499991833108220192e+02 3.790862504543394684e-01 1.628435591493868273e+01
2.499964258630205904e+02 3.775381308587352214e-01 1.625637645781261753e+01
2.499904027803330564e+02 3.740357907301291029e-01 1.626847647082579940e+01
2.499801896783052371e+02 3.819603681383525462e-01 1.627136180676775012e+01
2.499876644035701077e+02 3.759372854508168937e-01 1.633016006210427662e+01
2.499972257248116421e+02 3.742208919861252370e-01 1.622025591090010721e+01
2.500165626360213764e+02 3.726873561258419176e-01 1.617170665601680213e+01
2.499927743200613861e+02 3.721455142673804617e-01 1.615108749792462106e+01
2.499805206169144469e+02 3.643039519679068250e-01 1.616744147434832968e+01
2.499878136064006924e+02 3.725303005146936575e-01 1.621690165177630050e+01
2.499906495820077055e+02 3.750992815827615678e-01 1.612197836222408753e+01
2.499674176916414865e+02 3.847806381842576173e-01 1.609898542075198336e+01
2.499963091931380177e+02 3.748951092882688574e-01 1.619207901243431635e+01
2.500339531794786581e+02 3.803954211558395748e-01 1.637772884124370165e+01
2.500430803541379703e+02 3.825392302480132289e-01 1.645558803864465602e+01
2.500396834656339990e+02 3.813332675195534316e-01 1.617908602608918045e+01
2.500487983002095689e+02 3.790537175063158903e-01 1.635250234461591035e+01
2.500647293483089584e+02 3.833805995934503330e-01 1.640046937191217324e+01
2.501035198406109998e+02 3.751609820014269459e-01 1.646737169678394963e+01
2.501084412903688872e+02 3.803090405697079901e-01 1.622622963325271073e+01
2.501001992362610054e+02 3.840929589725870508e-01 1.628212909073775805e+01
2.500858914700853859e+02 3.761930617318298142e-01 1.638026753301533489e+01
2.500469293384368825e+02 3.831932546858663469e-01 1.616430148395116007e+01
2.500783258769312170e+02 3.771398827018949684e-01 1.643627244212500571e+01
2.500747786637708714e+02 3.753337431736900598e-01 1.623003262269408609e+01
2.500876504929302655e+02 3.743992622873579257e-01 1.643179635720728271e+01
2.500728188341088867e+02 3.880518821993170220e-01 1.629967220250301807e+01
2.500847236494339256e+02 3.777232321147313554e-01 1.613772094359011078e+01
2.500863985353442445e+02 3.721488797447621844e-01 1.646540064886404053e+01
2.500719415663380403e+02 3.670299886471229400e-01 1.633499961857922855e+01
2.501015050414851260e+02 3.751621038272208719e-01 1.641470534123697078e+01
2.501112110782540867e+02 3.723339810007583739e-01 1.657100484180012501e+01
2.500796103674652500e+02 3.827176005492459177e-01 1.634353783469672550e+01
2.500810754719521185e+02 3.806310045725619373e-01 1.659010392594154837e+01
2.500876101072016695e+02 3.788551543407927547e-01 1.675681733534962703e+01
2.500701780561900023e+02 3.828297831286375241e-01 1.663967740777470183e+01
2.500823588406603619e+02 3.945046241659225239e-01 1.667586975153802342e+01
2.500549503928633897e+02 3.941860256404503549e-01 1.645764210167331498e+01
2.500725720324342376e+02 3.901508182597340779e-01 1.662863415465939099e+01
2.500809363655536686e+02 3.910090149920799063e-01 1.668104136844797480e+01
2.500763391234501967e+02 3.882706382291306602e-01 1.658681809819116637e+01
2.500738800813099374e+02 3.813714095965465845e-01 1.649723694306958421e+01
2.500692211387878103e+02 3.838865430265064882e-01 1.674819049499441448e+01
2.500764670115906938e+02 3.871544215641841147e-01 1.671086959448241060e+01
2.501014814831434592e+02 4.017987354779650744e-01 1.635164639153515154e+01
2.501018270054879622e+02 3.910404261143095583e-01 1.667500370202511917e+01
2.500747360343906962e+02 3.888225765197373951e-01 1.656857384530470867e+01
2.500630690461339611e+02 3.920736276705062973e-01 1.645891986125258555e+01
2.500522972748607913e+02 3.909237562317423031e-01 1.657848181071657834e+01
2.498575662662496484e+02 3.373823765655079021e-01 1.622815917361824845e+01
2.498905457009391853e+02 3.442670214627711056e-01 1.636753817573176661e+01
2.498999252864021230e+02 3.656602393527513817e-01 1.655853686992654161e+01
2.499280214134107609e+02 3.888012618296530221e-01 1.676426064949226102e+01
2.499629404848979846e+02 4.136799924613306922e-01 1.658753045757030620e+01
2.500008705368160804e+02 4.109180573567091654e-01 1.671111863980866019e+01
2.500196745807737102e+02 4.125020753777187688e-01 1.688067139030114205e+01
2.500423130252949306e+02 3.895562505889585414e-01 1.699870316938223169e+01
2.500341842755922244e+02 3.859327532746095191e-01 1.688670793489820454e+01
2.500453094219904813e+02 3.835342897272168150e-01 1.683317104253514529e+01
2.500452690362618853e+02 3.861952605103858849e-01 1.670946282493684265e+01
2.500623937070060379e+02 3.871959291185590457e-01 1.676906430754181088e+01
2.500841750766207099e+02 3.789348039721607830e-01 1.684793987911205093e+01
2.500791156422901338e+02 3.754986515653956913e-01 1.690959879022306467e+01
2.501060540450794463e+02 3.853067744816042750e-01 1.673367855652431402e+01
2.501012548743330797e+02 3.661717919147771116e-01 1.703458925470381402e+01
2.500956277961507794e+02 3.718717887736648908e-01 1.690602801872102745e+01
2.501201475425284286e+02 3.734053246339482657e-01 1.682288053452755605e+01
2.501259754275278056e+02 3.751710784335722249e-01 1.692439567244481680e+01
2.501232235888553248e+02 3.791098087960116936e-01 1.684289166303943119e+01
2.501292702298845541e+02 3.852977998752529776e-01 1.691270736949800479e+01
2.501333929396771794e+02 3.750465557704475428e-01 1.693731910559073128e+01
2.501396673113425493e+02 3.725953664107408136e-01 1.696312670797977162e+01
2.501407487514078980e+02 3.760988283651408581e-01 1.702337436224203771e+01
2.501478162539095536e+02 3.735893040641504736e-01 1.694138684591947097e+01
2.501479037563214831e+02 3.788024285284786741e-01 1.693611089921068213e+01
2.501427411140178947e+02 3.757185294210032556e-01 1.673746808405616449e+01
2.501539436663959464e+02 3.613771084715796666e-01 1.701963419504512132e+01
2.501538662604161516e+02 3.695967260636030538e-01 1.690878658834826709e+01
2.501407880153106760e+02 3.736274461411436265e-01 1.702841023823092570e+01
2.501283862311589417e+02 3.727928077504700233e-01 1.717805955548774577e+01
2.501439044473661681e+02 3.718190629613508658e-01 1.718485557614729231e+01
2.501513017666512724e+02 4.028308152083679428e-01 1.710012070845542453e+01
2.501469659099577711e+02 3.762861732727248443e-01 1.713228345396700192e+01
2.501619849136867231e+02 3.746191401429654899e-01 1.714869688715778651e+01
2.501526546885587265e+02 3.737609434106196615e-01 1.720194883576919054e+01
2.501422935055261121e+02 3.770961314959322408e-01 1.728315331768760288e+01
2.501582694266572844e+02 3.779868611763016473e-01 1.721306276390951950e+01
2.501723584368030515e+02 3.789774333523295846e-01 1.730512427586144852e+01
2.501737360388779905e+02 3.706725569999685943e-01 1.735794432154219535e+01
2.501757654217391860e+02 3.785758197181076090e-01 1.735938586768737935e+01
2.501721834319792208e+02 3.763613356009172239e-01 1.746974548016387629e+01
2.501806184401236806e+02 3.778197091330081636e-01 1.750634616851618475e+01
2.502074783151074087e+02 3.729498633616182834e-01 1.759868925874238954e+01
2.502385203566508665e+02 3.833278737811362524e-01 1.767343426773943094e+01
2.502177845286761055e+02 3.817281501990119064e-01 1.761272666490166117e+01
2.502121787651839213e+02 3.860942961889334279e-01 1.764548622173559878e+01
2.502093798098280786e+02 3.833009499620823046e-01 1.763815733382394413e+01
2.501793754571440047e+02 3.856433222197791499e-01 1.759322484530022379e+01
2.501823539046268650e+02 3.859293877972277409e-01 1.772085496587406084e+01
2.501701461963374697e+02 3.875257459019703643e-01 1.757560769303256265e+01
2.502018680643120376e+02 3.853258455201008514e-01 1.748172770146869581e+01
2.501895010567598945e+02 4.093093591682334664e-01 1.741198379186092993e+01
2.501725289543237523e+02 3.921600082566378265e-01 1.736724537919955580e+01
2.501644136665305496e+02 3.920377292451009965e-01 1.734876329924478711e+01
2.501857384530470938e+02 3.901306253954435754e-01 1.736583075687342514e+01
2.501880550233115343e+02 3.836711524740746282e-01 1.726715608186636075e+01
2.502158572319621612e+02 3.829958133461370817e-01 1.739675276305693075e+01
2.502033892600885849e+02 3.826850676012223396e-01 1.726833063347259056e+01
2.502116851618345947e+02 3.844093138464714232e-01 1.730961943181767282e+01
2.499833521052182732e+02 3.524327914166864861e-01 1.699023450646395972e+01
2.500551489560289156e+02 3.646808854346626494e-01 1.701835643546585075e+01
2.500553935140519854e+02 3.781450386132438335e-01 1.726931896199702976e+01
2.500792670887723261e+02 4.075716510134574366e-01 1.719855082543941904e+01
2.500834963720153894e+02 4.070903877478674326e-01 1.729551359428496937e+01
2.500961819780930000e+02 4.177836312154757925e-01 1.720395129481133267e+01
2.501019605027574357e+02 4.134825511216014271e-01 1.726739839623784434e+01
2.500960821355973280e+02 4.135588352755877328e-01 1.726061247201044679e+01
2.500778872430458080e+02 4.184757977303220633e-01 1.708424350799413105e+01
2.501120681531606351e+02 4.187674724367402290e-01 1.716788908284010517e+01
2.501283222870886789e+02 4.037585651399365760e-01 1.714291724066753275e+01
2.501568177840799478e+02 4.037596869657304466e-01 1.703152442663483512e+01
2.501806442421169265e+02 3.935802397117356688e-01 1.708949926183862900e+01
2.501839525063831786e+02 3.999107026668042852e-01 1.697553858856365849e+01
2.501951404750259087e+02 3.874977002571224904e-01 1.711035624699911750e+01
2.502403736128624132e+02 3.789325603205729309e-01 1.712008359845816230e+01
2.502342551749823940e+02 3.855849872784954946e-01 1.697590766924985672e+01
2.502256485274914724e+02 3.844822325230759508e-01 1.698094578889033457e+01
2.502183835836500521e+02 3.878712682464965367e-01 1.705694948642815234e+01
2.502150326900036248e+02 3.851777645153039442e-01 1.711205581307689982e+01
2.502463955737241577e+02 3.834523964442609900e-01 1.715202085698516044e+01
2.502428965990729353e+02 3.773552732543268839e-01 1.715769953915396329e+01
2.502361230149292624e+02 3.705188668662020568e-01 1.724452212464830936e+01
2.502317602344167256e+02 3.778847750290552643e-01 1.710779063140843093e+01
2.502409614495784069e+02 3.727513001960951478e-01 1.716924873570232890e+01
2.502349293922845277e+02 3.762255946798533368e-01 1.708652530165895556e+01
2.502370316938223311e+02 3.710292976024339162e-01 1.708315309332244425e+01
2.502370889069378279e+02 3.705065267824689812e-01 1.725025689810680518e+01
2.502134699866727203e+02 3.795349807719058943e-01 1.717228103082328516e+01
2.502454577273604457e+02 3.897559355802756031e-01 1.707251930662191342e+01
2.502629436260102125e+02 3.861459001754535270e-01 1.702797272617129920e+01
2.502732419867983538e+02 4.200945923509429858e-01 1.707079842585404705e+01
2.502614807651749516e+02 3.893677838555806292e-01 1.711974031976522426e+01
2.502606124720104503e+02 3.910864209718601381e-01 1.705814086542129004e+01
2.502938992869675303e+02 3.865351737259424270e-01 1.714812812148027277e+01
2.503033080399011112e+02 3.793947525476663585e-01 1.699981041144082994e+01
2.503112359827867124e+02 3.795237625139667448e-01 1.717921167057809839e+01
2.503099638323363934e+02 3.713232159604399341e-01 1.720459634464283383e+01
2.503119651695527637e+02 3.746068000592324143e-01 1.711224203615869044e+01
2.503133293097181422e+02 3.757488187174389815e-01 1.721618368326819137e+01
2.502867700840471912e+02 3.733245531767862557e-01 1.713261551440199781e+01
2.502776328129557442e+02 3.743095162238446183e-01 1.713310014314497209e+01
2.502963381362434916e+02 3.747212262902118729e-01 1.724165249426746982e+01
2.502732386213209850e+02 3.809641868333550341e-01 1.699000341035041473e+01
2.502924330606548722e+02 3.752383879812071776e-01 1.701842935414245517e+01
2.502958647257584630e+02 3.714746624426186195e-01 1.724456699768006374e+01
2.502832722312217584e+02 3.725695644174807364e-01 1.709474267559939165e+01
2.502721313792623903e+02 3.708554146043769317e-01 1.715408838192334784e+01
2.502912012959331491e+02 3.788831999856406285e-01 1.713360272110064741e+01
2.502823994507540988e+02 3.763411427366267215e-01 1.712644435070966864e+01
2.502509501864474544e+02 3.849074044989701515e-01 1.711647356305334000e+01
2.502111343453697714e+02 3.665902329359078671e-01 1.714580594208686648e+01
2.502189826386240270e+02 3.840963244499688289e-01 1.706313074655263051e+01
2.502334250238948812e+02 3.789897734360626602e-01 1.705219406688773987e+01
2.502570596497211000e+02 3.729880054386114363e-01 1.721410381824627223e+01
2.502710835939708716e+02 3.778499984294438896e-01 1.698917325926291610e+01
2.502939194798318283e+02 3.817472212375084828e-01 1.709558628859641516e+01
2.502853285379020178e+02 3.839650708320806460e-01 1.702942549057441823e+01
2.502813640055462940e+02 3.882302525005497107e-01 1.704188336601585974e+01
2.502706494473886210e+02 3.895248394667288894e-01 1.704851447828369615e+01
2.500395948413962799e+02 3.409755845834211985e-01 1.661213658453405984e+01
2.501134401461065977e+02 3.451914059169579607e-01 1.682174412499831817e+01
2.501363691435084320e+02 3.659519140591696029e-01 1.696323664690757482e+01
2.501457532162745565e+02 3.887418050625754407e-01 1.710966071500688912e+01
2.501843956275717744e+02 3.957902365257504051e-01 1.730759790173703649e+01
2.501969555891604671e+02 4.006533513423767290e-01 1.732501312536178872e+01
2.502118051971945363e+02 4.200766431382403354e-01 1.723111518458521729e+01
2.502207169813014218e+02 4.008687418948086445e-01 1.735249561366114435e+01
2.502165684695154937e+02 4.052371315363179627e-01 1.733693701172532187e+01
2.502303568303485406e+02 4.111985138051882371e-01 1.746653144926430556e+01
2.502162779166348798e+02 3.892870123984186748e-01 1.754026793687262042e+01
2.502194829729280912e+02 3.876895324678821253e-01 1.750734908077594554e+01
2.502647396691062625e+02 3.722958389237652210e-01 1.763186837842325261e+01
2.502661475604776342e+02 3.712749774513015577e-01 1.772578651206411493e+01
2.502723030186088522e+02 3.876233447460410986e-01 1.779838659014318836e+01
2.502534238123230352e+02 3.770927660185505181e-01 1.763856567841293099e+01
2.502662395501927222e+02 3.778129781782446628e-01 1.769833431306119209e+01
2.502451918546472882e+02 3.811694809536416706e-01 1.746732570192639855e+01
2.502673804470251469e+02 3.795271279913484674e-01 1.736604278194847595e+01
2.502701917424647036e+02 3.822778448380307892e-01 1.733892376520634926e+01
2.502573356188664206e+02 3.885297799875253033e-01 1.724921584377005246e+01
2.502844568792601194e+02 3.849029171957945028e-01 1.730563021929450684e+01
2.502699326007063121e+02 3.846561155211329353e-01 1.713485580051245094e+01
2.502787490296206840e+02 3.832235439823020728e-01 1.712738780620234991e+01
2.502571078882302515e+02 3.875784717142844449e-01 1.705627414730021485e+01
2.502744625332621240e+02 3.814622774858537624e-01 1.722203849208663939e+01
2.502585572871559805e+02 3.898355852116436315e-01 1.704679696299320923e+01
2.502830299168502677e+02 3.931786260775136932e-01 1.710469887952039869e+01
2.502769731793889321e+02 3.835881373653248216e-01 1.718462335820795062e+01
2.502744973098617436e+02 3.822632611027098615e-01 1.717949437067816731e+01
2.502741271073497558e+02 3.831607217378427688e-01 1.701948611404032263e+01
2.502840866767481316e+02 3.852237593728545240e-01 1.711146461088350534e+01
2.502611094408371457e+02 3.871095485324275165e-01 1.722013475371436542e+01
2.502656763936441848e+02 3.908407411229924966e-01 1.687939363072187149e+01
2.502940967283072666e+02 4.136093174363139613e-01 1.698053183517237841e+01
2.502886771878968375e+02 3.934972246029858622e-01 1.688539988602249764e+01
2.502677528931887139e+02 3.942881117876967378e-01 1.691172801557991789e+01
2.502656965865084828e+02 3.893958295004285586e-01 1.691554446693081815e+01
2.502595792704542532e+02 3.967179864573190384e-01 1.685071639795199516e+01
2.502554969463901955e+02 3.867247622851142652e-01 1.691602124289323328e+01
2.502818643398503866e+02 3.897570574060695292e-01 1.689197378517484793e+01
2.502431445225733739e+02 3.947738623564623905e-01 1.672167389870361731e+01
2.502354398230207551e+02 3.959327084015777376e-01 1.679896096494967495e+01
2.502321921373473685e+02 3.864140165401995231e-01 1.685754719521115064e+01
2.502107484372966724e+02 3.902170059815751602e-01 1.694389749204625417e+01
2.502114136799924609e+02 4.058070190396273480e-01 1.681583210306438048e+01
2.502182579391611341e+02 4.080674980143683683e-01 1.675814782074121112e+01
2.502042855988979113e+02 3.943554213353316906e-01 1.671680517475802219e+01
2.502141228892847664e+02 4.006701787292855088e-01 1.666085074780907505e+01
2.501999452549012517e+02 3.891422968710034902e-01 1.659390803720871688e+01
2.501947242776563769e+02 3.961413679992461523e-01 1.655206505692144248e+01
2.501840321560145526e+02 3.916136790950007218e-01 1.638563546943922233e+01
2.502147466244261977e+02 3.925436726781571517e-01 1.665258737901108788e+01
2.502614942270844551e+02 3.740750546329161819e-01 1.698793027628325802e+01
2.502313462806987729e+02 3.784266168875167757e-01 1.681244531099254758e+01
2.502380547989463935e+02 3.825123064289592811e-01 1.698930563470659649e+01
2.502042373603887881e+02 3.902405643232473853e-01 1.682930635267510411e+01
2.501788381025887134e+02 3.829756204818466347e-01 1.687527989553558072e+01
2.501796738628052026e+02 3.830777066290929622e-01 1.690662931734656738e+01
2.501671105357391127e+02 3.858777838107075864e-01 1.683773014256162170e+01
2.499351954893628545e+02 3.607758098460406293e-01 1.691030105317005550e+01
2.499756238473239875e+02 3.716182561442398780e-01 1.672790564098882271e+01
2.500344523919569610e+02 3.847952219195785450e-01 1.701057993906242416e+01
2.500755145814916602e+02 4.207194493181543038e-01 1.717079124616896380e+01
2.500733000973744709e+02 4.258461931963509195e-01 1.705557076252742732e+01
2.500937487379459867e+02 4.253312751569434114e-01 1.714345571704861015e+01
2.500896327591080990e+02 4.289435542133533397e-01 1.712649932017356846e+01
2.501010338746516766e+02 4.222361577915288433e-01 1.715453823406670963e+01
2.501189348488451856e+02 4.283074789882028721e-01 1.720863828297831333e+01
2.501201071567998326e+02 4.345863379567513896e-01 1.721018864622550382e+01
2.501194733252262665e+02 4.088337050316130372e-01 1.730516914889320645e+01
2.501159261120659210e+02 4.032694490937891452e-01 1.729805789518557191e+01
2.501285343121637368e+02 4.033457332477753954e-01 1.738200299751852285e+01
2.501353101399589889e+02 3.975436502416412887e-01 1.753945012586885355e+01
2.501496852156822399e+02 4.238156885093627424e-01 1.749669622303691696e+01
2.501337687513181436e+02 4.138572409367693994e-01 1.740322906336520958e+01
2.501566102463080767e+02 4.052674208327537442e-01 1.741185926919780513e+01
2.501478095229547876e+02 4.110739911420635551e-01 1.739369466594271429e+01
2.501703829015799840e+02 4.044664372158976451e-01 1.751569770833426887e+01
2.501742285204015275e+02 3.999679157822940145e-01 1.747409928607006435e+01
2.502038503304898711e+02 3.990154856832592301e-01 1.740037738219707464e+01
2.502162352872547046e+02 3.943834669801795645e-01 1.738221614441936680e+01
2.502516726422587396e+02 3.876917761194699774e-01 1.739949001799408634e+01
2.502792392674926418e+02 4.011559292980511615e-01 1.750067870460532049e+01
2.503137107304880828e+02 4.042263664959995784e-01 1.755119788558274507e+01
2.502991449443798899e+02 4.052337660589362400e-01 1.735875876706857923e+01
2.502920662236202531e+02 3.925358198975997248e-01 1.751632480895306898e+01
2.502921413859484687e+02 3.967292047152581880e-01 1.738395833987731720e+01
2.503138823698345448e+02 3.906253505705605811e-01 1.750574599171643797e+01
2.503268248740189676e+02 3.963915351512894425e-01 1.770521334882948850e+01
2.503433291750990577e+02 4.193530655011644681e-01 1.772308515555236497e+01
2.503097551727387327e+02 3.994036374079542040e-01 1.774564058496484265e+01
2.502938252464651328e+02 3.917965366994090037e-01 1.794929908324396095e+01
2.502844838030791834e+02 4.068245150347092887e-01 1.773415645431252230e+01
2.502875587275803184e+02 4.079295134417166846e-01 1.792520787431961438e+01
2.503012876316462609e+02 3.917595164482097769e-01 1.804978326325661442e+01
2.502967274097939878e+02 3.792567679750146747e-01 1.806338091370467325e+01
2.503165568025272592e+02 3.919547141363511900e-01 1.816456286936114140e+01
2.502959645682541350e+02 4.019097962315628103e-01 1.806413365881239130e+01
2.503191358800274600e+02 4.415091249310076904e-01 1.779021969836347949e+01
2.502882239702761069e+02 4.108238239900202649e-01 1.786251463982661036e+01
2.502753790649357768e+02 4.064363633100143147e-01 1.790265917586189914e+01
2.502630356157253004e+02 4.098568101556645527e-01 1.785257189781513176e+01
2.502572705529703683e+02 4.113959551449174468e-01 1.781470242448990504e+01
2.502383363772206621e+02 4.131841454604197605e-01 1.769342408156122204e+01
2.502507426486755833e+02 4.074751739951806284e-01 1.772924061368358295e+01
2.502862585314851742e+02 3.981572889509134017e-01 1.766697255116647369e+01
2.502988353204607677e+02 4.030865914893808077e-01 1.770937307887332679e+01
2.502838892354084237e+02 4.101058554819139168e-01 1.746411054920103467e+01
2.502751950855055725e+02 4.104883980776393160e-01 1.739423762962697140e+01
2.502730737129292606e+02 4.031236117405800345e-01 1.738549860669236224e+01
2.502715379334173917e+02 3.916518211719938192e-01 1.748736487608312373e+01
2.502689824142588577e+02 3.978342031222655284e-01 1.741394698700028343e+01
2.502882082647149957e+02 3.983367810779399609e-01 1.723424395672444831e+01
2.502910621895346992e+02 3.934153313200299817e-01 1.734308237342439440e+01
2.503171435174174633e+02 4.090356336745179511e-01 1.739956518032227706e+01
2.503098909136598138e+02 3.943228883873081125e-01 1.730025667374164655e+01
2.503220862818654666e+02 3.932425701477668678e-01 1.720258715464592925e+01
2.503176741410179886e+02 3.814734957437929119e-01 1.729223337566356022e+01
2.503314479181156855e+02 4.083434671596717358e-01 1.726689245280478957e+01
2.499821517516188010e+02 3.535007695724945997e-01 1.701588841871923563e+01
2.500122379975858280e+02 3.657813965384943411e-01 1.690467285316197987e+01
2.499918398391750429e+02 3.900453666351059723e-01 1.711268964465046238e+01
2.500154744650012901e+02 4.158552126757339984e-01 1.702465436547289457e+01
2.500332340891447700e+02 4.190311014983105209e-01 1.705143459082525936e+01
2.500428862782756312e+02 4.196166945627347600e-01 1.707783900453666348e+01
2.500639261210405095e+02 4.078083562559737252e-01 1.723635635469439364e+01
2.500639081718278192e+02 4.152225029279653090e-01 1.711544709245190887e+01
2.500781834050553982e+02 4.173472409816424422e-01 1.707001090414671651e+01
2.500924272271607549e+02 4.172462766601899853e-01 1.715136683254730698e+01
2.500884985932304403e+02 3.980731520163696691e-01 1.711631875109377887e+01
2.501018314927911490e+02 4.100957590497686933e-01 1.696674571799094622e+01
2.500981631224450439e+02 3.937788028772588045e-01 1.711258868032900793e+01
2.501446291468290610e+02 3.875201367730007895e-01 1.722482510735872907e+01
2.501017395030760326e+02 3.948849231100600710e-01 1.700239397624421755e+01
2.501107343022916609e+02 3.968391436430619423e-01 1.707411678655244813e+01
2.500952418880776804e+02 3.977713808778062243e-01 1.699969037608087774e+01
2.501180295354295140e+02 3.879183849298410425e-01 1.707422784730604803e+01
2.501189617726642496e+02 3.809451157948584576e-01 1.711999833969782614e+01
2.501466248749164265e+02 3.842219689388874371e-01 1.713407949706305899e+01
2.501382392271069079e+02 3.859866009127174702e-01 1.716848252868508595e+01
2.501608664533701756e+02 3.848255112160142710e-01 1.732981790523713173e+01
2.501528644699821768e+02 3.802742639700966154e-01 1.713115938452149578e+01
2.501517819080910670e+02 3.854492463574316630e-01 1.718044680077720088e+01
2.501536598444700701e+02 3.927343830631229160e-01 1.718057356709191197e+01
2.501493486679440537e+02 3.914330651421801810e-01 1.729772359109898616e+01
2.501644372248722163e+02 3.799186451934252196e-01 1.739301820498898365e+01
2.501781986618861993e+02 3.738865878995382697e-01 1.746223261282202088e+01
2.501745123423273753e+02 3.876020300559566700e-01 1.719897599741531380e+01
2.501940769841732788e+02 4.044428788742253644e-01 1.716678184078151048e+01
2.501842654957796981e+02 3.855490888530901938e-01 1.730622927426845692e+01
2.501958079613733048e+02 3.934433769648778556e-01 1.714229238370031894e+01
2.502328136288371923e+02 3.833312392585180306e-01 1.741993080578503239e+01
2.501863924774849579e+02 3.925010432979883501e-01 1.737819103347079519e+01
2.501756925030625780e+02 3.948636084199756979e-01 1.728955333384189430e+01
2.501738370031994521e+02 3.976289090019788919e-01 1.725324992932497636e+01
2.501806835060197045e+02 3.931281439167874647e-01 1.710914691879327520e+01
2.502023280128875342e+02 3.870343862042351368e-01 1.715531117203871503e+01
2.502165011599678621e+02 3.899645951779440178e-01 1.719295964568254220e+01
2.501868905681374429e+02 3.912490857119779730e-01 1.718240887409076123e+01
2.501910929275614706e+02 3.899735697842953153e-01 1.735321582582083977e+01
2.501584926699902667e+02 3.998131038227335510e-01 1.736534164082727827e+01
2.501276940646440892e+02 3.966854535092954603e-01 1.712591821441231943e+01
2.501503347528169172e+02 3.860393267250315508e-01 1.739921853615195957e+01
2.501279543282282702e+02 3.955950388376089921e-01 1.719057352221888024e+01
2.501475660867575073e+02 3.898591435533159122e-01 1.729180483821028247e+01
2.501511267618274132e+02 3.926659516896940372e-01 1.736168561056490489e+01
2.501454469578328030e+02 3.920433383740705713e-01 1.732479212568038562e+01
2.501540311688078475e+02 3.872800660531027228e-01 1.732552692157540264e+01
2.501684757977303093e+02 4.219557013430498271e-01 1.737352872547127802e+01
2.501829922235035895e+02 3.990166075090531561e-01 1.735648706983590017e+01
2.501783007480334504e+02 3.967314483668459846e-01 1.732721526939524637e+01
2.502064406262480247e+02 3.913455627302547257e-01 1.743388968413873030e+01
2.502296444709693901e+02 3.859955755190687676e-01 1.752322179393406287e+01
2.502275724587280195e+02 4.034635249561366321e-01 1.729244427891281788e+01
2.502212767723725619e+02 4.063701755881732880e-01 1.724455129211894899e+01
2.502320418126909942e+02 4.043957621908809141e-01 1.733649052505934307e+01
2.502199765762774177e+02 4.127959937357247866e-01 1.714009697062162729e+01
2.502190690192101385e+02 4.002068646763981552e-01 1.710094861589133686e+01
2.502247555541595148e+02 4.252280671839031578e-01 1.696196674010886341e+01
2.499153986295776235e+02 3.447684775926516121e-01 1.676444014161928919e+01
2.499654847857985942e+02 3.539629617995880828e-01 1.668100883549995217e+01
2.499544684565023260e+02 3.818077998303799347e-01 1.688364535048081549e+01
2.499833689326052024e+02 4.063567136786462863e-01 1.685395959632220553e+01
2.499970899838905893e+02 4.082088480644017747e-01 1.688168439899304829e+01
2.500103376246909477e+02 4.093239429035543941e-01 1.691303494262982809e+01
2.500516926107578684e+02 4.118648783267743752e-01 1.703882414707585014e+01
2.500593838484009552e+02 4.193025833404382396e-01 1.708640526629900691e+01
2.500585952048678280e+02 4.201944348466015167e-01 1.699705408546517660e+01
2.500582687535618049e+02 4.115215996338360549e-01 1.699548801665686781e+01
2.500559106757429788e+02 3.838618628590403370e-01 1.717095503273487722e+01
2.500820772623860648e+02 3.845271055548326045e-01 1.717692987691327389e+01
2.500670044110190133e+02 3.902798282260344087e-01 1.708904267874050475e+01
2.500781688213200766e+02 3.899870316938223169e-01 1.712021373025025639e+01
2.501042535146802095e+02 3.880631004572561715e-01 1.714756496493172477e+01
2.501323114996118591e+02 3.847974655711663972e-01 1.708699310301501839e+01
2.501477556753166880e+02 3.787867229673638203e-01 1.721445494971976942e+01
2.501814564439917206e+02 3.786027435371616123e-01 1.714418826929203732e+01
2.501694394460872957e+02 3.803954211558395748e-01 1.709696613432293333e+01
2.502053232877572952e+02 3.729206958909764835e-01 1.728382529133815737e+01
2.502021956374438503e+02 3.812356686754826973e-01 1.715636793193658605e+01
2.502129864797555285e+02 3.760786355008503556e-01 1.724384566369457517e+01
2.502281075696317316e+02 3.849612521370781582e-01 1.710169126456690947e+01
2.502205453419549315e+02 3.865228336422093514e-01 1.718975571121511692e+01
2.501936966852291562e+02 3.900487321124876949e-01 1.702996845425867534e+01
2.501826298737721572e+02 3.781596223485647612e-01 1.721129701010989521e+01
2.501702056531045457e+02 3.781293330521289797e-01 1.714230023648087808e+01
2.501839053896998450e+02 3.788136467864178236e-01 1.722108381833601953e+01
2.501599353379612296e+02 3.787710174062490220e-01 1.722088301151890732e+01
2.501774874243328384e+02 3.990098765542896553e-01 1.722785067152491933e+01
2.501668368102453996e+02 3.795226406881728187e-01 1.731629878259465016e+01
2.501532537435326731e+02 3.858946111976163662e-01 1.733885533383292099e+01
2.501473136759538818e+02 3.832796352719978761e-01 1.722794490489160779e+01
2.501452495164930951e+02 3.795910720616016976e-01 1.730701567414999431e+01
2.501566450229076963e+02 3.713467743021121592e-01 1.742976136521711794e+01
2.501542588994440166e+02 3.682875553621029474e-01 1.751451754759906976e+01
2.501288888091146134e+02 3.757061893372701800e-01 1.732931644910724955e+01
2.501409551673539795e+02 3.823036468312908664e-01 1.727063935095646841e+01
2.501630192370687098e+02 3.790582048094915391e-01 1.731941633647594259e+01
2.501365048844295131e+02 3.823473980372535941e-01 1.744679741172353005e+01
2.501460942513159011e+02 3.766945178617102652e-01 1.763585310364324243e+01
2.501509842899515945e+02 3.810842221933040674e-01 1.750161879462062231e+01
2.501245450996405566e+02 3.843958519369444216e-01 1.735268295856872811e+01
2.501208228816563519e+02 3.841311010495802036e-01 1.734535182700548717e+01
2.501324607024424438e+02 3.915957298822980159e-01 1.729991115139712221e+01
2.501076066519782160e+02 3.907835280075027673e-01 1.709642990159344222e+01
2.501116889760423021e+02 3.783918402879053455e-01 1.737005779646490211e+01
2.501004853018384608e+02 3.841535375654585582e-01 1.724096032775262444e+01
2.501138103486185855e+02 3.803763501173429984e-01 1.735564009136149366e+01
2.500409477633037341e+02 3.679375457144011263e-01 1.708919524704847603e+01
2.500387243045801995e+02 3.908452284261681453e-01 1.715115368564646303e+01
2.500533125272042696e+02 4.159359841328959528e-01 1.711562321910155049e+01
2.500651444238527006e+02 4.218109858156346426e-01 1.715227102413720317e+01
2.500628233662851017e+02 4.237203333168799158e-01 1.708155897886928898e+01
2.500471795055889288e+02 4.005467778919546973e-01 1.714513845573948458e+01
2.500302612507908862e+02 3.942735280523758101e-01 1.690626472396354529e+01
2.500655953978218520e+02 4.151955791089113612e-01 1.690688060632440681e+01
2.500679074807831341e+02 3.846886484691565133e-01 1.703677905865353992e+01
2.500753205056293211e+02 4.064969419028857667e-01 1.694431032393841718e+01
2.500629377925160668e+02 3.957408761908181027e-01 1.691698713490179529e+01
2.497733698749388509e+02 3.500747135978747870e-01 1.655755190687948541e+01
2.498441694226187053e+02 3.519066551193398285e-01 1.646647647980040574e+01
2.498280779534307783e+02 3.694677160973026675e-01 1.676698332069409503e+01
2.498378041830640086e+02 4.062142418028188984e-01 1.685059187528887037e+01
2.498523688473464404e+02 4.134320689608751986e-01 1.658117531444776915e+01
2.498636050544982936e+02 4.136755051581549880e-01 1.671158195386155043e+01
2.498707297701154459e+02 4.166662927247353765e-01 1.658172388726099555e+01
2.498791849711242037e+02 4.175177585023177040e-01 1.651373114771753237e+01
2.498888360384292753e+02 4.066932614168211058e-01 1.665902890271975423e+01
2.498968750420684728e+02 4.091837146793148583e-01 1.662728347640351600e+01
2.498750521648994152e+02 3.923305257773130883e-01 1.668651251284490655e+01
2.498924012008023396e+02 3.837721167955270296e-01 1.679817344324234440e+01
2.498796774526477407e+02 3.933760674172429028e-01 1.670866745044895296e+01
2.498975447720674481e+02 3.920612875867732217e-01 1.664967624107587696e+01
2.499412780288174645e+02 3.700005833494128260e-01 1.655021180070989217e+01
2.499108238239900288e+02 3.732179797263642795e-01 1.655456897209346323e+01
2.499150777874005485e+02 3.770355529030607888e-01 1.650536008364333185e+01
2.499274919116360252e+02 3.763209498723362190e-01 1.658846718210822502e+01
2.499427296713948010e+02 3.887361959336058659e-01 1.648672767903217817e+01
2.499360166658439937e+02 3.845674912834135539e-01 1.650239397624421755e+01
2.499457709411221060e+02 3.875246240761764382e-01 1.666328062247869823e+01
2.499438178424148873e+02 3.791154179249812683e-01 1.673320851151666488e+01
2.499124078420110209e+02 3.896359002203265698e-01 1.662085092730120195e+01
2.499139750326451406e+02 3.883592624668500415e-01 1.662514415461451733e+01
2.499352762608200180e+02 3.826446818726413346e-01 1.660568159891586859e+01
2.499127892627809615e+02 3.892892560500065269e-01 1.655398001355165505e+01
2.499160066591579152e+02 3.884882724331504278e-01 1.663455290754809113e+01
2.499202662316974113e+02 3.871454469578328172e-01 1.669889186048077079e+01
2.499240860485257087e+02 3.879251158846044878e-01 1.662221731111819167e+01
2.499400271930572330e+02 4.283747885358378249e-01 1.655675092326262998e+01
2.499297501469591793e+02 4.009181022297409469e-01 1.663384503547213100e+01
2.499480314200968394e+02 3.846796738628052159e-01 1.663800027821279670e+01
2.499464429147726605e+02 3.856747333420088020e-01 1.653002005824519571e+01
2.499525815455169493e+02 3.787138042907592927e-01 1.663631305221874612e+01
2.499488144545009902e+02 3.937485135808230785e-01 1.661046506410112755e+01
2.499290905133923673e+02 3.795686355457233985e-01 1.666246954242969380e+01
2.499364968072837883e+02 3.841266137464045549e-01 1.664553333841894300e+01
2.499232727248250967e+02 3.795663918941355464e-01 1.666976814104491211e+01
2.499483410440159616e+02 3.742231356377130891e-01 1.658882728818807095e+01
2.499207295457503051e+02 3.772509434554927044e-01 1.655260016782514043e+01
2.499030215255933456e+02 3.831259451382313941e-01 1.652538579589052858e+01
2.498985241259855172e+02 3.813590695128135089e-01 1.652748585377673862e+01
2.498870613100232845e+02 3.666373496192523174e-01 1.660103275282587987e+01
2.499001171186128829e+02 3.718549613867561665e-01 1.650613302161534079e+01
2.498881090953148032e+02 3.704347299316583797e-01 1.657723546225953726e+01
2.498764757618318981e+02 3.786958550780566424e-01 1.642649685215682354e+01
2.498657791528869154e+02 3.817505867148902055e-01 1.625673656389246702e+01
2.498718269157419059e+02 3.844721360909307273e-01 1.643253339675388602e+01
2.498803684973367751e+02 3.755547428550914946e-01 1.670032218836801263e+01
2.498336646458844825e+02 3.822060479872201877e-01 1.638968974785843358e+01
2.498528186994898022e+02 3.862995903092200645e-01 1.643458521613095868e+01
2.498520098630923769e+02 3.860595195893219977e-01 1.624305814198724818e+01
2.498760999501909339e+02 3.791905802531736480e-01 1.651910581509618581e+01
2.498640683685511874e+02 3.761279958357826581e-01 1.644545795172559366e+01
2.498629128879834411e+02 3.789045146757250571e-01 1.643126685543255405e+01
2.498551577062701199e+02 3.782022517287335628e-01 1.653173532988409278e+01
2.498542366872933087e+02 3.856837079483600994e-01 1.625138433302969077e+01
2.498730541931604421e+02 3.804470251423596738e-01 1.635176306141771718e+01
2.498364703321950628e+02 3.824326567975911972e-01 1.632732408649725642e+01
2.498385905829455567e+02 3.884680795688599253e-01 1.640719023024352552e+01
2.496656196292589982e+02 3.425910137266603983e-01 1.611587675173097622e+01
2.497295951106344489e+02 3.528344050509084617e-01 1.613722397476340831e+01
2.497428573351701289e+02 3.698065074870653390e-01 1.626455681150185484e+01
2.497545243234268639e+02 3.973529398566755244e-01 1.621063176741410317e+01
2.497604453199671468e+02 4.063791501945245854e-01 1.602537121215520699e+01
2.497802433015781958e+02 4.092891663039430195e-01 1.625831048548133140e+01
2.497854059438817842e+02 4.022216638022714785e-01 1.638056818232810130e+01
2.497902039928023612e+02 4.073181183840323683e-01 1.637853767764111623e+01
2.497643156189561751e+02 3.865856558866686554e-01 1.642406136835823105e+01
2.497731780427280910e+02 4.110167780265738258e-01 1.620530870402197010e+01
2.497732027228955758e+02 3.903359195157302675e-01 1.622303355156584459e+01
2.497822536134008828e+02 3.794441128825986609e-01 1.625753866933511560e+01
2.497799740633876411e+02 3.807039232491664649e-01 1.622415762101134717e+01
2.497832800840023140e+02 3.733144567446410322e-01 1.640817855876796472e+01
2.497973601195417643e+02 3.706377804003571641e-01 1.638901889603367223e+01
2.497875878950509616e+02 3.757151639436215329e-01 1.633834378127089337e+01
2.498076977442326836e+02 3.713602362116391609e-01 1.620523802899695198e+01
2.498240135785794109e+02 3.630609689882477453e-01 1.635023513468640388e+01
2.498471781593979699e+02 3.720445499459280048e-01 1.632507146030307155e+01
2.498542748293702971e+02 3.788562761665866252e-01 1.619427106003562855e+01
2.498417485225554344e+02 3.837575330602061574e-01 1.622564964931725839e+01
2.498393848356076603e+02 3.728904065945407575e-01 1.624094350036571655e+01
2.498454942988813059e+02 3.596966134322933106e-01 1.633197629806462459e+01
2.498493814252572349e+02 3.657701782805551916e-01 1.635509039672247411e+01
2.498306144015508039e+02 3.760584426365598532e-01 1.633963949006286853e+01
2.498158534177544539e+02 3.816103584906507251e-01 1.624530291540087390e+01
2.498187600683864957e+02 3.771836339078576961e-01 1.632492337929827642e+01
2.498070672781365147e+02 3.765453150311194319e-01 1.629674535900668886e+01
2.497622974543529040e+02 3.833121682200214542e-01 1.627585023176920842e+01
2.498013167991169041e+02 3.733604516021916120e-01 1.643666956845605398e+01
2.497923175125981174e+02 3.754739713979295401e-01 1.637183813399984800e+01
2.497878122602097335e+02 3.758486612130975679e-01 1.642186034615056656e+01
2.497778975638431120e+02 3.818504292105487363e-01 1.647612081615070068e+01
2.497824061817088648e+02 3.791636564341196447e-01 1.648653023769244896e+01
2.497950906659606574e+02 4.094462219150912241e-01 1.645862369924299173e+01
2.498029613957307902e+02 3.835488734625377427e-01 1.658908306446908298e+01
2.497853184414698546e+02 3.881068516632188992e-01 1.653170728423924629e+01
2.498117587536066821e+02 3.881405064370364033e-01 1.642357000866049432e+01
2.498035413796662283e+02 3.756512198733683028e-01 1.634059977294245769e+01
2.497963089687728484e+02 3.771185680118105954e-01 1.634690443390426751e+01
2.498048617686256705e+02 3.783851093331419002e-01 1.629813866664273547e+01
2.497977538803954189e+02 3.794104581087812122e-01 1.642413765251221491e+01
2.497895589429708707e+02 3.849287191890545801e-01 1.628900139555128845e+01
2.497533879138976260e+02 3.836397413518449762e-01 1.628180151760593475e+01
2.497535640405472748e+02 3.888573531193488253e-01 1.609693696685229014e+01
2.497532499293249657e+02 3.886329879605655568e-01 1.616347245468945459e+01
2.497604834620441352e+02 3.884187192339276229e-01 1.614536057724668083e+01
2.497275152456125511e+02 3.894048041067798560e-01 1.582894849024684625e+01
2.497232186528218278e+02 3.822385809352437103e-01 1.610164302605776854e+01
2.497140107067053805e+02 3.850285616847131109e-01 1.577258571870891402e+01
2.497240297328708323e+02 3.811930392953138957e-01 1.594919250979353897e+01
2.497002178585691752e+02 3.843857555047991981e-01 1.603221210584650791e+01
2.497003737923545259e+02 3.946953345508882882e-01 1.597037818991164571e+01
2.496961310472019306e+02 3.865946304930200084e-01 1.611203786386419523e+01
2.496972955023760221e+02 3.860965398405212246e-01 1.628127425948279239e+01
2.497017356888683537e+02 3.907969899170297690e-01 1.627912708491323812e+01
2.496865618731798406e+02 3.807532835840987673e-01 1.608910213550758073e+01
2.497151560908409635e+02 3.846336790052546362e-01 1.639929930760911958e+01
2.497077755989427885e+02 3.799433253608913708e-01 1.638065344108844101e+01
2.497201886013524756e+02 3.768504516470646548e-01 1.622446387945308643e+01
2.494654365472894426e+02 3.426280339778596251e-01 1.616980403947031775e+01
2.494922100416870592e+02 3.561045272401739403e-01 1.619199038819659719e+01
2.495172379751493281e+02 3.777501559337853587e-01 1.642772300774957372e+01
2.495310655998851246e+02 4.081168583493006707e-01 1.641934184724322421e+01
2.495478683066264125e+02 4.135184495470067279e-01 1.646783164535945687e+01
2.495418239092487909e+02 4.206061449129687713e-01 1.639373168619391308e+01
2.495811921418346913e+02 4.217044123652126109e-01 1.636753481025438361e+01
2.496234333702788035e+02 4.334409538211630442e-01 1.640176059340097225e+01
2.496275594455488260e+02 4.291252899919677510e-01 1.640615141955835909e+01
2.496409338526638919e+02 4.022070800669505508e-01 1.645513930832708738e+01
2.496711434994682577e+02 4.054076490569932245e-01 1.641798892533576293e+01
2.496639795199482990e+02 3.979205837083971131e-01 1.644594594594594739e+01
2.496610964276579523e+02 3.997390633203350974e-01 1.630821378409789446e+01
2.497052178361326753e+02 3.949062378001444995e-01 1.628027246904882475e+01
2.497282264831658836e+02 3.854010078482932311e-01 1.640191316170894353e+01
2.497166256826309905e+02 3.845372019869778279e-01 1.638447886704569356e+01
2.496878564601460084e+02 3.879554051810402693e-01 1.613329309718152516e+01
2.496587585427034242e+02 3.802305127641338878e-01 1.608189889208484757e+01
2.496620634414923074e+02 3.694654724457148709e-01 1.626250723577637203e+01
2.496689974467244895e+02 3.830844375838564630e-01 1.617604475636187544e+01
2.496678677681500176e+02 3.848041965259298980e-01 1.597040062642752289e+01
2.496650688127942033e+02 3.779520845766902726e-01 1.586818659104065077e+01
2.496607767073066668e+02 3.776054404063701742e-01 1.607890698269247309e+01
2.496716640266366198e+02 3.761459450484853084e-01 1.603442658996369730e+01
2.496699913843779086e+02 3.802439746736608894e-01 1.589470879646041546e+01
2.496639626925613982e+02 3.777490341079914327e-01 1.583214905923688853e+01
2.496981772574500553e+02 3.757802298396686336e-01 1.584070410274129337e+01
2.497301481707508515e+02 3.685792300685211131e-01 1.614357911788594180e+01
2.497277867274546566e+02 3.759933767405126970e-01 1.600206864676398055e+01
2.497082310602151267e+02 3.724977675666700794e-01 1.599133501756779197e+01
2.497326846188709055e+02 4.036598444700719157e-01 1.599664013174722044e+01
2.497290398068664672e+02 3.822004388582505574e-01 1.593626458934445012e+01
2.497208987170800185e+02 3.765049293025384824e-01 1.590776123957262911e+01
2.497238827736918267e+02 3.748659418176270020e-01 1.594831412019690298e+01
2.497180784470341166e+02 3.772475779781109262e-01 1.586894045797416197e+01
2.497181681930976254e+02 3.762334474604107637e-01 1.587374635967529812e+01
2.497234890128381721e+02 3.826401945694656859e-01 1.592575532530704407e+01
2.497447083477300964e+02 3.849533993565207313e-01 1.588280622478696458e+01
2.497235933426370025e+02 3.856938043805053784e-01 1.588108310036751014e+01
2.497345075857860195e+02 3.833301174327241045e-01 1.581664654859076258e+01
2.497166593374048205e+02 3.795518081588146186e-01 1.569070701948835733e+01
2.497013363188857227e+02 3.743644856877464955e-01 1.566616034929167967e+01
2.496617369901862560e+02 3.627580760238903745e-01 1.543286770084047177e+01
2.496960110118419891e+02 3.543140932730838299e-01 1.543294622864604548e+01
2.496957384081740656e+02 3.553102745780813421e-01 1.549023001916078535e+01
2.497094717995431949e+02 3.589618175372782938e-01 1.553770905223669629e+01
2.497271237284104757e+02 3.617181435129301903e-01 1.542933619324122319e+01
2.496992373828252880e+02 3.612626822406002081e-01 1.533229153111271614e+01
2.497298912726440676e+02 3.570883684614383768e-01 1.553096127008629068e+01
2.496919971191513525e+02 3.539012613809227048e-01 1.543674024348107032e+01
2.496834375883437929e+02 3.552227721661558868e-01 1.557485719157643445e+01
2.497108471579665263e+02 3.549972851815787478e-01 1.554521743227537733e+01
2.497045234259662152e+02 3.583908082081749824e-01 1.566104370184562811e+01
2.497169252101179779e+02 3.614690981866807706e-01 1.563429376578969787e+01
2.497388883155112751e+02 3.497437749886695424e-01 1.560020596721576247e+01
2.497428281676994857e+02 3.570939775904079516e-01 1.580571323440325671e+01
2.497485853776738622e+02 3.520311777824645105e-01 1.570285527101067480e+01
2.497604475636187544e+02 3.598267452243876230e-01 1.570158312056037531e+01
2.497432544615011807e+02 3.623811425571346057e-01 1.547725049472517433e+01
2.497668688944631299e+02 3.611830326092321797e-01 1.587252020408254793e+01
2.494526140784649897e+02 3.380498629128879662e-01 1.566199725377045660e+01
2.495268082709972077e+02 3.556210203229960842e-01 1.570287546387496569e+01
2.495180131567729234e+02 3.790066008229713845e-01 1.594591565664951105e+01
2.495575788306985316e+02 4.139750326451305806e-01 1.565776460505001033e+01
2.495660732956100674e+02 4.143396260281533294e-01 1.567988140057706659e+01
2.495732473715621609e+02 4.142386617067008725e-01 1.579463744833992145e+01
2.495834840319316470e+02 4.048153250378055401e-01 1.582107102952196698e+01
2.495961393487128248e+02 4.019266236184715346e-01 1.586435443412863222e+01
2.496018247618363830e+02 3.754021745471189386e-01 1.584974938411764001e+01
2.495927132927382104e+02 3.744116023710910013e-01 1.585585548191392391e+01
2.496210584650730766e+02 3.722060928602519136e-01 1.580738924213936691e+01
2.496245361250342114e+02 3.732684618870904525e-01 1.577559445548819639e+01
2.496521184558292248e+02 3.707903487083297756e-01 1.598251297952443473e+01
2.496487619530538211e+02 3.688854885102602066e-01 1.570568900296610693e+01
2.496347155722882007e+02 3.668224508752485069e-01 1.576968692085743307e+01
2.496254560221852330e+02 3.675336884285912986e-01 1.583648379410458062e+01
2.496670959520037911e+02 3.659429394528182500e-01 1.591958528344050450e+01
2.496804221206097338e+02 3.687362856796693733e-01 1.591095507760790895e+01
2.496923471287990708e+02 3.761717470417453857e-01 1.591008902809500469e+01
2.497205576820386739e+02 3.755872758031150727e-01 1.601804568972093534e+01
2.497339365764569266e+02 3.621612647015270414e-01 1.604592866982871868e+01
2.497740822343180014e+02 3.646427433576694965e-01 1.610900220326585952e+01
2.497661610223871662e+02 3.682696061494002970e-01 1.603283696281371817e+01
2.497547700032757234e+02 3.700465782069634058e-01 1.606688886296224794e+01
2.497210995238971236e+02 3.748816473787418557e-01 1.613283987956078391e+01
2.497479582770550621e+02 3.719177836312154706e-01 1.606922562609097582e+01
2.497254107004231400e+02 3.833693813355111835e-01 1.607773916204100573e+01
2.497254623044096604e+02 3.702799179720979716e-01 1.616759404265630451e+01
2.497140398741760237e+02 3.791154179249812683e-01 1.614227219083602805e+01
2.497182366244710465e+02 3.833301174327241045e-01 1.603490336592611243e+01
2.497590306976410375e+02 3.784299823648984984e-01 1.618290023378849440e+01
2.497618419930805658e+02 3.734995580006372218e-01 1.625237490520571981e+01
2.497680075476439470e+02 3.672857649281358605e-01 1.628312751569434269e+01
2.497776866605938437e+02 4.038146564296323793e-01 1.628589618175372777e+01
2.497633564579023755e+02 3.782370283283449375e-01 1.619295964568254220e+01
2.497636335488734574e+02 3.763759193362380961e-01 1.623464893583605217e+01
2.497639285890572580e+02 3.701082786256287838e-01 1.647656393733930003e+01
2.497552950177472724e+02 3.763613356009172239e-01 1.648823092559602443e+01
2.497377485405046400e+02 3.735994004962957526e-01 1.630330579624951071e+01
2.497136483569739482e+02 3.770613548963208661e-01 1.640510251244104722e+01
2.497130313527872829e+02 3.687957424467469547e-01 1.657817330862324923e+01
2.497142328282125732e+02 3.675606122476453019e-01 1.652069768589775123e+01
2.497471931918636301e+02 3.738304966098424664e-01 1.646508317216436268e+01
2.497283240820099479e+02 3.733458678668706843e-01 1.641907821818165658e+01
2.497565133205594634e+02 3.700791111549869838e-01 1.650165693669761424e+01
2.497866343431261384e+02 3.652002907772458062e-01 1.664699171195103489e+01
2.497838679207183361e+02 3.726783815194906202e-01 1.639631300734571440e+01
2.497900862010939989e+02 3.720804483713333055e-01 1.652745892995768529e+01
2.498118114794189921e+02 3.703281564812363480e-01 1.658353451409237422e+01
2.498039788917258477e+02 3.693375843052084107e-01 1.649368075530287214e+01
2.498125171078433482e+02 3.780822163687845294e-01 1.658907296803694109e+01
2.497995409488851237e+02 3.812603488429488485e-01 1.663892241901539748e+01
2.497821582582083977e+02 3.838876648523004143e-01 1.656484265271414458e+01
