2.276118903350452172e+02 5.131883062123246964e-01 1.302193923763714878e+01
2.276503431212882447e+02 5.434523623610670873e-01 1.274194289640771238e+01
2.276673909842538990e+02 5.727582221944591545e-01 1.246300068267304439e+01
2.277560682048376179e+02 5.557003199193285559e-01 1.219474587161284873e+01
2.278961589601952653e+02 5.030374488552956658e-01 1.234590329244731599e+01
2.279621540342407400e+02 4.815879064247118868e-01 1.203666802011431436e+01
2.279721141447177502e+02 4.572336571196551902e-01 1.197301322065509765e+01
2.279905016977587877e+02 4.730444540623507943e-01 1.188293161222386374e+01
2.280519099228534969e+02 4.991020395414935695e-01 1.189700560862755907e+01
2.281088908124701504e+02 5.107811028962292443e-01 1.198843917740129150e+01
2.280963394446700079e+02 5.235734141237468053e-01 1.183778149108286293e+01
2.281016948585349837e+02 5.302707490217251074e-01 1.180086360371052834e+01
2.281141190617484540e+02 5.287927395713883927e-01 1.166333064131108976e+01
2.281441745233559004e+02 5.245271485237753550e-01 1.183008914906812947e+01
2.281421588531092937e+02 5.327024928720902608e-01 1.173754344790044613e+01
2.281509343250683912e+02 5.358682217928868452e-01 1.174005439074777257e+01
2.281811258750931302e+02 5.324503946564101975e-01 1.175341113426349438e+01
2.282600080760667254e+02 5.462957178998657515e-01 1.174672941606914200e+01
2.283054415288306700e+02 5.464608087667712777e-01 1.187871844868128157e+01
2.283461375430017029e+02 5.515038885592029594e-01 1.182707847170476434e+01
2.283778985717409000e+02 5.555831946421321277e-01 1.184479116005336508e+01
2.283730919734605322e+02 5.506460853385924947e-01 1.188316920921474740e+01
2.282568479245400965e+02 5.608348689758565486e-01 1.185868891080185072e+01
2.282611849062328417e+02 5.466783271387075649e-01 1.179161182229083593e+01
2.282322951200032151e+02 5.495808030555195955e-01 1.197820689008963946e+01
2.282641587727948149e+02 5.738257354351928852e-01 1.178111628197520133e+01
2.282548802198831766e+02 5.765508502179645944e-01 1.179467938907455427e+01
2.282491979707208998e+02 5.776183634586983251e-01 1.180074982486982371e+01
2.282200170445165384e+02 5.796808838161869870e-01 1.166483207581686443e+01
2.282159600480102029e+02 5.761872041192401817e-01 1.158799008562415445e+01
2.281818922090496642e+02 5.771799802783342814e-01 1.168718961801542910e+01
2.281963298515520648e+02 5.737900401126186933e-01 1.163977061293330806e+01
2.281944569625957513e+02 5.758547914277682978e-01 1.165973768399823385e+01
2.282213143463963263e+02 5.866035454379147085e-01 1.162576800717475933e+01
2.282427014220124022e+02 5.913253673271788857e-01 1.148603308956402635e+01
2.282405686264885958e+02 5.901072644443353665e-01 1.141965763723736060e+01
2.282565222047215912e+02 5.909505664401500935e-01 1.140415136601537505e+01
2.283155499979921501e+02 5.778704616743783884e-01 1.148081711055287535e+01
2.283434960891312073e+02 5.637551925539556752e-01 1.141718908258559040e+01
2.282993075107420680e+02 5.882856875142223885e-01 1.130815214238864108e+01
2.283378461888550248e+02 5.960170712880210608e-01 1.130271083665374121e+01
2.283563798696228275e+02 5.743957451175492057e-01 1.127425608716797711e+01
2.283562828229645731e+02 5.937426099527483014e-01 1.126036614477130371e+01
2.283460416118223009e+02 6.010233402790481350e-01 1.127110709042963776e+01
2.284158014269205239e+02 6.053558600564878933e-01 1.110264190006201979e+01
2.284638071738674512e+02 6.056291523699462997e-01 1.111179998125995638e+01
2.284455099746116957e+02 5.789502451822469142e-01 1.124591288556525726e+01
2.284303684649672732e+02 6.005949964081581660e-01 1.107528366626658212e+01
2.284729050192085538e+02 6.043140028288542798e-01 1.106853501934240214e+01
2.285055082344647133e+02 5.788041174554588997e-01 1.115220820189274420e+01
2.284671067602479013e+02 5.876766360728006289e-01 1.111079716579138754e+01
2.284430391890022634e+02 5.790037881661082020e-01 1.111661104145565560e+01
2.284415701033825883e+02 5.628137284210620317e-01 1.114966491015933414e+01
2.284919295106617483e+02 5.595197194347645286e-01 1.138243410866548544e+01
2.285343634408506261e+02 5.616670161833668962e-01 1.132821291367532446e+01
2.285471735997394376e+02 5.485936042905777965e-01 1.142203137618854214e+01
2.285478049607574462e+02 5.605593457047371997e-01 1.143293406627729070e+01
2.285250670402777189e+02 5.612319794394942107e-01 1.141996216295807187e+01
2.285277620371320495e+02 5.652354329619532214e-01 1.138028346548039238e+01
2.285466861354905177e+02 5.435862198207201956e-01 1.142588200911123053e+01
2.284768716619296072e+02 4.256957241465471609e-01 1.128913657476608456e+01
2.284847893306680930e+02 4.391260892650779013e-01 1.137173778216036979e+01
2.285625337432346100e+02 4.905050441952712448e-01 1.124384701877127846e+01
2.286440395504174035e+02 5.010173166933638011e-01 1.144934164439427349e+01
2.286509075535764453e+02 5.059376938144467539e-01 1.144095882098349470e+01
2.286508093914393669e+02 5.209676555758324668e-01 1.133031559127070942e+01
2.286553014246895543e+02 5.189642555963572823e-01 1.139846688589543966e+01
2.286758373899580192e+02 5.231506476470089151e-01 1.129298386125228149e+01
2.286574643381417786e+02 5.369915089751426951e-01 1.127568836198626556e+01
2.286226625141108002e+02 5.389759458145003679e-01 1.122556543621915104e+01
2.286405670648182422e+02 5.431690307381346061e-01 1.115857200862042120e+01
2.287058504633698988e+02 5.480704447191001583e-01 1.109341354369776766e+01
2.287040891222966366e+02 5.572285259170352001e-01 1.098768065179659104e+01
2.287117435380311292e+02 5.622013305431489139e-01 1.099796536661327195e+01
2.287250032348886180e+02 5.619391930179948869e-01 1.098895341314212537e+01
2.287218040416028941e+02 5.567109437397097516e-01 1.096913916267697076e+01
2.287500189631401213e+02 5.549674503277276516e-01 1.101158201669648662e+01
2.287307033317121636e+02 5.614048786582128692e-01 1.087856339712385001e+01
2.286795575118575528e+02 5.518519179543011077e-01 1.087671951061712683e+01
2.286166188498074803e+02 5.404718029261240675e-01 1.086895912439373646e+01
2.286253954372454018e+02 5.385520638589320619e-01 1.095118329994333450e+01
2.286258193192009571e+02 5.460380422900333874e-01 1.085105234272863939e+01
2.286133940005086629e+02 5.494525229900186769e-01 1.085598164368036578e+01
2.285754197546839066e+02 5.389670219838568199e-01 1.082569416247618399e+01
2.285885600953065193e+02 5.331464534466064942e-01 1.081783338315805487e+01
2.285842298064867464e+02 5.339986792730647691e-01 1.072549739201049412e+01
2.285783032674605977e+02 5.366379021858923570e-01 1.065723231854505926e+01
2.286155557984820632e+02 5.135129105519835591e-01 1.074968989688513687e+01
2.286358363190983312e+02 5.285863759877564849e-01 1.068100317242179464e+01
2.286567604709997852e+02 5.107041348569286709e-01 1.078449506735261210e+01
2.286445180908356747e+02 5.380411745545893298e-01 1.059280783869283660e+01
2.286616061110392195e+02 5.363356074228423642e-01 1.064169035200050040e+01
2.287108623097550719e+02 5.452694773758584024e-01 1.048839678920573526e+01
2.287141708199661707e+02 5.474926266849308165e-01 1.047618452697004798e+01
2.287425296382725151e+02 5.235321414070204238e-01 1.047776962238810583e+01
2.287289509144695501e+02 5.367282559711581413e-01 1.052611782133598695e+01
2.287162355712813167e+02 5.393273216460897634e-01 1.049452411442135613e+01
2.287367960770840511e+02 5.450140327236869808e-01 1.033920930398582883e+01
2.287635028712425083e+02 5.234953306056158162e-01 1.035886404097823110e+01
2.287848308264805723e+02 5.485166362512772231e-01 1.032905733114997027e+01
2.288408278637687943e+02 5.492115795626431041e-01 1.047376059147149441e+01
2.288542537669720218e+02 5.252745193401719970e-01 1.047031264640659565e+01
2.288653070467028670e+02 5.535976423239439281e-01 1.046411281506699531e+01
2.288680622794140618e+02 5.567098282608792248e-01 1.044318197029256723e+01
2.289408283099603238e+02 5.524252740731486755e-01 1.047475894502474070e+01
2.290045690012894966e+02 5.430117482230422121e-01 1.046966566868493942e+01
2.289649449622745010e+02 5.183440493666311433e-01 1.046109879126713871e+01
2.289144673142393174e+02 5.263654576363450133e-01 1.041569657191045906e+01
2.288617843645563426e+02 5.029203235780991266e-01 1.041997666418286705e+01
2.288700623329570476e+02 5.221891048951673442e-01 1.045695813384853601e+01
2.288530167009490413e+02 5.178766637366756242e-01 1.051070636581459006e+01
2.288362387838603524e+02 5.264234625355279640e-01 1.040039108687795277e+01
2.287990966852431143e+02 4.975069048139604266e-01 1.039934811417148985e+01
2.287715677831866117e+02 5.158029885908824719e-01 1.037721478321784474e+01
2.287339716846853719e+02 5.254842293602951520e-01 1.039437865598186761e+01
2.287189071430802301e+02 5.118363458698280688e-01 1.040703153235557821e+01
2.287571613740914529e+02 5.295479187395981668e-01 1.036887323252379289e+01
2.288091739209973241e+02 5.182804670732958918e-01 1.047342929425885316e+01
2.287969092312566204e+02 5.494915647490842270e-01 1.037400220418616925e+01
2.288016946354392189e+02 5.292300072729220206e-01 1.037817409501202448e+01
2.286999495803568720e+02 4.040476264841446064e-01 1.014995828109174170e+01
2.287188926418554331e+02 4.180189988354400810e-01 1.019103021162864309e+01
2.287216132947228857e+02 4.644508051526198278e-01 1.024607128355918029e+01
2.287313012283652824e+02 4.738386749896260630e-01 1.034355074759391258e+01
2.287313770809257676e+02 4.839772620795202429e-01 1.033082871153271221e+01
2.287501773611340354e+02 4.863052663986542901e-01 1.037864036516315025e+01
2.287621152155774382e+02 4.863911582685983559e-01 1.035591136851404848e+01
2.287578931282042163e+02 4.943188663165550278e-01 1.020352469000843243e+01
2.287667834944828371e+02 4.943445223296552005e-01 1.023628741873736736e+01
2.287858325264703012e+02 4.926590338168562178e-01 1.014561795296248903e+01
2.287765640128681639e+02 4.966479861145195462e-01 1.011491662911221212e+01
2.287901605843324262e+02 5.002498672580192318e-01 1.009965018583877239e+01
2.288488537339538311e+02 4.973618925660028833e-01 1.006297547285147687e+01
2.288316831683168289e+02 5.001372038961444666e-01 1.008111204315564535e+01
2.287865241233451741e+02 4.949234558426550135e-01 1.006407756593595337e+01
2.287491098478932940e+02 4.852344067214292567e-01 1.002738835172386089e+01
2.287187465141286680e+02 4.757104484671089706e-01 9.962160727113721137e+00
2.286888483350363117e+02 4.808371891718238866e-01 9.944768181189457934e+00
2.286741206680379719e+02 4.763641190617484700e-01 1.002793828278726984e+01
2.286360627613009058e+02 4.621451104100946505e-01 1.008328945783266839e+01
2.285872315600194611e+02 4.800931647919186029e-01 9.927314283929518979e+00
2.285535530231707355e+02 4.634212181921211759e-01 1.001713375483560142e+01
2.285683799677849777e+02 4.660548637107965186e-01 1.004436147760787712e+01
2.285332613477661425e+02 4.869656298662763949e-01 1.006242107987274537e+01
2.284887894377540363e+02 4.887370102490194990e-01 1.006734814986681137e+01
2.285003859556753412e+02 4.976184526970047206e-01 9.949975236369963838e+00
2.285187612384492297e+02 4.927371173349872069e-01 1.010709154511665631e+01
2.284964795488111235e+02 5.011969087850650650e-01 9.970503393286602289e+00
2.285023068102213415e+02 4.876940375425555252e-01 1.004900075406368920e+01
2.285603764071765340e+02 5.035706477362472677e-01 1.006119516863808983e+01
2.285365966294691589e+02 4.968543496981514540e-01 1.011981135022019629e+01
2.285230245985391662e+02 5.197796706214109497e-01 1.009670643720523486e+01
2.285270358604134344e+02 5.294029064916405680e-01 1.003566966656106807e+01
2.285264100767895741e+02 5.265205091937765758e-01 9.982936520330717656e+00
2.285498228619617294e+02 4.975604477978217144e-01 1.016162953609466335e+01
2.285793852819261076e+02 5.338971706994944944e-01 1.020024406676810003e+01
2.285715166942561893e+02 5.402074344433090980e-01 1.019397172930452200e+01
2.285838326960231086e+02 5.408443728554919172e-01 1.026389328883316487e+01
2.286203791289449043e+02 5.421617533542448797e-01 1.006842124050169751e+01
2.286636061645822053e+02 5.102824838590213075e-01 1.029711782579790125e+01
2.286562138863728535e+02 5.337644287186718017e-01 1.029600680888278141e+01
2.286476403160820894e+02 5.355692734663282106e-01 1.024833459010614867e+01
2.286399535514615025e+02 5.087553933401451900e-01 1.027513843092285839e+01
2.285922434064046342e+02 5.249766864924437781e-01 1.022640316082081391e+01
2.285179904425773714e+02 4.927962377130006844e-01 1.034499863911582729e+01
2.284511464891419337e+02 5.231316845068914034e-01 1.021612179244062268e+01
2.284484336446263057e+02 5.177718087266139912e-01 1.014169704487348156e+01
2.284473415908512948e+02 5.086103810921875912e-01 1.038222662960302323e+01
2.284279657235665013e+02 4.904972358434581681e-01 1.043255703443259996e+01
2.283985973969186034e+02 5.161833668720634538e-01 1.024722245771219775e+01
2.283616717011944672e+02 5.030876454026655953e-01 1.028379120021060267e+01
2.283405556869341808e+02 5.000089238306435480e-01 1.028474716556829271e+01
2.283284315475260939e+02 4.786932388597129329e-01 1.041881656619920626e+01
2.283368812996666861e+02 5.034022104328503833e-01 1.036277379427893131e+01
2.283768734466957255e+02 5.102624052400733801e-01 1.044015121431025506e+01
2.283706390355123972e+02 5.041696598681950636e-01 1.040471579830357918e+01
2.283326960230948828e+02 5.360589686728924885e-01 1.038176593684605109e+01
2.283483205350728724e+02 5.137449301487155839e-01 1.053452518528103354e+01
2.283600475640173215e+02 5.275322484929880762e-01 1.066525484229360288e+01
2.283649121671968771e+02 5.179067816650975153e-01 1.057111289091955619e+01
2.281312650868511867e+02 4.166201883820648821e-01 1.061314190229297871e+01
2.281696219419147837e+02 4.249583926396244826e-01 1.052960927007527303e+01
2.281812396539338579e+02 4.667174581360795105e-01 1.070114202722660757e+01
2.281901155189876818e+02 4.846119695340421751e-01 1.070817958316787077e+01
2.282128612478192338e+02 4.917298399510974249e-01 1.067206484055345683e+01
2.282470250179592028e+02 4.983078186142183563e-01 1.070220173211552783e+01
2.282793103217487101e+02 5.092952850940795084e-01 1.069901480909695302e+01
2.283166242041058638e+02 5.142022764691971393e-01 1.068846572579745668e+01
2.284418857838915926e+02 5.415504709551621776e-01 1.061482515984811670e+01
2.285201410857624751e+02 5.594951789004948273e-01 1.049121783516792483e+01
2.285002621375251408e+02 5.600495718792248834e-01 1.036130359318040917e+01
2.284794261084513209e+02 5.569028060985458106e-01 1.040965067664945920e+01
2.284756591364408962e+02 5.521140554794551347e-01 1.040733828903394986e+01
2.284444513852016030e+02 5.492283117450996732e-01 1.039389230721179302e+01
2.284815800980728966e+02 5.393931348970859574e-01 1.055032259647776449e+01
2.284537310535920653e+02 5.404294147305672702e-01 1.060585447909369528e+01
2.284795856219240591e+02 5.373228061877841633e-01 1.062509648891883351e+01
2.284702947987453001e+02 5.308563754077074703e-01 1.045707414364690102e+01
2.284606659854809152e+02 5.384494398065313714e-01 1.031436424399537799e+01
2.284460275567890335e+02 5.309099183915687581e-01 1.040022488053221750e+01
2.284540757365506636e+02 5.280743712045832261e-01 1.039664977088064823e+01
2.284621183389181738e+02 5.415382006880273824e-01 1.020704960311263143e+01
2.284765359028016292e+02 5.253369861546767217e-01 1.036964068195913846e+01
2.285001740146975351e+02 5.166206345735970817e-01 1.046514463298515452e+01
2.284974901726315011e+02 5.292199679634479459e-01 1.043303780580852091e+01
2.284857241019279854e+02 5.258222194459193366e-01 1.043880260040424979e+01
2.284806966388391913e+02 5.332970430887162827e-01 1.035501675449203240e+01
2.285083237030327723e+02 5.173568506016892332e-01 1.031744965844038298e+01
2.284749820407908203e+02 5.536489543501443844e-01 1.018373832651403887e+01
2.285131158000883431e+02 5.483872407069458887e-01 1.037738098956358002e+01
2.286102137703630603e+02 5.555876565574539017e-01 1.028929608823883690e+01
2.286490547432390770e+02 5.539110918752984114e-01 1.033078632333715596e+01
2.286552177637772729e+02 5.589173608663254855e-01 1.035000379262802284e+01
2.286746081322868633e+02 5.587533854782503751e-01 1.029530405721960129e+01
2.286701272538249725e+02 5.560483493144267042e-01 1.039810212431788550e+01
2.286781018119838222e+02 5.660519634658373045e-01 1.028648508158612174e+01
2.286842938349716121e+02 5.433977038983753838e-01 1.030910253035217927e+01
2.286613071627126601e+02 5.677753782588713660e-01 1.027224264787902897e+01
2.286285935150522732e+02 5.515351219664552662e-01 1.037168200821884767e+01
2.285543918632512259e+02 5.123728911872710290e-01 1.040349769542073588e+01
2.285025477536487415e+02 5.256482047483702624e-01 1.024014809096953016e+01
2.285258679540779667e+02 5.228528147992806963e-01 1.027868119168834404e+01
2.285059276545049727e+02 5.208516457774664543e-01 1.028176995256984050e+01
2.285273392706553182e+02 5.242705883927735178e-01 1.036692783744350166e+01
2.285818716842391893e+02 5.298580218544612919e-01 1.030632387258554594e+01
2.285760678478843886e+02 5.340031411883865431e-01 1.015242460478584974e+01
2.286039726663067313e+02 5.112641052298109168e-01 1.028373877270557202e+01
2.286090358247181200e+02 5.343902123425501305e-01 1.028013689156207278e+01
2.286030535117504598e+02 5.452929024312976880e-01 1.024211579562643060e+01
2.285920403892575052e+02 5.425856353098130747e-01 1.026877797063167286e+01
2.285971983633694720e+02 5.134604830469526870e-01 1.034711470245717635e+01
2.285793730116589870e+02 5.374031206635760949e-01 1.032663004921492522e+01
2.285854010592586860e+02 5.406681272002820116e-01 1.029951833624101454e+01
2.285844785582659142e+02 5.342485465310838899e-01 1.035207300585849488e+01
2.285824338855697135e+02 5.406168151740816663e-01 1.028937528723579931e+01
2.285511268567145180e+02 5.201098523552220021e-01 1.027337262793426653e+01
2.285616078958053663e+02 5.416620188382065271e-01 1.027376750744024392e+01
2.285229978270472486e+02 5.450452661309393987e-01 1.032317987319236607e+01
2.284940790383679996e+02 5.178967423556235516e-01 1.035277018012752137e+01
2.284917566114430372e+02 5.363144133250639101e-01 1.029484894185678101e+01
2.284353758494371220e+02 4.096919493661849154e-01 1.018655044864558512e+01
2.284628846728746794e+02 4.292708337981162026e-01 1.028295347560893980e+01
2.284489255707905215e+02 4.873683177240662467e-01 1.029797562901851293e+01
2.284709953194508216e+02 4.972079564874017921e-01 1.033071270173434719e+01
2.284799793859512249e+02 5.066404454776257671e-01 1.031555780634395170e+01
2.285025009035378503e+02 5.083783614954555663e-01 1.030907687433907860e+01
2.285537069592493253e+02 5.092194325336093508e-01 1.028373319531142016e+01
2.285319662768440026e+02 5.020859454129279476e-01 1.033348243567033542e+01
2.284909713143464103e+02 4.974946345468255759e-01 1.031411660769501992e+01
2.284695507743654161e+02 4.944750333528170061e-01 1.028411915098675244e+01
2.284573965170289114e+02 4.906121301629937648e-01 1.035465757030863010e+01
2.284234848451046105e+02 4.891943565695009988e-01 1.028787831464534541e+01
2.283995132050384029e+02 4.921860707927485090e-01 1.029394094208880084e+01
2.283748354668724971e+02 4.980222560336249882e-01 1.017796795452415992e+01
2.284048719653398507e+02 4.889076785100772149e-01 1.033373230292835565e+01
2.283762565869024854e+02 5.046091585273894120e-01 1.029846643970390652e+01
2.283585907486647670e+02 5.119757807236334779e-01 1.019188913032808408e+01
2.283746324497253681e+02 5.074469366720358865e-01 1.026608520473498487e+01
2.283799209348605075e+02 5.134549056528004973e-01 1.036070458104846104e+01
2.283946653340412922e+02 5.169441234344254177e-01 1.034034151499872856e+01
2.284522508131840652e+02 5.226776846229012063e-01 1.039943623699909381e+01
2.284417430026012994e+02 5.315290091424644814e-01 1.025845421405592539e+01
2.284649003431212861e+02 5.322440310727782897e-01 1.021738897639200516e+01
2.284697906023139353e+02 5.111815597963581537e-01 1.022075326054462074e+01
2.284567551167014017e+02 5.202214002382662406e-01 1.032881638772259336e+01
2.284439895769658051e+02 5.390540293326313570e-01 1.028801663402031963e+01
2.284600703197854727e+02 5.431601069074910582e-01 1.022174380574605479e+01
2.284847290948112288e+02 5.381683391412597217e-01 1.030487598106363123e+01
2.285568994596620485e+02 5.439599052289185721e-01 1.030147153967311979e+01
2.285876621348480171e+02 5.428053846394103044e-01 1.022961685533131870e+01
2.286152992383510423e+02 5.549016370767315687e-01 1.028909976396468018e+01
2.285773194151321377e+02 5.455650792659256787e-01 1.019587585166808630e+01
2.285397512036016678e+02 5.727571067156287388e-01 1.022163560429950202e+01
2.285744838679451618e+02 5.424941660457167636e-01 1.025372235285718681e+01
2.286197131880831250e+02 5.632086079270387513e-01 1.033319352665325042e+01
2.286562060780210572e+02 5.822989126312361208e-01 1.023164925776038636e+01
2.286345379017396908e+02 5.790517537558171890e-01 1.022495861573539067e+01
2.286061199630553347e+02 5.592274639811886106e-01 1.017586639240760427e+01
2.285803992521829855e+02 5.615766623981010008e-01 1.016206122640204512e+01
2.285813585639771759e+02 5.650223765053387082e-01 1.020255310794711789e+01
2.285210167366443841e+02 5.507386700815192215e-01 1.010626943721861970e+01
2.285138531315952548e+02 5.445009124616833063e-01 1.006301563008937272e+01
2.285251350844863794e+02 5.035684167785863252e-01 1.012733525493153230e+01
2.285081864991366274e+02 5.208806482270579297e-01 1.014580535340600242e+01
2.284686293888514683e+02 5.271217522833852032e-01 1.015195721915589466e+01
2.284506467546258932e+02 5.280766021622441686e-01 1.003329927404637800e+01
2.284600022755768123e+02 5.055517381391135823e-01 1.008308086329137687e+01
2.284649304610497040e+02 5.319350434367456915e-01 1.006125986641025527e+01
2.284783574797317556e+02 5.421182496798575556e-01 9.902340943873566559e+00
2.284929178249055326e+02 5.407718667315131178e-01 9.874874508631574344e+00
2.285098998746201744e+02 5.110711273921443309e-01 1.008666935868891024e+01
2.284901213194775949e+02 5.308139872121506730e-01 9.995806915076364874e+00
2.284843152521651461e+02 5.216904858579594073e-01 1.000174683984847412e+01
2.284565532150330966e+02 4.958091460340265932e-01 1.009637290903493145e+01
2.284087036351224071e+02 5.123271565552228735e-01 1.006335138921733474e+01
2.284378310183429335e+02 5.186385357778680039e-01 1.000322038738348773e+01
2.284569592493273547e+02 5.137114657838023346e-01 9.997173376643658571e+00
2.284519708279976271e+02 5.071792217527295588e-01 1.004416180689722893e+01
2.284296869074018730e+02 5.274195851311134220e-01 9.986905394009433223e+00
2.284332954814183552e+02 5.040324559720505970e-01 1.003829104181260767e+01
2.283685252031286836e+02 4.016248064644229454e-01 1.001261048817815613e+01
2.284320361058187814e+02 4.247163337334183830e-01 9.915846046073736986e+00
2.284679567551166883e+02 4.888474426532333217e-01 9.886356132233322214e+00
2.285281446463708903e+02 5.110543952096877618e-01 9.922045877413339099e+00
2.285363367229016660e+02 5.141978145538753653e-01 1.003879746920162930e+01
2.285081508038140328e+02 5.000847763911135946e-01 1.012325706432743289e+01
2.284737650533868134e+02 4.951554754393870939e-01 1.010053476055131405e+01
2.284688100964220041e+02 4.977511946778274132e-01 1.004301174822304255e+01
2.284610809436058503e+02 5.037435469549659262e-01 9.996624561059080705e+00
2.284870872170587859e+02 4.985654942240506093e-01 1.000173680053899972e+01
2.285163116469375666e+02 5.012281421923174829e-01 9.980649788728308991e+00
2.285401405057134809e+02 4.998349091330944738e-01 1.003044811015576521e+01
2.285370729389297537e+02 4.948331020573891736e-01 9.984780406837439060e+00
2.285161331703247072e+02 4.864792810962033642e-01 1.006167928645050225e+01
2.285186552679603267e+02 4.983702854287231365e-01 1.000964666092566979e+01
2.285078128137284352e+02 4.953205663062926201e-01 1.003430655143026762e+01
2.284914911274813960e+02 5.009994690320767052e-01 9.933622316715673861e+00
2.284991187717239427e+02 4.923221592100625044e-01 1.000730415538173901e+01
2.284880710693872459e+02 4.946668957116531762e-01 9.967026445772111387e+00
2.284787289341822998e+02 4.999698820715780534e-01 9.898288409282567812e+00
2.284667397677126814e+02 4.951220110744738445e-01 9.961986712416171841e+00
2.284444703483417243e+02 4.854117678554696336e-01 9.997264845907753994e+00
2.284188176816780356e+02 4.891753934293834871e-01 9.863016968663968598e+00
2.284278296351491804e+02 4.825851444991277051e-01 9.958167312900735979e+00
2.284383720255756884e+02 4.491040474033883845e-01 9.823164256488739809e+00
2.284085151192000751e+02 4.752430628371534516e-01 9.748829862706864802e+00
2.284000296717368883e+02 4.717393438307327935e-01 9.838540016687563394e+00
2.283692547262837991e+02 4.702312164519741877e-01 9.813857816606356366e+00
2.283604212494255421e+02 4.986904278530602252e-01 9.718783324930059919e+00
2.283379488129074275e+02 4.971120253079837070e-01 9.795696705767918289e+00
2.283165204645746371e+02 4.763038832049045213e-01 9.796901422904795709e+00
2.282684020542658061e+02 4.818980095395749563e-01 9.870264234625354405e+00
2.282189205288262031e+02 4.779324822973509690e-01 9.825599346775597098e+00
2.281581470111860312e+02 4.737639379079863766e-01 9.820229431685845611e+00
2.281584426130760903e+02 4.746373578322230502e-01 9.705815883526161869e+00
2.281472387437031273e+02 4.639488396789205882e-01 9.878301259598694983e+00
2.281327430963015104e+02 4.904726953091884112e-01 9.846802368384652837e+00
2.281523498677042028e+02 5.003803782811809819e-01 9.745876074763852870e+00
2.281784375711117718e+02 4.742870974794640149e-01 9.902333135521754315e+00
2.281765122546504188e+02 4.915680955206832015e-01 9.834805393563241793e+00
2.281684473427063438e+02 5.037145445053743398e-01 9.813993905023670195e+00
2.281830255355413897e+02 5.000903537852658953e-01 9.875919712295699426e+00
2.282564061949232439e+02 4.845863135209420025e-01 9.892124273265542556e+00
2.282922956108139090e+02 5.060570500493041246e-01 9.991978591730285686e+00
2.284106367599355565e+02 5.409782303151450256e-01 9.822769376982764200e+00
2.286311546544469593e+02 5.316595201656263425e-01 9.876265510733137631e+00
2.287404358845077752e+02 5.587991201102985306e-01 9.938389873236985750e+00
2.287773247694305212e+02 5.672165233648195359e-01 9.912745014925107512e+00
2.288226857160704810e+02 5.317777609216531864e-01 1.002465877502576674e+01
2.288299363284683636e+02 5.477302236758150311e-01 1.005738469295329729e+01
2.288677577536933541e+02 5.586228744550886249e-01 1.006356556115277989e+01
2.289642176700770619e+02 5.438316251634176535e-01 1.015396173461420126e+01
2.290542691605798780e+02 5.743355092607052015e-01 1.005088925972362901e+01
2.291671009597579882e+02 5.603518666422748762e-01 1.000746813076981390e+01
2.292265649052512231e+02 5.779184272640873754e-01 9.983794323551327565e+00
2.292936096448761703e+02 5.954749485764259109e-01 9.847920078172755609e+00
2.294049154690142416e+02 5.598844810123193572e-01 9.981353655870318420e+00
2.295051769372520880e+02 5.782976900664379416e-01 1.004464257827314988e+01
2.295762965210446112e+02 5.736472588223220370e-01 9.986405659493394538e+00
2.295685774075379584e+02 5.892550386178770916e-01 9.959351951418666360e+00
2.295164521972702119e+02 3.926362780487152038e-01 9.915873933044498045e+00
2.294903232211458999e+02 4.248111494340060523e-01 9.860472561451729234e+00
2.295118151517720548e+02 4.719077811341296225e-01 9.890162146002793975e+00
2.295176870323354876e+02 4.764645121564882735e-01 9.963095498373631287e+00
2.294835422253356398e+02 4.912758400671072279e-01 9.929724833682106677e+00
2.294763328856545002e+02 4.862227209652015270e-01 9.961214801065505497e+00
2.294694994623392006e+02 4.851373600631807004e-01 1.009429254101615747e+01
2.295346512343888605e+02 5.191148452384670708e-01 9.981694992392434074e+00
2.296171710118285318e+02 5.328686992178262027e-01 1.007012457667578431e+01
2.297121841521691579e+02 5.489449801221671921e-01 9.981716186490212195e+00
2.297990018695425078e+02 5.591270708864487515e-01 9.973545304057219951e+00
2.298806560354097712e+02 5.555062266028315543e-01 1.006938836064769127e+01
2.299477465096667288e+02 5.594092870305507059e-01 1.006011984704554330e+01
2.300505278445825752e+02 5.700688027342617481e-01 1.003108839500444027e+01
2.301184103088091604e+02 5.758335973299898436e-01 9.965311954809720874e+00
2.301605776395575447e+02 5.726109789888407242e-01 1.009081782445932696e+01
2.302345595420290181e+02 5.702071221092366304e-01 1.012413383068816053e+01
2.302983872407069441e+02 5.607400532752689903e-01 1.016631566266135422e+01
2.303407486647718372e+02 5.497581641895600280e-01 1.030566797103324639e+01
2.304457899597981339e+02 5.573534595460447605e-01 1.036668466305846437e+01
2.305351487379472530e+02 5.721569791048505271e-01 1.032950240720331614e+01
2.305884161985373737e+02 5.692957759047648780e-01 1.034239734248323472e+01
2.306055644545977827e+02 5.713315247703228961e-01 1.030072305337789373e+01
2.306566344218919369e+02 5.627122198474917569e-01 1.042981853390386426e+01
2.307061728367519038e+02 5.580629040822063791e-01 1.046886921680000349e+01
2.307807124786385771e+02 5.274508185383657288e-01 1.050820434679790694e+01
2.308309201807967952e+02 5.346523498677041575e-01 1.051367353950356787e+01
2.308294209772487022e+02 5.353127133353263734e-01 1.057459764678585934e+01
2.307633221636719725e+02 5.392012725382497873e-01 1.048890544755241550e+01
2.307716335964375958e+02 5.315479722825819930e-01 1.064420352580548723e+01
2.307412858793765906e+02 5.105557761724798249e-01 1.070363400693381628e+01
2.307281109589102357e+02 5.414433849874397131e-01 1.056915857200861986e+01
2.307077177749320640e+02 5.346958535420914815e-01 1.066282198296440775e+01
2.306927960146172438e+02 5.287068477014442713e-01 1.066767543135566321e+01
2.306757091098925230e+02 5.287659680794577488e-01 1.067715700141442703e+01
2.306573516747799033e+02 5.288407051610974907e-01 1.065255846224550318e+01
2.306436212458559964e+02 5.256615904943355844e-01 1.071194097778412413e+01
2.306337715677831852e+02 5.073855853363614665e-01 1.069920444049812858e+01
2.306007076597700234e+02 5.147845564186882550e-01 1.065195275724057389e+01
2.306110102222480123e+02 5.133232791508082205e-01 1.064193798830085846e+01
2.306548228842713115e+02 5.015583239261285353e-01 1.074438467956755083e+01
2.306549054297047689e+02 5.020268250349144701e-01 1.075676091719131300e+01
2.306321663937461892e+02 5.098150982290657884e-01 1.059965687871175533e+01
2.306241059437174101e+02 5.089394473471682279e-01 1.066462905866972477e+01
2.306241817962778669e+02 5.112596433144891428e-01 1.069788036712639290e+01
2.307013149264453205e+02 5.190858427888755955e-01 1.073561813143910193e+01
2.308292291148898698e+02 5.417434487928287634e-01 1.061572312030662246e+01
2.309203715436888444e+02 5.511335495874959411e-01 1.056996729416069059e+01
2.310090443023572391e+02 5.582023389360116772e-01 1.072837086547771435e+01
2.311171297391118173e+02 5.529305859833392178e-01 1.086954475077972049e+01
2.311991787844850421e+02 5.376150616413601924e-01 1.089088386080609006e+01
2.313353664794149438e+02 5.433843181524100618e-01 1.078371980956545428e+01
2.314221016513548648e+02 5.548681727118183193e-01 1.079009365560260392e+01
2.315752970520125587e+02 5.561621281551318852e-01 1.083518688732325153e+01
2.316466977364703439e+02 5.673492653456422286e-01 1.077465431311044597e+01
2.316199251290609027e+02 5.582436116527380587e-01 1.082957268236963344e+01
2.316233217620996072e+02 5.563963787095248525e-01 1.079175683453879486e+01
2.316648711175759274e+02 5.268161110838438521e-01 1.079724164394808028e+01
2.316678315983919276e+02 5.526461388815763209e-01 1.078242473864331075e+01
2.317217560760131789e+02 5.298479825449872171e-01 1.082609685033397362e+01
2.317913764562576091e+02 3.914917967686808997e-01 1.072467416863362821e+01
2.317984006264529171e+02 4.046410612219401570e-01 1.083478196850780151e+01
2.318102849379124564e+02 4.644976552634983991e-01 1.090336718439757391e+01
2.318934829264810276e+02 4.880967254003453770e-01 1.090747326197243439e+01
2.319273232077601676e+02 5.054279199889344376e-01 1.089298988483796471e+01
2.319571064925329722e+02 5.200719260749869788e-01 1.085540828756151832e+01
2.319856270552697310e+02 5.147410527443010420e-01 1.096574476059593373e+01
2.320195866927837471e+02 5.170556713174697672e-01 1.100367773370397018e+01
2.320203586041344010e+02 5.238745934079662714e-01 1.096923620933521981e+01
2.320277051477117141e+02 5.245249175661144125e-01 1.092599801890959732e+01
2.320767772924205303e+02 5.307671371012721018e-01 1.091505070966763213e+01
2.320299561839915441e+02 5.355558877203628887e-01 1.077711059749508138e+01
2.321226011627751404e+02 5.478696585296204402e-01 1.080235834534332184e+01
2.322553174875847333e+02 5.612107853417157566e-01 1.081636541301719134e+01
2.323759966803349926e+02 5.625136646156728704e-01 1.087029769899026910e+01
2.325230971046631510e+02 5.661690887430338437e-01 1.085380757543983243e+01
2.326642854911899576e+02 5.698390140951905547e-01 1.081147403834570042e+01
2.327130798816700121e+02 5.721346695282416572e-01 1.084766240256292491e+01
2.327148557239680713e+02 5.642928533502291621e-01 1.083620643497427771e+01
2.327619646259353203e+02 5.617718711934285292e-01 1.085098876043530502e+01
2.327498404865272335e+02 5.463381060954225488e-01 1.093048112832914676e+01
2.327281678483305711e+02 5.519645813161757619e-01 1.090614026477005538e+01
2.327533174340417474e+02 5.541866151464177603e-01 1.096780393451693136e+01
2.327681176071640436e+02 5.547298533368433260e-01 1.090606552768841553e+01
2.326829184495736627e+02 5.422019105921407345e-01 1.101823138600475716e+01
2.326339991254645838e+02 5.365877056385224275e-01 1.103425189296757480e+01
2.325970421963332058e+02 5.367639512937323332e-01 1.090479834373703305e+01
2.325567444081046347e+02 5.406346628353687622e-01 1.091248399287878357e+01
2.325831745635131256e+02 5.500816530503883639e-01 1.079995225750605670e+01
2.325991058321695277e+02 5.494000954849879159e-01 1.088165215800534469e+01
2.326372741713107644e+02 5.595219503924254711e-01 1.081060508033678502e+01
2.325964264520187896e+02 5.503214809989336320e-01 1.078818507132371707e+01
2.325634696299733548e+02 5.371008259005261021e-01 1.078448614352196877e+01
2.325076376835520477e+02 5.238812862809489879e-01 1.078170860123416652e+01
2.324813915821505645e+02 5.096611621504647527e-01 1.081448360023023447e+01
2.324819705156635621e+02 5.185782999210241107e-01 1.070953265898919682e+01
2.325309779626002182e+02 4.645177338824463820e-01 1.092108098822500573e+01
2.325099790736171315e+02 5.080849905630491214e-01 1.067014733244392488e+01
2.324494766173327491e+02 5.111648276139015845e-01 1.064332118205060773e+01
2.323992209495848158e+02 5.127097657940647979e-01 1.063507221609948239e+01
2.323755850686465578e+02 5.114905474323908630e-01 1.059492390203418744e+01
2.323663120931290962e+02 4.991042704991544565e-01 1.070447619345079993e+01
2.324046042504205332e+02 5.141197310357443762e-01 1.059250331297212711e+01
2.324016281529009120e+02 5.137393527545633942e-01 1.078178333831580460e+01
2.324175538441631375e+02 5.171783739888183851e-01 1.072039630731887883e+01
2.324244341175893283e+02 5.251730107666017222e-01 1.071785859297962240e+01
2.324318297422351520e+02 5.261501702220695575e-01 1.074140858204792970e+01
2.324009097845341216e+02 5.261613250103739370e-01 1.069557132594737681e+01
2.323986275148470213e+02 5.254318018552643910e-01 1.068854380931558623e+01
2.324501804844747710e+02 5.282428085079801106e-01 1.075640619492323324e+01
2.324744767288806315e+02 5.314788125950945519e-01 1.079892378602438896e+01
2.324569804434251523e+02 5.187400443514382786e-01 1.085319517756192020e+01
2.323826348948549594e+02 5.280966807811920960e-01 1.064242991446508313e+01
2.323215390038327826e+02 5.152463646544915843e-01 1.065236325345017576e+01
2.322464594701921783e+02 5.077157670701725189e-01 1.060730906348859293e+01
2.322134848004854462e+02 4.988878676060485851e-01 1.060554326050000284e+01
2.321198336597967966e+02 4.659444313065826404e-01 1.076713152387793926e+01
2.320322038738348738e+02 4.920745229097042150e-01 1.070426202151535655e+01
2.319932223506262403e+02 4.946724731058054214e-01 1.057988613192098803e+01
2.319745905077213308e+02 4.919451273653728807e-01 1.049565855639191625e+01
2.316911863786648951e+02 4.040152775980617172e-01 1.056616128039122060e+01
2.317021013390207997e+02 4.136987493251352843e-01 1.071429463811635863e+01
2.317014565922567897e+02 4.857118316608587394e-01 1.044331359679456028e+01
2.317104718921644348e+02 4.875010597048889394e-01 1.059464837876306831e+01
2.317075192197002593e+02 4.863788880014635052e-01 1.063871648543853965e+01
2.317163158857571261e+02 4.836091540654741672e-01 1.065014791249291726e+01
2.317358847308795760e+02 4.838790999424412709e-01 1.067132974000419487e+01
2.317195429660135915e+02 4.944571856915299657e-01 1.063371802479932526e+01
2.317244019917989988e+02 4.971499515882187858e-01 1.068406516181135935e+01
2.317574101258706207e+02 4.953629545018494729e-01 1.069693444107817726e+01
2.317393125973255223e+02 4.956842124050169773e-01 1.055969373413231338e+01
2.317160983673851717e+02 5.050520036230752297e-01 1.046090023603531982e+01
2.317195619291537128e+02 4.941314658730406872e-01 1.050417077534702592e+01
2.317080635733695146e+02 5.065143963697856799e-01 1.038033143107010048e+01
2.317082141630116041e+02 5.006603634676221048e-01 1.037103949241251222e+01
2.316951641761742735e+02 5.034713701203378244e-01 1.033622539811439545e+01
2.316918612433573230e+02 5.005822799494911157e-01 1.034055903337066518e+01
2.317086927034298753e+02 4.865740967967909780e-01 1.047984664397039012e+01
2.317390883860805957e+02 4.937165077481159292e-01 1.047532783922826738e+01
2.317138339453593971e+02 4.990217250657016934e-01 1.041028761506164102e+01
2.316318350965335355e+02 5.025388298180877289e-01 1.027539833749035125e+01
2.315619771192982341e+02 4.887950151482025052e-01 1.029545464686171208e+01
2.315348921778162605e+02 4.952525220976356501e-01 1.016183366872063587e+01
2.315307950240720345e+02 4.864513941254423046e-01 1.039910047787113179e+01
2.314595683543117843e+02 4.847224019382559979e-01 1.036745768988796179e+01
2.314141014371829215e+02 4.945932741088439610e-01 1.025805152619813576e+01
2.313766882772098654e+02 4.947840209888496599e-01 1.033558957518104293e+01
2.313454414842115057e+02 4.910025477536487104e-01 1.036098010431958016e+01
2.313284873214676054e+02 4.908341104502518815e-01 1.040269455066281701e+01
2.312803934516930724e+02 4.560278245039465772e-01 1.040707057411464476e+01
2.312467863054895076e+02 4.795343098978667729e-01 1.042216634912702666e+01
2.312650266153248992e+02 4.791795876297859635e-01 1.037111869140947462e+01
2.312499085307358939e+02 4.853481855621343821e-01 1.032761836345869888e+01
2.312788909017084791e+02 4.918670438472418915e-01 1.032412133732526094e+01
2.313073077249139828e+02 4.925062132170855422e-01 1.048919435656950050e+01
2.312861526688946583e+02 4.949424189827725251e-01 1.038823236762612723e+01
2.313142950843079007e+02 4.704587741333844941e-01 1.048374524248278838e+01
2.313049284085686566e+02 4.765883303066674181e-01 1.048089854050749814e+01
2.313073110713504832e+02 4.761410232956598820e-01 1.047208625774699975e+01
2.313176761006429558e+02 4.733389404735877104e-01 1.056734926534564245e+01
2.312960346958535354e+02 4.555236280725864506e-01 1.056903810029493229e+01
2.312816494808561458e+02 4.803240689098202121e-01 1.050930420892472306e+01
2.312604241496704844e+02 4.886990839687844201e-01 1.040390261423618767e+01
2.312756002391586492e+02 4.928152008531181960e-01 1.043939045774789243e+01
2.312858804920600164e+02 4.952759471530749358e-01 1.054022082018927442e+01
2.313028246154944441e+02 5.061407109615874145e-01 1.049707298354891805e+01
2.313294923678938346e+02 4.871586077039429807e-01 1.058988639963590828e+01
2.313394480164555489e+02 5.082065777555673236e-01 1.058572008620420490e+01
2.313190213681124874e+02 5.022610755893074375e-01 1.050299506065973887e+01
2.312714015768408728e+02 4.957767971479437041e-01 1.047285482266117640e+01
2.312098037203450076e+02 4.739602621821443207e-01 1.058712335857290121e+01
2.311656329896171371e+02 5.030329869399738918e-01 1.047421570683431646e+01
2.311435465087743637e+02 4.957411018253695678e-01 1.047641989300327126e+01
2.311302399618060122e+02 4.909266951931786083e-01 1.048397949303718057e+01
2.311717246195101723e+02 4.866265243018217945e-01 1.037813393777412863e+01
2.311379211490324224e+02 4.643013309893405105e-01 1.042532761613250081e+01
2.311161771201905992e+02 4.761945662795211698e-01 1.047794252160682582e+01
2.310906884289150014e+02 4.943657164274336546e-01 1.049267130408399140e+01
2.310518943061498476e+02 4.851953649623637621e-01 1.041884110673347585e+01
2.310305819676154044e+02 5.043972175496053145e-01 1.033685006625944247e+01
2.309199487772121131e+02 3.895865589262846873e-01 1.034695741994208440e+01
2.309816782602099750e+02 4.135102334027904725e-01 1.036252281154208177e+01
2.309975961431204041e+02 4.703316095467140467e-01 1.034394897353637965e+01
2.310029281319299059e+02 4.802102900691150866e-01 1.030113689602398708e+01
2.310768397592350425e+02 4.776435732802662981e-01 1.046788982638687493e+01
2.310842175362195974e+02 4.775063693841218315e-01 1.055836519884525693e+01
2.310771710564476962e+02 4.806207862787180152e-01 1.050535652934378561e+01
2.310746244182777787e+02 4.836727363588093631e-01 1.051968150848433226e+01
2.310551637746018798e+02 5.075785631740280524e-01 1.039995270369758984e+01
2.310614517287691001e+02 5.130466404008584558e-01 1.038169454620090271e+01
2.310545669934275850e+02 5.258356051918846585e-01 1.041280413530312110e+01
2.310594974098581531e+02 5.275735212097144577e-01 1.035699896037372980e+01
2.311239296980621987e+02 5.211896358630906390e-01 1.043045658779487717e+01
2.311423696786082473e+02 5.218522302883735753e-01 1.046290809793011789e+01
2.311627327446579727e+02 5.272232608569554779e-01 1.042765450497280533e+01
2.311744396949834766e+02 5.225248640231305863e-01 1.047232720117437665e+01
2.311835698892106450e+02 5.176736465895350747e-01 1.039874240916655879e+01
2.311551229480766949e+02 5.139423699017040548e-01 1.042929872076887676e+01
2.311183958075843634e+02 5.095786167170119896e-01 1.031017115907174286e+01
2.310602905153066047e+02 4.968153079390859594e-01 1.040843145828778482e+01
2.310262896050758741e+02 4.926188765789603075e-01 1.034357305717052178e+01
2.310087397766365314e+02 4.908497271538780904e-01 1.036221717034254119e+01
2.309881246123711094e+02 4.959920845622191599e-01 1.035918864531788941e+01
2.309386430869315063e+02 5.136690775882455373e-01 1.022613209946501556e+01
2.309418277789924048e+02 5.024930951860395734e-01 1.034720617172127355e+01
2.309490371186735729e+02 5.052315957147764935e-01 1.035084821010266865e+01
2.309491687451755411e+02 5.095351130426246655e-01 1.027821157510072858e+01
2.309376436178994254e+02 4.798923786024388849e-01 1.030150500403803271e+01
2.309465172519956013e+02 5.102757909860387020e-01 1.021186958713897575e+01
2.309311682632886971e+02 5.223954684787992520e-01 1.027298221034361170e+01
2.309729306752216473e+02 5.285975307760609754e-01 1.025306533582605617e+01
2.310219515079042765e+02 5.436542640293772211e-01 1.015994739401835645e+01
2.310359262266920837e+02 5.412994882183126411e-01 1.015008098376308965e+01
2.310217217192652015e+02 5.284458256551207711e-01 1.013803381239430834e+01
2.310127209205823817e+02 5.313204146011717421e-01 1.011545652086614666e+01
2.310156959026231505e+02 5.259069958370330422e-01 1.009195449738754924e+01
2.309626995033888193e+02 5.132095003101031505e-01 1.018152298555678037e+01
2.309219276366573013e+02 5.027920435125982079e-01 1.017939130551180327e+01
2.308492776159094149e+02 5.015661322779416675e-01 1.021595335513722702e+01
2.308412227432747841e+02 4.689294526568474897e-01 1.022812992205033922e+01
2.307917244856527077e+02 5.052717529526724594e-01 1.018532453741092958e+01
2.307842730870653440e+02 4.710388231252147229e-01 1.033246623445580248e+01
2.307807280953421980e+02 5.026726872777408373e-01 1.026349617836952710e+01
2.307784190541631801e+02 5.098429851998268481e-01 1.011342411843708078e+01
2.307890172185312281e+02 5.049828439355877885e-01 1.013088693952766128e+01
2.306923018574953517e+02 4.827959699980813868e-01 1.031588910355659294e+01
2.306097106894105480e+02 4.757506057050049364e-01 1.039129881893101448e+01
2.305205437736202612e+02 4.714158549699044021e-01 1.041026642096386290e+01
2.304470013698079924e+02 4.736256185330114943e-01 1.027313056902806032e+01
2.303840459755754750e+02 4.521403807798535790e-01 1.022420455204601097e+01
2.303220878194173622e+02 4.893549855210848065e-01 1.017602590588035838e+01
2.303013823013666865e+02 4.898926463173581825e-01 1.026538579950829622e+01
2.303385433631240460e+02 4.983992878783146674e-01 1.012422418447342665e+01
2.303092575819096055e+02 4.708636929488352330e-01 1.018791914117053921e+01
2.302963079881670012e+02 4.955090822286374874e-01 1.023132353794189697e+01
2.302967352165590569e+02 5.017814196922171233e-01 1.011444924348225705e+01
2.303148840571303708e+02 4.951041634131867486e-01 1.013114461513749376e+01
2.303427643350184439e+02 4.769140501251567521e-01 1.015322551858610822e+01
2.303460583440047458e+02 5.120761738183732259e-01 1.004799459215863067e+01
2.303794022372043457e+02 4.902741400773696356e-01 1.010262516787956422e+01
2.303727160570946637e+02 3.923083272725650383e-01 9.982227075794556370e+00
2.303814714504348160e+02 4.103411580455025853e-01 1.011596071729750790e+01
2.303807709297292945e+02 4.700036587705638258e-01 9.921016290452840281e+00
2.303746246413735435e+02 4.726729996118133603e-01 1.015073353887889951e+01
2.303732213690048525e+02 4.653097238520607082e-01 1.024830558765655830e+01
2.303669769185120515e+02 4.674313645875628476e-01 1.018885614338811152e+01
2.303615010329334041e+02 4.677135807316648575e-01 1.024115983026874055e+01
2.303604848317188498e+02 4.728570536188363982e-01 1.018919190251607354e+01
2.303648630861283380e+02 4.766061779679545141e-01 1.005143472887171541e+01
2.303928482190264901e+02 4.816782602099777266e-01 9.920439587897501355e+00
2.303984914264297004e+02 4.882685091402335642e-01 9.889149291224750726e+00
2.304077443233282452e+02 4.794227620148224789e-01 9.896546031349416239e+00
2.303569108375461383e+02 4.707409902774865040e-01 9.932866022068633782e+00
2.303299307510742153e+02 4.681129221529634066e-01 9.899315765285406243e+00
2.302927250701636126e+02 4.670030207166728231e-01 9.832750681557564931e+00
2.302874488552956223e+02 4.656019793056367373e-01 9.864390123104243457e+00
2.302914746183946875e+02 4.701497864973518404e-01 9.956181760582547113e+00
2.302901360437981566e+02 4.740495004885797448e-01 9.889969168165126945e+00
2.302877879608600722e+02 4.760473230739026840e-01 9.880924865807896751e+00
2.303095565302361649e+02 4.810781325991995150e-01 9.853649177445911178e+00
2.303037705415426615e+02 4.784991455432158758e-01 9.873608440159022948e+00
2.302653567970587005e+02 4.568744729362526069e-01 1.001458823214453098e+01
2.302721656798397305e+02 4.920009013068949999e-01 9.949012578139292629e+00
2.303323513401362561e+02 5.120449404111209191e-01 9.876378174095011175e+00
2.303340100571571440e+02 5.162224086311290039e-01 9.884526746951395992e+00
2.303211285076231718e+02 4.919785917302861300e-01 9.938086462995105563e+00
2.303731153985159779e+02 5.209353066897496332e-01 9.967856362021962013e+00
2.303948795059767463e+02 5.282684645210803387e-01 1.004001780304213298e+01
2.303921588531092937e+02 5.339696768234732938e-01 1.000343232836127250e+01
2.304043153414034464e+02 5.409191099371316591e-01 9.880479789754550879e+00
2.304002594603759633e+02 5.363980742373470889e-01 9.957919676600377912e+00
2.304382671705656378e+02 5.135608761416925461e-01 9.983521031237868826e+00
2.304401768703233415e+02 5.388643979314560184e-01 9.962579031675137031e+00
2.304567830036721432e+02 5.415872817565667852e-01 9.882823410777310968e+00
2.304878412807481709e+02 5.373205752301233318e-01 9.953824753813822923e+00
2.305078228530379079e+02 5.371487914902350891e-01 9.912504071497730607e+00
2.305171995680865962e+02 5.196179261909967817e-01 9.875447864750423577e+00
2.305250726176718672e+02 5.227736158023192914e-01 9.922628157362829882e+00
2.305134047091054299e+02 5.152619813581177377e-01 9.936141067914812552e+00
2.304593251799267364e+02 4.904950048857972811e-01 9.880216536750564771e+00
2.304103634676221191e+02 4.953283746581057523e-01 9.857946001900776523e+00
2.303548349314426673e+02 4.668680477781892435e-01 9.973509608734644871e+00
2.303325197774396713e+02 4.935759574154801599e-01 9.858481431739388512e+00
2.302612049848517870e+02 4.623436656419134261e-01 9.942417867293714906e+00
2.302088421775931408e+02 4.865908289792476582e-01 9.835621924067124766e+00
2.301736343192678760e+02 4.889344500020078588e-01 9.731286727140492587e+00
2.301729862260673940e+02 4.839817239948420169e-01 9.761599864357775047e+00
2.301226011627751404e+02 4.637078962515449598e-01 9.764690856196931890e+00
2.300905657262436534e+02 4.834596799021947944e-01 9.779128498699352079e+00
2.300965458082536372e+02 4.823296998469562835e-01 9.818545058651876545e+00
2.301002581218013745e+02 4.571745367416417127e-01 9.912544228735626461e+00
2.300830117036038871e+02 4.834027904818422594e-01 9.818362120123683923e+00
2.300937994993730911e+02 4.807066781486620810e-01 9.920119445473163822e+00
2.300659203369638419e+02 4.728514762246842085e-01 9.980559434943042874e+00
2.300732479174010336e+02 4.988644425506092994e-01 9.915110945524475028e+00
2.300776774838367089e+02 5.009135771621325839e-01 9.881883062123247186e+00
2.300781805647892497e+02 4.826208398217018414e-01 9.908641168307907421e+00
2.300650893052351762e+02 5.063995020502500832e-01 9.888245753372093105e+00
2.300490442577380747e+02 4.835611884757651247e-01 1.003498253160151599e+01
2.300578420392737655e+02 5.074982486982362317e-01 9.951039403174206655e+00
2.300328140407551416e+02 3.966932745550355022e-01 9.870206229726171898e+00
2.300792447315934908e+02 4.207597303218379436e-01 1.004407703050611467e+01
2.300772736805000989e+02 4.778767083558288498e-01 9.899778689000040544e+00
2.300907129694492710e+02 4.770724481190796173e-01 1.007712532181564313e+01
2.300951548061520953e+02 4.780563004475301137e-01 1.007600426559104712e+01
2.301356790365832410e+02 4.859215416809820054e-01 9.993657387370102896e+00
2.300719495000423933e+02 4.774985610323087548e-01 9.886338284572035562e+00
2.300365285852604984e+02 4.737661688656472636e-01 9.895534292050205849e+00
2.300144599520790223e+02 4.782671259464837954e-01 9.823433086886877774e+00
2.299940411120877855e+02 4.759156965719104626e-01 9.919286182786823503e+00
2.299989380641534069e+02 4.757952248582226207e-01 9.895252075906103784e+00
2.299674257871934060e+02 4.817786533047175856e-01 9.835562803689111178e+00
2.299813603487432943e+02 4.799972336125005179e-01 9.866211700034357435e+00
2.300117225670291248e+02 4.755085467987988368e-01 9.872249786943543270e+00
2.300200027663875062e+02 4.816135624378120594e-01 9.842108433466149719e+00
2.300153032540748370e+02 4.835243776743605171e-01 9.929691369317193761e+00
2.300538419321878223e+02 4.931052253490333381e-01 9.849410357890228340e+00
2.300667435603407114e+02 5.100895060213547216e-01 9.816407801212749362e+00
2.301092020310638588e+02 5.014936261539628681e-01 9.794826632280171808e+00
2.301179551934463348e+02 4.997891745010463183e-01 9.953954149358153813e+00
2.301506007968980896e+02 4.912200661255850531e-01 9.997007170297921519e+00
2.301450881005180236e+02 5.043838318036399926e-01 9.859328080171694708e+00
2.301470836921456851e+02 4.923890879398890585e-01 9.994612237248961861e+00
2.301196919939853274e+02 4.814997835971068785e-01 9.987344892668627239e+00
2.301297580749512406e+02 5.053308733306859368e-01 9.972176611532265866e+00
2.301283291465694560e+02 5.201745501273876693e-01 9.989593697990798660e+00
2.301445203217933226e+02 5.357008999683203765e-01 1.000806937385942241e+01
2.301627940959936325e+02 5.236827310491301013e-01 1.007207554915022740e+01
2.301846061690441161e+02 5.215008544567840687e-01 1.007261432542533264e+01
2.302115929483890113e+02 5.283130836742980785e-01 9.966084981639218299e+00
2.302307903390609454e+02 5.202537491243490742e-01 1.007514646237043721e+01
2.302134981862314191e+02 5.148671018521410181e-01 1.022981764152079975e+01
2.301679543010632756e+02 5.026949968543497071e-01 1.021089242768350758e+01
2.301381453602773490e+02 4.987004671625341889e-01 1.023894114287499058e+01
2.301645788621223687e+02 4.874040130466403831e-01 1.020475171672192083e+01
2.301581470111860312e+02 5.188471303191608541e-01 1.014083031782222832e+01
2.301515734944382245e+02 5.128168517617872624e-01 1.016809150495941871e+01
2.301719175973478286e+02 4.949981929242946999e-01 1.031154765994850919e+01
2.301876915834891406e+02 5.024785939612438357e-01 1.022521406038756275e+01
2.301593930010396321e+02 5.115295891914563020e-01 1.015816485884730902e+01
2.301942885252923645e+02 5.143082469580891880e-01 1.014508252312387704e+01
2.302074667921952198e+02 5.005064273890209581e-01 1.017181162685894513e+01
2.301970928390720985e+02 5.198120195074937833e-01 1.018160664646906355e+01
2.301799735854612834e+02 5.071535657396294416e-01 1.010923772638642859e+01
2.302202379093249647e+02 5.237998563263266405e-01 1.010750427228392034e+01
2.302661019369174369e+02 5.364170373774646006e-01 1.018415774655428585e+01
2.302889391350130950e+02 5.423234977846590477e-01 1.013295280632164186e+01
2.302935315613580372e+02 5.465388922849022668e-01 1.012403232211459070e+01
2.302848932932950845e+02 5.523840013564222939e-01 1.011152334251000617e+01
2.302987285772290704e+02 5.248718314823821451e-01 1.012566426764352912e+01
2.303029194311950221e+02 5.457089760350528618e-01 1.010522981094864825e+01
2.303352850494603388e+02 5.445678411915099160e-01 1.015359808851547641e+01
2.303470946238382169e+02 5.433876645889014201e-01 1.020948915531481127e+01
2.303688565003413373e+02 5.242270847183861937e-01 1.023582337954390376e+01
2.303968438641971375e+02 5.493599382470919501e-01 1.027207197961797114e+01
2.304213152387793855e+02 5.641690352000500175e-01 1.005627144508051529e+01
2.304396581726672082e+02 5.262070596424220925e-01 1.024774338632601456e+01
2.305090621500185080e+02 5.428600431021020079e-01 1.028444821724173330e+01
2.304825349479517627e+02 5.318826159317148194e-01 1.030976958669278432e+01
2.304071363873656537e+02 5.119824735966160834e-01 1.036368402500457364e+01
2.302003690003971030e+02 3.910846469955693294e-01 1.020597428152008490e+01
2.301826250786412515e+02 4.082976008281314906e-01 1.024933071270173457e+01
2.301537419852845971e+02 4.560322864192683512e-01 1.025617640628416183e+01
2.301448995845956915e+02 4.643916847746063503e-01 1.038356408872072478e+01
2.302178898263868803e+02 4.820017490708061181e-01 1.041953158812952118e+01
2.302167977726118693e+02 4.871273742966906184e-01 1.050532752689419524e+01
2.302192663272636537e+02 4.964650475863269241e-01 1.043349292117134119e+01
2.302697540146083099e+02 5.071156394593943073e-01 1.039064961025169609e+01
2.303099480633056544e+02 4.997278231653719538e-01 1.033810944185901270e+01
2.303699942887483871e+02 4.925831812563861156e-01 1.034892512459898484e+01
2.303928459880688422e+02 4.950238489373948725e-01 1.039420352580548723e+01
2.304235026927659078e+02 5.065724012689687417e-01 1.035893320066571732e+01
2.304830915718881386e+02 5.144632985155207505e-01 1.037591636585920796e+01
2.305393786336722997e+02 5.328854314002828829e-01 1.026683480650904201e+01
2.305254039148844925e+02 5.355179614401277544e-01 1.026686715539512562e+01
2.305234116696933313e+02 5.281122974848183604e-01 1.033817413963117815e+01
2.305503571763215120e+02 5.266967548489864814e-01 1.037628224291559320e+01
2.305651807744992539e+02 5.290403758717466820e-01 1.037566538312235842e+01
2.305820602001615214e+02 5.165012783387397111e-01 1.052012770001650921e+01
2.306047557324457102e+02 5.239504459684364290e-01 1.049690454624552061e+01
2.306362434688714416e+02 5.248762933977039191e-01 1.058230560550421906e+01
2.306489164238641081e+02 5.201912823098443495e-01 1.068366805134772157e+01
2.306392463378830087e+02 5.121207929715909657e-01 1.065236883084432762e+01
2.305909974165510334e+02 5.118363458698280688e-01 1.062597883267371301e+01
2.305248829862706827e+02 4.996620099143758709e-01 1.054997568256149698e+01
2.304670766423194834e+02 4.908329949714214102e-01 1.063763781740950165e+01
2.304393023349202849e+02 4.910572062163404139e-01 1.055687715008544636e+01
2.304206236419045126e+02 4.799124572213868678e-01 1.065659091821755489e+01
2.304121850445522171e+02 4.915759038724963337e-01 1.061476603947010311e+01
2.303900271730643112e+02 4.957199077275911692e-01 1.045938318482591889e+01
2.303532074478290497e+02 4.991288110334242134e-01 1.047736805000914728e+01
2.303785422030260577e+02 4.727845474948576543e-01 1.073232635341046581e+01
2.303265040001070929e+02 5.033051637746018825e-01 1.063516703180007106e+01
2.303629310767940126e+02 5.110856286169400686e-01 1.066445281301451509e+01
2.303627715633212745e+02 5.091067691717346966e-01 1.064194691213150179e+01
2.303822143593358760e+02 5.107956041210249820e-01 1.062541328490667958e+01
2.304230029582498673e+02 5.174115090643809367e-01 1.058360625382051445e+01
2.304317260027039254e+02 5.229476304998683656e-01 1.060197372824258544e+01
2.304473036645710522e+02 5.166652537268148215e-01 1.070357934847112524e+01
2.304535536924580299e+02 5.210055818560674901e-01 1.057649396079761139e+01
2.304220581476804739e+02 5.210412771786416819e-01 1.049232885208304467e+01
2.304276600823669696e+02 5.329055100192308103e-01 1.042757307501818254e+01
2.304600993222350667e+02 5.262806812452313077e-01 1.052179868730451240e+01
2.304774918681593192e+02 5.301681249693243059e-01 1.037496820885333193e+01
2.305389826386874859e+02 5.265785140929595265e-01 1.050566105506449688e+01
2.305550143004386143e+02 5.309578839812778561e-01 1.050723053377893024e+01
2.305780935574404680e+02 5.379050861372752790e-01 1.033467599801890913e+01
2.305884050437490771e+02 5.110365475484006659e-01 1.043063171797125577e+01
2.305403981813233258e+02 5.348364038747273064e-01 1.033770229208590052e+01
2.305048791044043526e+02 5.296159629482551923e-01 1.030665963171350974e+01
2.304586201973058905e+02 5.201533560296092151e-01 1.042589762581485680e+01
2.304545587388842591e+02 5.194561817605825027e-01 1.052646361977342337e+01
2.303972142031688577e+02 4.967550720822420107e-01 1.051163667515917943e+01
2.303358729068039850e+02 5.243129765883303151e-01 1.050335424484314117e+01
2.303193760903805583e+02 5.147031264640660186e-01 1.055463392215742502e+01
2.303367229016727720e+02 5.148927578652412462e-01 1.059351282131367711e+01
2.303790408220632742e+02 5.127755790450608808e-01 1.055998822054355024e+01
2.304022851699320427e+02 4.933227437209696808e-01 1.061669024045261622e+01
2.304220536857651496e+02 5.201076213975611706e-01 1.060068869662991453e+01
2.304186570527264450e+02 5.083203565962725046e-01 1.067185289957567207e+01
2.304623102012770062e+02 4.069579107527697137e-01 1.060620920136177681e+01
2.305086438454571010e+02 4.301888728755705604e-01 1.053455641868828607e+01
2.305331999964304543e+02 4.812543782544094761e-01 1.053005211517095852e+01
2.305502233188618675e+02 4.815800980728987546e-01 1.065809681463865211e+01
2.305467787202334478e+02 4.895412704857687314e-01 1.065367282559711626e+01
2.305500292255453587e+02 4.849376893525314536e-01 1.066638259139118006e+01
2.305591683436031758e+02 4.882038113680678415e-01 1.066435576635626603e+01
2.306025838951628373e+02 4.973473913412071457e-01 1.072223238547378799e+01
2.306101713821675219e+02 5.116366751591788775e-01 1.071753956603411595e+01
2.306655705228026250e+02 5.152775980617440021e-01 1.071460808766771144e+01
2.306558613950624306e+02 5.168571160856508806e-01 1.067278990179324438e+01
2.306755150165760142e+02 5.236135713616426601e-01 1.048683065692779337e+01
2.306282220606017290e+02 5.096957419942084178e-01 1.059198349983713960e+01
2.306019993842556914e+02 5.009068842891499784e-01 1.063728978801440306e+01
2.305777912626774082e+02 5.020770215822843996e-01 1.049086311289984330e+01
2.305192308550368239e+02 5.013106876257702460e-01 1.047847795144543781e+01
2.304340015795180250e+02 4.891106956572178199e-01 1.050645750694943281e+01
2.303378595746009978e+02 4.855857825530187077e-01 1.053205997706575481e+01
2.302485956121524850e+02 4.827145400434590394e-01 1.047123180096288131e+01
2.301783962983950573e+02 4.747890629531632545e-01 1.044753010677363392e+01
2.301361519996073639e+02 4.810825945145212890e-01 1.043199706405971838e+01
2.301626345825208944e+02 4.845416943677242627e-01 1.044914643559894607e+01
2.301298093869774561e+02 4.973284282010895785e-01 1.042249653086083683e+01
2.301206981558904090e+02 4.925463704549815080e-01 1.047812099821969589e+01
2.300779898179092413e+02 4.975738335437869808e-01 1.048010766601671406e+01
2.300984164662523028e+02 4.984773713964456565e-01 1.046630473096881531e+01
2.301122149393848701e+02 5.023135030943383095e-01 1.035759351059035538e+01
2.301067937122689386e+02 4.969949000307872233e-01 1.029743127534925584e+01
2.301435431623378634e+02 4.909367345026526275e-01 1.038359532212797731e+01
2.301539974299367657e+02 5.096511228409906780e-01 1.036824075602693185e+01
2.301612603126017973e+02 5.128547780420222857e-01 1.031104011708065826e+01
2.301969232862898593e+02 4.837195864696879899e-01 1.030018539258161958e+01
2.301638816878533191e+02 5.089260616012029059e-01 1.036179551934463383e+01
2.301826964692864124e+02 5.229119351772941737e-01 1.029258340435215224e+01
2.301700714798834611e+02 5.228461219262980908e-01 1.024800998576649036e+01
2.301646982183572163e+02 5.149953819176419367e-01 1.027624833235914892e+01
2.301103041241483425e+02 5.117002574525140179e-01 1.036856089845126938e+01
2.301254043610760220e+02 5.239917186851628106e-01 1.032232653188707872e+01
2.301547369924013537e+02 5.229130506561247005e-01 1.029436705500203075e+01
2.301890982022943035e+02 5.213569576876569966e-01 1.033026316376567877e+01
2.302649953819176289e+02 5.255098853733953801e-01 1.035811443920417219e+01
2.302656345512874907e+02 5.248662540882299554e-01 1.040054836939304650e+01
2.302207487986293017e+02 5.193836756366038143e-01 1.049023286736064264e+01
2.301537743341706914e+02 5.013608841731401755e-01 1.043458274398868468e+01
2.300846748825400709e+02 4.952960257720229187e-01 1.049647508689580100e+01
2.300259995805799633e+02 4.947025910342273680e-01 1.046060686510291404e+01
2.299696801699097364e+02 4.761477161686425430e-01 1.048982237115104077e+01
2.299202209540467265e+02 5.004283438708899689e-01 1.048948995845956844e+01
2.298857281176517802e+02 5.052260183206243038e-01 1.041175446972367347e+01
2.298967713580731527e+02 4.934499083076401282e-01 1.037320575230123332e+01
2.298865268004943800e+02 4.979341332060200354e-01 1.040693783213382240e+01
2.298580196235035942e+02 4.798455284915603136e-01 1.039656164805304250e+01
2.298098164368036578e+02 5.021472967486022565e-01 1.040601310018338488e+01
2.298088727417131167e+02 5.054903868034392733e-01 1.030533444286294298e+01
2.298230649788728215e+02 5.028310852716637580e-01 1.036662665815928186e+01
2.298483149576787241e+02 4.988265162703742206e-01 1.036619496785190009e+01
2.298724505731330225e+02 4.824992526291835837e-01 1.037948812907428575e+01
2.299359558984289720e+02 5.101687050183161265e-01 1.040490319874709435e+01
2.299254659355074750e+02 4.939998393710484104e-01 1.047874008897059106e+01
2.299740059968141850e+02 5.018305007607565260e-01 1.059483912564307317e+01
2.303373944199286996e+02 4.005282907740976839e-01 1.046738562995551547e+01
2.303927556342835601e+02 4.133127936498021127e-01 1.048645250960427333e+01
2.304585454602242578e+02 4.739424145208572248e-01 1.041243937372556516e+01
2.305396552724222374e+02 4.800117348372962556e-01 1.077214448574194883e+01
2.305434400920939311e+02 4.996742801815107216e-01 1.059535224590507774e+01
2.305344694113395008e+02 4.974332832111512115e-01 1.071784743819131869e+01
2.305264212315778707e+02 4.943846795675511663e-01 1.069044458524266084e+01
2.305255199246828681e+02 4.963278436901824575e-01 1.063310674240024234e+01
2.305039844903823507e+02 4.930606061958155983e-01 1.062026423462535440e+01
2.304574310968726536e+02 4.763540797522744508e-01 1.070215711296230943e+01
2.303839723539726663e+02 4.781667328517439364e-01 1.049155582525354902e+01
2.303521042392657421e+02 4.852767949169860540e-01 1.039164015545313013e+01
2.303087968891526316e+02 4.811785256939393740e-01 1.041293353084745199e+01
2.302763688040728312e+02 4.711961056403071724e-01 1.049719010882611414e+01
2.302509180390774475e+02 4.833804809052333895e-01 1.037954613397347003e+01
2.302718667315131711e+02 4.778220498931371463e-01 1.046618091281863627e+01
2.302879084325737722e+02 4.895178454303294457e-01 1.036828537518015025e+01
2.302976744497343020e+02 4.919830536456079040e-01 1.041450635599837504e+01
2.303847877689977111e+02 4.932903948348868473e-01 1.036424287989862592e+01
2.305214718520071813e+02 5.137014264743283709e-01 1.028917673200398042e+01
2.307307948009762697e+02 5.210758570223854580e-01 1.033864933361294725e+01
2.309033961868471749e+02 5.417334094833547997e-01 1.024418500885690264e+01
2.310629196989099512e+02 5.546963889719300767e-01 1.035453375215845107e+01
2.312869546981737301e+02 5.538687036797416141e-01 1.031964826721518413e+01
2.315084319044793233e+02 5.532663451113024600e-01 1.024166291122127070e+01
2.316299265122546558e+02 5.432169963278437042e-01 1.040760600395325675e+01
2.316982484751404456e+02 5.437066915344080931e-01 1.037617404146904043e+01
2.317791173439110537e+02 5.468344941749695431e-01 1.030730326299867450e+01
2.318428100696505112e+02 5.505412303285308617e-01 1.046612848531360562e+01
2.319828417046301183e+02 5.533868168249902464e-01 1.038866405793350900e+01
2.320943070422409562e+02 5.457535951882704905e-01 1.048106251589557303e+01
2.322104016169981264e+02 5.442666619072903389e-01 1.048791378687215214e+01
2.323481587906424579e+02 5.490186017249765182e-01 1.053614486054283716e+01
2.324374707186807143e+02 5.427507261767186009e-01 1.050181042214180849e+01
2.324910516288221913e+02 5.443235513276428739e-01 1.057488767128177365e+01
2.325769870024406600e+02 4.729931420361504490e-01 1.066694033080640125e+01
2.325623675368888712e+02 5.048902591926610617e-01 1.064280136891562023e+01
2.325099043365354987e+02 5.102702135918864013e-01 1.066507413472307064e+01
2.325448467108991224e+02 5.113633828457203601e-01 1.064865986373310669e+01
2.325359351505227039e+02 5.133154707989951993e-01 1.064142263708119351e+01
2.324900376585653134e+02 5.063526519393715120e-01 1.059807512973018717e+01
2.324400731307921149e+02 5.071591431337816314e-01 1.055824361165273828e+01
2.324116306515734891e+02 5.040581119851507141e-01 1.056849820854099775e+01
2.323841050959534869e+02 4.960210870118106907e-01 1.064490070007451372e+01
2.323810408756062600e+02 5.001394348538052981e-01 1.072277339270655361e+01
2.323965014121961872e+02 5.085222582645826384e-01 1.072802395156144684e+01
2.323644548208764036e+02 5.080883369995403687e-01 1.072616891026642172e+01
2.322927719202745038e+02 5.228204659131978627e-01 1.063051883151361565e+01
2.323303390163261497e+02 5.177416907981919891e-01 1.070736082170632564e+01
2.323163687594536952e+02 5.162369098559247416e-01 1.069702144842695191e+01
2.323262329387512750e+02 5.109852355222002096e-01 1.079593988015295380e+01
2.323617375144454513e+02 5.182804670732958918e-01 1.058054649538861014e+01
