2.351654767763523068e+02 6.479947145948642406e-01 1.665289360200809554e+01
2.351666003743828526e+02 7.042903467198802225e-01 1.595136843004141625e+01
2.351567138353119901e+02 7.241061215867901080e-01 1.563634412661601480e+01
2.350636787947838116e+02 6.413789693909424106e-01 1.514409695302686032e+01
2.350352618769929904e+02 5.283416367227791177e-01 1.510949125728372344e+01
2.350126348598536197e+02 4.976955004393268100e-01 1.484833336704127404e+01
2.350652934051537102e+02 4.630718271277013964e-01 1.471327913096433981e+01
2.349793505153944295e+02 4.853516524756235628e-01 1.471552520342742376e+01
2.349421998701120629e+02 4.886348059209121852e-01 1.459872269375886233e+01
2.349310526540509159e+02 5.172371173867806871e-01 1.480925912193061045e+01
2.349470796563587669e+02 5.268573637244128305e-01 1.467881837936714540e+01
2.349709954404391965e+02 5.270528697817298269e-01 1.472173645334034475e+01
2.349666403744727461e+02 5.365607563163062865e-01 1.468884087379971604e+01
2.349757808444513500e+02 5.376371632295803282e-01 1.460703394839089597e+01
2.350088078849615272e+02 5.353495176393654464e-01 1.460868451389778322e+01
2.350701990341551380e+02 5.442012229240964505e-01 1.456507317993973061e+01
2.351225429720066700e+02 5.421472857242375376e-01 1.448775278146692536e+01
2.351818858019905747e+02 5.418012175308258849e-01 1.449117526106800291e+01
2.353070490046044938e+02 5.456551587756377497e-01 1.448425614439583065e+01
2.355664641943015738e+02 5.411697554376526664e-01 1.455174281290519822e+01
2.358321940049303578e+02 5.599462021262968658e-01 1.447298308535524747e+01
2.360242067959703149e+02 5.613462052723714457e-01 1.451116182283555744e+01
2.361616172171173389e+02 5.503585401315508330e-01 1.451388879525572051e+01
2.361645093584479866e+02 5.601619329481639653e-01 1.440625821631059900e+01
2.361745689316155676e+02 5.578023770839934947e-01 1.423661176766689351e+01
2.362309881595239460e+02 5.605911473958368196e-01 1.412399915505428183e+01
2.363673064433852744e+02 5.577776579273211466e-01 1.428390625596911434e+01
2.364471639262110614e+02 5.587709185863338757e-01 1.423385895249202804e+01
2.365598068759705086e+02 5.037887725590394217e-01 1.429809842269308540e+01
2.365175225112865292e+02 5.250596068755211121e-01 1.417920040269753379e+01
2.364239694920662771e+02 5.095595720439821674e-01 1.418029366358126708e+01
2.364068649592470877e+02 5.085269854538998491e-01 1.406942487511207851e+01
2.363979402200903905e+02 5.105494619089031572e-01 1.403557086645138519e+01
2.363894626729498327e+02 5.156719453302142098e-01 1.397905163831828901e+01
2.362616859813168162e+02 5.080213663401490498e-01 1.389509639347504155e+01
2.362023150613821656e+02 4.728909503167422756e-01 1.402667197004937094e+01
2.361424564999022380e+02 4.944640325034438399e-01 1.384543111332834542e+01
2.361408126759835397e+02 4.951247081454115406e-01 1.379974561740588257e+01
2.361310958002152915e+02 4.903752592702455559e-01 1.378007815747900544e+01
2.361399351459216689e+02 4.841022114656437503e-01 1.390371439036941581e+01
2.361892566050710229e+02 5.004078660850923566e-01 1.385522102296859082e+01
2.362566039474245940e+02 5.120494652796973023e-01 1.383516704531920283e+01
2.363283265805091560e+02 5.147696961116766667e-01 1.391317958017883250e+01
2.363010478675232946e+02 5.218629704785853196e-01 1.382445353809783839e+01
2.362434398728985911e+02 5.158887997501118150e-01 1.372057128218265731e+01
2.362829882763781484e+02 5.164000368540153652e-01 1.375439495369652576e+01
2.363028130400292923e+02 5.162180139730651041e-01 1.378296917521162968e+01
2.362606073272074809e+02 5.061337216488126511e-01 1.379607819343414299e+01
2.362005656192485787e+02 4.976134777830961142e-01 1.370806338890649201e+01
2.362504983157265599e+02 5.146696958869571015e-01 1.362367106442935771e+01
2.363233220748810766e+02 5.120258697210555709e-01 1.379605010348337935e+01
2.363962042611331640e+02 5.235000528091073857e-01 1.370361843509760646e+01
2.364479111189014020e+02 5.352079442875152804e-01 1.377653770008471845e+01
2.364642639646381213e+02 5.582226027474218588e-01 1.372598365389585062e+01
2.365082988950536844e+02 5.576304665853181186e-01 1.375138146377856962e+01
2.365181786925363951e+02 5.351955847091791618e-01 1.385537270870271698e+01
2.365721765666889098e+02 5.622136229519616446e-01 1.380814900707641968e+01
2.365800440000988658e+02 5.512956208890357201e-01 1.384046818082737218e+01
2.365318584985584209e+02 5.585304686077946501e-01 1.376707925186348724e+01
2.365338169299256776e+02 5.429933550412472387e-01 1.395156955408888599e+01
2.362713511715756738e+02 4.145571113642951833e-01 1.389699976853880514e+01
2.363310063618120580e+02 4.239571324879381486e-01 1.395033584345133448e+01
2.363293366951386361e+02 4.797999546066395449e-01 1.388083681086923704e+01
2.363492019083188893e+02 5.147809320919822795e-01 1.377858377209836505e+01
2.363640895822237837e+02 5.262393848076063474e-01 1.379297706286980407e+01
2.363894312122049826e+02 5.188921772857916226e-01 1.397533028164108160e+01
2.364047986624688917e+02 5.131932880748046877e-01 1.409314627673320608e+01
2.364244829763662494e+02 5.392293016388800542e-01 1.404965179697033051e+01
2.364293605154168745e+02 5.404832370409821118e-01 1.395315495091000280e+01
2.364580605799114039e+02 5.380798608536199179e-01 1.400675731855577233e+01
2.364803977087588862e+02 5.278652311578228007e-01 1.411818902963826972e+01
2.364984179739729768e+02 5.332191757734286996e-01 1.418407906534621432e+01
2.365308877098600249e+02 5.482461758341029556e-01 1.407968557232712925e+01
2.365650170000382104e+02 5.528518041613577072e-01 1.401955734731988201e+01
2.365909653729559068e+02 5.424102076633879888e-01 1.417243971334766961e+01
2.366147845276056785e+02 5.243494929202088262e-01 1.444906055968665015e+01
2.366284182661084685e+02 5.324158031815802161e-01 1.442858298557974273e+01
2.366954116750824255e+02 5.421079597931680594e-01 1.445802687197049963e+01
2.366802689444245971e+02 5.299169211616205910e-01 1.474243537625927303e+01
2.366858318782738877e+02 5.286292778186018060e-01 1.468791165822844569e+01
2.366765127562084388e+02 5.214303852368207259e-01 1.476940397618871081e+01
2.366672419488583046e+02 5.267753410681821347e-01 1.472121959824628767e+01
2.366785925361629950e+02 5.248596064260818705e-01 1.488520760720810543e+01
2.366514340481664078e+02 5.088326041182115178e-01 1.506205294843359255e+01
2.366151081238384677e+02 5.142416050373146419e-01 1.490670765552282084e+01
2.365851147980107783e+02 5.115101382250296647e-01 1.510836204126301396e+01
2.365622630612652983e+02 5.106809228784783272e-01 1.508211591486722369e+01
2.365509439347054581e+02 5.071123755334281391e-01 1.532111645194708238e+01
2.365577652983489827e+02 5.023314659134064941e-01 1.551236856712037593e+01
2.365676259946651498e+02 5.031168609367661082e-01 1.556111474407807727e+01
2.365684518392176301e+02 5.130966586441767507e-01 1.556159452043712399e+01
2.366093283355693018e+02 5.138640760990473844e-01 1.562543174254324185e+01
2.365919878471636935e+02 5.153528434895359167e-01 1.557097206960015612e+01
2.365863215422955932e+02 5.161607104735066454e-01 1.569284425358259227e+01
2.364770370270495050e+02 5.180494787628736608e-01 1.548469547122577872e+01
2.364321650161011519e+02 5.103180007146083108e-01 1.574306234396032345e+01
2.364400043595603620e+02 5.165472281960183931e-01 1.581051193373468244e+01
2.364714639808179300e+02 5.219416223407243871e-01 1.596602576635003601e+01
2.365140539641662087e+02 5.302854613156433583e-01 1.590404360459237054e+01
2.365398832356926562e+02 5.351764835426596756e-01 1.590906945858305299e+01
2.365629776696127351e+02 5.289899527864108109e-01 1.602750455619001357e+01
2.365901260452270662e+02 5.285753451131350866e-01 1.602834725471293353e+01
2.366036114687898078e+02 5.402180679057705381e-01 1.613221153305962474e+01
2.366242429758269168e+02 5.414585201315058605e-01 1.618833300748990567e+01
2.366082429398717863e+02 5.449259436538059775e-01 1.620901507643837292e+01
2.365837215364528845e+02 5.412495308978222397e-01 1.610211034182099255e+01
2.366163137445252573e+02 5.371573868705322718e-01 1.621142968860604228e+01
2.366076508037096744e+02 5.272270274764662146e-01 1.621018923638030529e+01
2.366284890527843743e+02 5.293528749502808273e-01 1.632717489252785015e+01
2.366415081831644613e+02 5.469776336576037679e-01 1.617265769136559683e+01
2.366586924914437873e+02 5.395854822145668139e-01 1.625497135948620198e+01
2.366541452902141316e+02 5.224809493953919137e-01 1.637701994835943609e+01
2.366634453111130654e+02 5.283472547129319796e-01 1.649622021622520407e+01
2.366569823752412844e+02 5.406349227751073849e-01 1.644894932348162442e+01
2.366712992613466611e+02 5.510439349301908818e-01 1.630462765084865495e+01
2.366812869242402826e+02 5.453338097388983341e-01 1.636299969213413874e+01
2.366848588423794126e+02 5.424832415353741943e-01 1.644029312425421097e+01
2.366764037671994743e+02 5.481304452369556435e-01 1.638707952152701353e+01
2.366666104867651370e+02 5.431045912462724168e-01 1.643759761257890517e+01
2.366834532212431839e+02 5.433169512740477769e-01 1.654245627518264072e+01
2.365550124831741243e+02 4.542459645976732463e-01 1.635343450210000427e+01
2.365705608327209859e+02 4.929673999267414342e-01 1.624248593817064901e+01
2.365921856004170820e+02 5.193393693019534574e-01 1.636968172962186330e+01
2.366015316888352515e+02 5.540473124658706894e-01 1.620061393396389704e+01
2.366180092539533746e+02 5.614563178793660070e-01 1.621045552911354903e+01
2.366309654628437329e+02 5.779552313600704316e-01 1.612747669095885783e+01
2.366365250258989477e+02 5.847833365917676218e-01 1.593409760471371861e+01
2.366419947011116847e+02 5.962608904739111759e-01 1.581841869307571535e+01
2.366339418740266751e+02 5.974541515823631466e-01 1.566665093629423922e+01
2.365969204425178418e+02 5.571843981671869006e-01 1.570402630118269904e+01
2.365697979096582344e+02 5.573900166067788930e-01 1.553044950662810564e+01
2.366089508066310145e+02 5.610720473529153818e-01 1.538709412830141154e+01
2.365868721053305705e+02 5.420102067645096167e-01 1.553209782493893165e+01
2.365637192443129209e+02 5.387731208384738402e-01 1.538789300650113745e+01
2.365708799345616455e+02 5.388686266710711603e-01 1.537454129110402512e+01
2.366105081135013677e+02 5.465720147685725339e-01 1.536096373250276947e+01
2.366203306074845045e+02 5.360259236537610050e-01 1.541748071343980619e+01
2.366357092937287518e+02 5.481135912664972798e-01 1.533113557558556295e+01
2.366590542900096352e+02 5.666417227903882692e-01 1.529331077148487950e+01
2.367503466299924355e+02 5.754619673302636684e-01 1.542665489135930557e+01
2.368175074550729278e+02 5.963631378946918637e-01 1.537494466279699523e+01
2.368671974543763099e+02 5.980013438232445466e-01 1.534572774320841226e+01
2.369088076602419335e+02 6.000215730821867322e-01 1.529972089824920900e+01
2.369499156177878945e+02 5.966844869314312794e-01 1.544361897442466081e+01
2.369618448580783365e+02 5.878282872545781412e-01 1.539352447983029215e+01
2.369797134375582743e+02 5.970754990460652722e-01 1.539136492441556037e+01
2.369602942927961635e+02 5.957159454290908984e-01 1.514083851873824393e+01
2.369634448616738496e+02 5.956080800181573487e-01 1.510535866372733338e+01
2.370316562509129312e+02 5.862001937083004544e-01 1.518312737781433164e+01
2.371198901570565454e+02 5.970159483504456910e-01 1.509004626976689778e+01
2.371005923608817056e+02 5.975372978366243482e-01 1.486812329915348130e+01
2.370918811053508080e+02 5.850069325998484837e-01 1.499307414173964403e+01
2.371075710282495095e+02 5.869148020557349854e-01 1.481512542724815162e+01
2.371809206312823051e+02 5.863878345794035774e-01 1.481548610221596007e+01
2.372721376901970700e+02 5.955968440378517359e-01 1.480150854271582617e+01
2.374180548720334230e+02 6.058766424194211853e-01 1.473328479389841306e+01
2.374927696466733664e+02 6.071788925368372114e-01 1.471466677453207694e+01
2.377380555911361739e+02 5.967440376270508606e-01 1.475357585073224875e+01
2.378709199346515391e+02 6.099935056033833902e-01 1.477089386717722874e+01
2.379467043746165587e+02 6.087260870249147082e-01 1.477552196746509594e+01
2.380970092067622659e+02 6.028609053054051481e-01 1.446999768538805675e+01
2.380740923013310066e+02 6.060732720747686875e-01 1.452875624439605495e+01
2.381262384859291785e+02 5.938889750314045868e-01 1.436743678075680997e+01
2.382297398421119965e+02 5.935777383769401672e-01 1.425904215515090989e+01
2.383765626439609946e+02 5.914754864617672858e-01 1.441786947835837829e+01
2.387600230562315744e+02 5.489765145539653446e-01 1.432719062290027701e+01
2.390032269735437467e+02 5.579226020732630520e-01 1.434241762341038928e+01
2.392014060705754446e+02 5.406944734707268552e-01 1.446671790273686042e+01
2.392641489081997861e+02 5.528136018283187347e-01 1.446412126768824180e+01
2.392992096611453121e+02 5.507922489713460434e-01 1.420137348623255313e+01
2.392904354841246857e+02 5.457506646082350699e-01 1.431449284155694812e+01
2.393024276459048281e+02 5.389214357785073739e-01 1.413427782983782066e+01
2.392884770527574290e+02 5.407113274411852188e-01 1.405082146252014041e+01
2.392149476740397063e+02 5.400079550740563006e-01 1.401059552942815678e+01
2.389772403982930200e+02 5.171472295443360068e-01 1.382224679156582425e+01
2.387749174717246490e+02 5.146483475243764927e-01 1.374791965824642226e+01
2.385705866754756812e+02 5.106921588587839400e-01 1.367628017141611529e+01
2.385160326202980343e+02 5.133146366621048617e-01 1.372736006148328336e+01
2.384559751819666928e+02 5.084505807878220152e-01 1.359604403605401401e+01
2.384030638271097189e+02 5.116854195177966691e-01 1.356906757093836191e+01
2.380261438789750059e+02 4.008750581461980600e-01 1.323649828426580655e+01
2.380032078723772315e+02 4.219503864053626985e-01 1.328054220346562531e+01
2.379988730311753500e+02 4.422111060923732406e-01 1.342121555329337745e+01
2.380218337569297944e+02 4.406257092712567713e-01 1.366300486068507958e+01
2.380856945745945552e+02 4.639965483068501095e-01 1.375742866837902945e+01
2.380970912294184814e+02 4.785021988813458194e-01 1.372712410589686804e+01
2.381671138586828249e+02 4.942359421032406774e-01 1.380534675358821062e+01
2.381773015220258856e+02 5.005415742507286492e-01 1.380017932624567756e+01
2.382217679140852056e+02 5.004089896831228623e-01 1.393932008835974834e+01
2.383309400695282534e+02 5.213022950613371842e-01 1.391272901736857825e+01
2.386178564446212249e+02 5.253899446965049069e-01 1.421848026624778960e+01
2.391895296393924468e+02 5.190719529706808721e-01 1.458242490432562732e+01
2.398395603136186764e+02 5.044202346522127511e-01 1.473783648952020187e+01
2.402152634050862900e+02 5.105910350360337580e-01 1.490509192155487916e+01
2.404130391304250054e+02 5.281337710871260027e-01 1.464394863808682778e+01
2.405700406068328334e+02 5.333068164198121464e-01 1.453715064528234890e+01
2.407771860161483630e+02 5.169989146043024730e-01 1.479756134283447899e+01
2.408139265481495386e+02 5.216135317158016038e-01 1.461512048341681691e+01
2.407785680417259471e+02 5.103247423027916785e-01 1.462741376946914507e+01
2.407289016379812097e+02 5.144045267517455278e-01 1.442614028346131150e+01
2.406897037970871907e+02 5.144157627320510295e-01 1.430818271501733641e+01
2.406005698889210862e+02 5.008404513268569502e-01 1.415720035325922055e+01
2.405517304533268543e+02 4.939539189975707956e-01 1.412249241009530287e+01
2.405038898963817928e+02 4.946752689331886388e-01 1.408360355865968216e+01
2.404864314301829893e+02 4.950202135285697302e-01 1.404049110222719676e+01
2.405026797813028736e+02 5.064359695190325805e-01 1.394439987505589862e+01
2.405052955175180216e+02 4.933865019921392925e-01 1.400661799239998295e+01
2.405149629549729298e+02 5.039427054892258173e-01 1.381563666435205384e+01
2.405243742120768786e+02 4.917235769069143725e-01 1.404914393066051836e+01
2.405321011957330199e+02 5.022516904532369209e-01 1.382468162849804116e+01
2.405684450976294215e+02 5.056382149173368479e-01 1.379257818556895643e+01
2.405463506659565667e+02 5.112595758642154431e-01 1.378292647848646801e+01
2.405286157946422350e+02 5.136078957480803009e-01 1.391471666228463455e+01
2.405314450144831824e+02 5.207303836637835470e-01 1.374296908532378758e+01
2.405534585470978470e+02 5.085123786795026080e-01 1.373454434729066875e+01
2.405373630053101124e+02 5.068191164474527000e-01 1.388633682322881668e+01
2.405624439605482223e+02 5.136404800909665225e-01 1.380468383075018224e+01
2.405578315906327873e+02 5.269652291353463802e-01 1.364926438036939338e+01
2.405706147654264271e+02 5.187225139831774801e-01 1.357620017123634071e+01
2.406340418742514089e+02 5.296708531929285035e-01 1.345393023355108575e+01
2.406586082215915212e+02 5.241775824215335611e-01 1.368335996260665688e+01
2.406614823853536791e+02 5.272225330843439695e-01 1.366912285196146470e+01
2.406338261434295305e+02 5.237562331600744692e-01 1.348131119395773858e+01
2.405622001397755980e+02 5.193124029492200977e-01 1.330864900820001928e+01
2.405072000161798087e+02 4.994573021512407895e-01 1.357013948345951349e+01
2.403586536149519475e+02 5.051258542154026809e-01 1.325086011429239186e+01
2.402870748024152761e+02 4.959617886781768070e-01 1.323061849577189975e+01
2.401867858130018192e+02 4.882527825905226826e-01 1.311348452468432590e+01
2.401564902393039063e+02 4.875325562529354007e-01 1.326215789248964683e+01
2.401683172321735640e+02 4.886078395681788256e-01 1.305742934253784782e+01
2.400851541239418623e+02 4.814066997903366230e-01 1.288798963593176694e+01
2.400128281187148787e+02 4.774100615956440308e-01 1.292937961658340740e+01
2.399825134438504222e+02 4.789797280443326977e-01 1.304722482522432614e+01
2.399640459866201923e+02 4.801932139173346603e-01 1.292275151180115067e+01
2.399818875997474095e+02 4.911381823329940000e-01 1.289989752785961308e+01
2.400236079182200513e+02 4.963483064006885548e-01 1.279629504785403959e+01
2.400878799727639716e+02 4.945887518848356978e-01 1.294334256930914506e+01
2.401322373758143272e+02 5.105966530261866199e-01 1.278493659536313487e+01
2.402415769473639386e+02 5.010393281782655750e-01 1.285478956132485706e+01
2.402839343459198744e+02 5.046820329933325855e-01 1.303855739001660652e+01
2.404894460436989618e+02 3.849547976512306957e-01 1.280277483769626379e+01
2.405200416180710477e+02 3.938211097103588854e-01 1.278911300924271721e+01
2.405191247620781212e+02 4.516032620298023326e-01 1.262988343794030932e+01
2.405002584275470383e+02 4.720853305288326696e-01 1.278167254308436718e+01
2.404985865136775658e+02 4.793269198357749117e-01 1.276804891696385802e+01
2.405204449897640302e+02 4.702572365331157966e-01 1.291083463108905782e+01
2.404948112242948923e+02 4.618527232645466829e-01 1.292000094382234643e+01
2.404592886725588130e+02 4.573257467994309988e-01 1.286913341378295250e+01
2.403907199791460130e+02 4.438167276780397019e-01 1.277736466823520978e+01
2.402324196234148701e+02 4.217773523086568721e-01 1.273482637039633758e+01
2.400657439679639822e+02 4.143548637187948747e-01 1.270962519016896586e+01
2.399858190692563369e+02 4.255290461326879381e-01 1.255294281560183300e+01
2.399319728808379466e+02 4.271436565025988896e-01 1.268167681275688174e+01
2.399531920296450096e+02 4.299380448045950764e-01 1.257621927240285942e+01
2.399764763516322432e+02 4.591605823833311839e-01 1.255605855294056816e+01
2.399791336609745258e+02 4.722370162629578871e-01 1.244260661259913014e+01
2.399111627217139926e+02 4.596763138793570347e-01 1.239287953456075186e+01
2.398206434171762282e+02 4.540448405502034990e-01 1.246095384484010005e+01
2.396720689259975927e+02 4.440818968132512756e-01 1.237602444050436112e+01
2.394132627264330893e+02 4.523909042492230137e-01 1.224308593951896462e+01
2.392300791687172250e+02 4.566617003633716143e-01 1.227162982388724544e+01
2.390652271128699056e+02 4.688976829161413673e-01 1.218209366762621926e+01
2.389234627493544849e+02 4.767864646886846858e-01 1.211747779208492659e+01
2.387568747345499673e+02 4.791291665823967927e-01 1.197392466050485460e+01
2.385138562109128202e+02 4.838527727028599790e-01 1.199794718639817148e+01
2.382412039128177810e+02 4.796168081276587225e-01 1.186430756024170918e+01
2.380543259647774619e+02 4.889595257517432847e-01 1.194063582165353132e+01
2.379799684943112368e+02 5.074449605504731675e-01 1.192287735478057265e+01
2.379472942635826200e+02 5.043089984471875731e-01 1.208920020044988952e+01
2.378230658945300888e+02 4.970325776012979868e-01 1.200002022476454933e+01
2.377983995469652712e+02 5.026123654210459257e-01 1.200590113685648674e+01
2.377449421234654494e+02 5.010280921979599622e-01 1.193869649145278977e+01
2.376854004166301593e+02 5.043606839565931699e-01 1.187795478192085774e+01
2.375778900626742995e+02 4.928213321827689675e-01 1.196495947181903752e+01
2.374801123148591273e+02 4.958471816790599451e-01 1.194393582906927875e+01
2.376838015366326715e+02 5.110899125616013006e-01 1.185052101240676947e+01
2.378790963575198987e+02 5.183663334074908313e-01 1.210700810563619179e+01
2.378872031173103778e+02 5.314899584044009417e-01 1.194993471895442383e+01
2.379048952918995212e+02 5.279944449313369592e-01 1.206483834795134413e+01
2.379055121472183032e+02 5.167584646257632475e-01 1.214709695976844905e+01
2.378091838408625733e+02 5.165741945487517528e-01 1.208784514122503673e+01
2.376543037175364361e+02 4.933404344728864466e-01 1.195612574410279549e+01
2.371565329360290661e+02 4.806156867768242025e-01 1.201227980287596075e+01
2.362068499030334863e+02 4.968595435045921604e-01 1.182048049546178703e+01
2.354853741244362482e+02 5.120033977604444564e-01 1.163504861808678292e+01
2.346465126887925692e+02 5.041775374776122920e-01 1.128637704803831099e+01
2.342256724172413840e+02 4.935022325892867157e-01 1.116149137413791870e+01
2.338021276452306552e+02 4.885775024213537820e-01 1.107156308216423035e+01
2.336238328625457541e+02 4.914235762327555657e-01 1.113407782938838153e+01
2.336872183982436013e+02 5.000269663527333597e-01 1.101337531095575528e+01
2.337877691859981724e+02 5.075404663830704877e-01 1.115834529965235866e+01
2.339300931013328011e+02 5.278674783538839232e-01 1.112265757900579466e+01
2.342162465533630495e+02 5.384764909584066617e-01 1.109527437140308237e+01
2.344823932188611764e+02 5.259112941826835641e-01 1.115233629738493804e+01
2.345969024649493520e+02 5.308416423407693596e-01 1.132562769803977076e+01
2.346486756150013946e+02 5.343888413232389389e-01 1.141394475043764167e+01
2.346828723210613816e+02 5.333337827725455060e-01 1.124457245971339248e+01
2.346279283773671409e+02 5.190416158238557731e-01 1.132827826579385544e+01
2.345872754770235531e+02 5.149719437571770309e-01 1.130830968159479077e+01
2.346068901278429735e+02 5.025865226663430718e-01 1.139276829835572613e+01
2.346204519560718040e+02 3.998829210852159477e-01 1.140111775532079896e+01
2.346562239465706625e+02 4.132829511976431336e-01 1.142711444295380474e+01
2.346342969310043429e+02 4.480953889784021760e-01 1.140113573288928706e+01
2.346252148881233381e+02 4.693291445598753997e-01 1.143941671779037783e+01
2.345725215112842932e+02 4.446470666226216006e-01 1.151910790810765839e+01
2.345614428347030014e+02 4.489571886678396795e-01 1.148107748556738272e+01
2.344802145622799117e+02 4.392773916345879548e-01 1.149567302398432389e+01
2.344118323861401905e+02 4.378459277436578256e-01 1.152314162503735950e+01
2.343000647192465635e+02 4.368481726925229069e-01 1.149731235351090675e+01
2.341374351403036940e+02 4.405290798406288344e-01 1.144771111845195222e+01
2.338628884559291237e+02 4.536156261025305891e-01 1.147334937831320900e+01
2.336034283223108332e+02 4.694033020298922221e-01 1.154572706904959389e+01
2.332653455401023450e+02 5.098179995910102624e-01 1.119834089514807829e+01
2.329953516749475853e+02 5.225213989244920088e-01 1.109605302483825895e+01
2.327261319688358867e+02 5.338135591315935624e-01 1.115555428214445399e+01
2.325463866210935180e+02 5.366540149528425951e-01 1.108884739066829361e+01
2.324163031827037855e+02 5.435574012525871135e-01 1.105026865228910715e+01
2.323187973456120119e+02 5.460540360764856160e-01 1.099035391090766467e+01
2.322764062391151469e+02 5.445214483628053603e-01 1.105031247261229765e+01
2.323098355277202813e+02 5.414416661610476078e-01 1.111321823195108216e+01
2.323008096647408252e+02 5.403394164930708232e-01 1.122061285530978658e+01
2.323015377562646222e+02 5.409236874689605790e-01 1.103830345686170133e+01
2.323296366958128090e+02 5.327618713749918689e-01 1.115996777520848404e+01
2.323852435623450958e+02 5.384371650273371834e-01 1.119083413670592542e+01
2.324136908172827418e+02 5.352023262973624185e-01 1.117245544372009824e+01
2.324063548457412196e+02 5.398967188690311225e-01 1.128747367971613436e+01
2.323179625122753009e+02 5.335315360259236250e-01 1.119862628904784074e+01
2.322559500133708070e+02 5.241854476077474345e-01 1.119182402657084552e+01
2.322167173409378336e+02 5.215011719127459200e-01 1.101745846619879998e+01
2.322039083233894985e+02 5.249169099256403292e-01 1.107831815352393967e+01
2.322141173350951249e+02 5.227247701680228786e-01 1.107150802586073191e+01
2.322282735466821180e+02 5.194708302715287385e-01 1.113798345614259766e+01
2.321651340789529741e+02 5.323506344958078840e-01 1.094685718394872787e+01
2.320757664623965582e+02 5.241281441081889758e-01 1.105166528464108922e+01
2.319561482160634114e+02 4.698437524578706892e-01 1.099262133173333034e+01
2.319235088168737491e+02 5.074370953642592941e-01 1.095946732464567397e+01
2.318904525628147439e+02 5.152168881278385015e-01 1.090646832914231190e+01
2.318879019952853753e+02 5.080809170357686311e-01 1.084292661331823204e+01
2.318922851512026000e+02 5.085258618558693433e-01 1.094830213101602467e+01
2.319165840822114149e+02 5.018707907208780350e-01 1.103471131395800953e+01
2.319138256490464016e+02 5.063629356470463749e-01 1.101173935222326428e+01
2.319339785033224928e+02 5.044472010049461108e-01 1.104316863633401447e+01
2.319460942608859852e+02 5.090483349400785062e-01 1.097587073229377985e+01
2.319732482544904713e+02 5.092359758111816292e-01 1.112716433070636057e+01
2.319880348045726066e+02 5.129472201061126002e-01 1.103075849608650749e+01
2.320017898916626677e+02 5.188865592956388717e-01 1.108550918091950699e+01
2.320104112593511445e+02 5.244730887035701228e-01 1.113527783208501631e+01
2.320463360591821527e+02 5.236371317688354177e-01 1.107780804001806807e+01
2.321034339403009881e+02 5.393281782655691137e-01 1.098387187386937924e+01
2.321011294407403227e+02 5.238371322182746592e-01 1.115429697594826131e+01
2.320765990485371901e+02 5.270112966545992261e-01 1.117297117521612471e+01
2.320558978784222006e+02 5.126326126575565523e-01 1.124458144849763741e+01
2.320178292535488822e+02 5.113629468830267477e-01 1.110766428688603824e+01
2.319818729929730239e+02 4.998011231485913197e-01 1.116035092213690305e+01
2.319687729635347466e+02 4.935089741774700833e-01 1.112946545947294297e+01
2.318721615104753084e+02 4.907449230222989400e-01 1.093879761527553995e+01
2.317400095281113011e+02 4.937359409796426291e-01 1.087025139382335759e+01
2.316657430690855506e+02 4.965977451634722706e-01 1.090140989080874334e+01
2.316674284661313834e+02 4.805156865521046372e-01 1.087511657329567072e+01
2.316889015480933551e+02 4.955954957202151068e-01 1.089485481989847138e+01
2.314476560621484680e+02 3.995368528918042395e-01 1.053601918206557819e+01
2.314916078463097620e+02 4.117346331115350755e-01 1.067329589504695520e+01
2.314711898228984808e+02 4.706066755206191332e-01 1.059369796336621050e+01
2.314732066813633367e+02 4.719190380203101554e-01 1.071552745062348500e+01
2.314996146058755073e+02 4.826763655648664275e-01 1.067909366088463052e+01
2.315137910422270693e+02 4.841909757100577583e-01 1.079380740181438547e+01
2.315250405057090006e+02 4.808538895593023610e-01 1.078942536949521269e+01
2.315369292964703334e+02 4.819595100213708294e-01 1.078023658480131353e+01
2.315739170200382375e+02 4.995022460724630742e-01 1.061303957986422475e+01
2.316322418702064567e+02 5.191876835678282953e-01 1.058050355169337386e+01
2.316292823129939507e+02 5.222809489459526722e-01 1.055612259802830977e+01
2.316061069800156815e+02 5.174270054539448216e-01 1.069441616722734167e+01
2.316186519520268519e+02 5.153719446560554029e-01 1.070814765875878294e+01
2.316411508789907430e+02 5.326405227876916948e-01 1.068154872258139854e+01
2.316042912455983185e+02 5.222596005833720634e-01 1.072261960139236336e+01
2.314567437230195992e+02 4.909629010402270510e-01 1.077597927186353211e+01
2.311529621414879614e+02 4.641976723543199124e-01 1.064801718655547624e+01
2.308229198267861193e+02 4.732864568234984581e-01 1.043975042640545325e+01
2.307027487702219446e+02 4.801831015350596088e-01 1.053501131463216822e+01
2.306651194721785885e+02 4.815426551520340381e-01 1.052845512012386564e+01
2.306380598608086814e+02 4.895235719630830484e-01 1.053628772199488139e+01
2.306570868698581478e+02 4.796066957453836710e-01 1.056881251418542433e+01
2.307271083755244376e+02 4.877853658098108003e-01 1.058123726120732933e+01
2.307230701642026247e+02 5.015033741648857735e-01 1.053479670740833107e+01
2.306789846718756678e+02 5.016842734478055288e-01 1.049634605920462782e+01
2.306614823853536791e+02 4.926561632722770145e-01 1.066307227656691303e+01
2.306226081406924493e+02 4.941269530942766219e-01 1.059727100510338182e+01
2.305125842979422544e+02 4.876213204973494086e-01 1.074885336820981685e+01
2.304351953599895637e+02 4.913157108218220714e-01 1.067393409872831178e+01
2.303641749756741035e+02 4.590122674432976502e-01 1.074671516115766501e+01
2.303269715212843209e+02 4.953393153692480233e-01 1.075869159256537699e+01
2.302958815637788064e+02 4.963381940184135033e-01 1.077819613077782179e+01
2.302901748093815968e+02 5.064943966166216560e-01 1.067060712495983132e+01
2.303052197870107705e+02 5.059483279737707617e-01 1.059034514684302586e+01
2.303024636010418078e+02 5.070359708673503052e-01 1.072159038559637168e+01
2.302900714383627871e+02 5.169899258200579828e-01 1.072452747084824942e+01
2.302862444634706947e+02 5.212022948366176189e-01 1.071810835529967498e+01
2.302783478165119391e+02 5.180989170762181351e-01 1.074799493931447003e+01
2.302117926107699191e+02 5.108550805732148259e-01 1.071505891024474266e+01
2.301369812066993461e+02 5.040966384194122130e-01 1.072200724046570919e+01
2.300864383964907915e+02 4.899595279989393259e-01 1.080876586239519632e+01
2.300077191184699359e+02 4.978044894482909211e-01 1.068691390317731127e+01
2.299781145575608150e+02 4.989280874788482589e-01 1.062022836006373083e+01
2.299747156735183751e+02 5.113910368337906132e-01 1.055810462495421298e+01
2.299775965788687131e+02 5.151483486479745411e-01 1.042549309099570998e+01
2.299165335203000495e+02 5.083730525237135645e-01 1.067685095921563843e+01
2.298575356349115282e+02 4.864763741042114620e-01 1.077197139768853340e+01
2.298352928882986248e+02 5.219202739781437783e-01 1.056854397425612113e+01
2.298317434421200858e+02 5.132539623684547747e-01 1.058951143710435261e+01
2.298755087090083293e+02 5.171180159955415245e-01 1.057705298214153267e+01
2.300075191180204968e+02 5.187584691201553300e-01 1.056667992512342735e+01
2.301070508023613570e+02 5.245101674385784785e-01 1.057250690450989694e+01
2.301936397609882192e+02 5.321101845172685474e-01 1.065745990440427882e+01
2.302193791446722457e+02 5.395214371268249876e-01 1.065007224735336422e+01
2.303673659940808989e+02 5.387405364955876186e-01 1.075283315243405013e+01
2.304273492749422019e+02 5.219685886934577468e-01 1.090337506376418908e+01
2.304467796556846224e+02 5.595349652471128810e-01 1.075353203040905647e+01
2.304045424821179324e+02 5.559720358922154437e-01 1.066019586560868682e+01
2.303683075692304953e+02 5.202191465598798858e-01 1.080726922981849469e+01
2.303144827291746708e+02 5.337764803965852067e-01 1.079176807138892435e+01
2.299129683437490996e+02 4.105559787774804015e-01 1.045763248906177267e+01
2.298972548252917534e+02 4.178279052312476871e-01 1.061834745696057780e+01
2.298506884285133367e+02 4.641931779621976673e-01 1.057533837154690204e+01
2.298583221535329244e+02 4.682639736269070263e-01 1.074372751399441306e+01
2.298604041806835596e+02 4.700763372501960413e-01 1.078659839685033006e+01
2.298474985337045666e+02 4.923145894709875514e-01 1.080577147364376067e+01
2.298645693585828269e+02 4.833617603635064208e-01 1.079109840696271228e+01
2.298565277674781271e+02 4.851055845069314754e-01 1.083018501165171088e+01
2.298290850091798063e+02 4.912381825577136207e-01 1.083002096633924971e+01
2.298396659318335651e+02 4.964640369978359224e-01 1.085167607118218314e+01
2.298266827565904578e+02 5.017505657316083667e-01 1.079798943368412090e+01
2.298384198616176661e+02 5.069393414367223683e-01 1.089713909469459452e+01
2.298389681774565645e+02 5.168225097135049628e-01 1.086971206676868995e+01
2.298791008519120282e+02 5.215865653630682441e-01 1.087089858628895733e+01
2.299055391135710522e+02 5.287832107487882016e-01 1.088202333038950620e+01
2.299146189092559780e+02 5.340910878451412547e-01 1.091035822552410295e+01
2.299059200133033869e+02 5.343674929606583301e-01 1.085030415798687109e+01
2.299278739952224555e+02 5.389214357785073739e-01 1.070820608585637324e+01
2.299367976107811558e+02 5.516034867494084004e-01 1.071888026714666786e+01
2.299129144110436300e+02 5.483551648430670111e-01 1.070856114283402860e+01
2.299064908011029331e+02 5.592529421414430546e-01 1.058918896446958335e+01
2.299161526205676864e+02 5.524270841058069870e-01 1.058727997141566668e+01
2.299006582037262945e+02 5.430506585408056974e-01 1.059224964550482184e+01
2.298923020051730362e+02 5.317079364223290527e-01 1.051521801172586912e+01
2.298975728035343877e+02 5.407315522057353219e-01 1.051134496931453732e+01
2.298624817134420653e+02 5.337629972202184714e-01 1.051704385852552548e+01
2.298537805702934236e+02 5.156371137912669766e-01 1.049993258411816655e+01
2.298025636012665132e+02 5.051786633228388945e-01 1.046514598909211102e+01
2.297709286987161761e+02 5.074786684913898949e-01 1.041880431191980172e+01
2.298082579960853877e+02 5.037393342456949474e-01 1.049449774044436090e+01
2.297564679920629089e+02 4.753864615426102169e-01 1.039634583448502170e+01
2.296920532405690665e+02 5.044011334856932649e-01 1.039638516041609151e+01
2.296412396432351670e+02 5.127078937256038804e-01 1.041455486416823462e+01
2.296477744893808790e+02 5.165786889408739979e-01 1.029833999626965380e+01
2.296701003822480516e+02 5.184225133090186732e-01 1.029954449335841282e+01
2.296921105440686404e+02 5.221685891428969883e-01 1.033210524068593372e+01
2.296896633475580813e+02 5.202303825401854986e-01 1.042870096337295216e+01
2.297403106523834992e+02 5.196045384371650311e-01 1.037013116883408692e+01
2.298258659008222367e+02 5.290719754426413957e-01 1.042388634581201323e+01
2.298644255380349080e+02 5.315034415807675661e-01 1.037029970853867056e+01
2.299198829660291494e+02 5.157034060750698146e-01 1.039451998768536534e+01
2.299360403057085591e+02 5.453371805329899624e-01 1.031054564167559917e+01
2.299352976074103481e+02 5.445641450879664669e-01 1.033776817475994392e+01
2.299069514762954611e+02 5.528248378086242365e-01 1.039872561511374194e+01
2.299216987004465125e+02 5.387214353290681323e-01 1.042819197346510940e+01
2.299502448320108670e+02 5.640518293299535690e-01 1.035395585158618381e+01
2.299184380189618366e+02 5.713990368517681828e-01 1.031706925184101564e+01
2.298996447183027385e+02 5.664967786444463638e-01 1.030819956898779566e+01
2.299240571327126474e+02 5.279562425982979867e-01 1.027427027925905456e+01
2.298767772511848477e+02 5.378978379726696568e-01 1.024061627104780037e+01
2.298333254681471089e+02 5.371674992528072679e-01 1.001311463621266640e+01
2.298223445445944719e+02 5.031213553288883533e-01 1.019551729329728751e+01
2.298075490057281058e+02 5.187798174827359388e-01 1.025656911588565379e+01
2.298012489915707590e+02 5.206831925465000843e-01 1.019040042786613043e+01
2.298254883718839778e+02 5.162607106982263216e-01 1.015204191470093242e+01
2.298254715179135133e+02 4.922145892462679861e-01 1.020382068274310683e+01
2.298421333531086646e+02 5.235697158870019630e-01 1.024450054943943655e+01
2.298153973379715467e+02 5.024247245499428027e-01 1.030512877557028162e+01
2.297919489706718537e+02 5.313573738367951549e-01 1.014544302346746818e+01
2.298004355065966422e+02 5.322764770257910616e-01 1.021218587008060652e+01
2.297549589999078705e+02 4.071200160000359447e-01 1.008739907280690495e+01
2.297204903831244565e+02 4.354290683799289519e-01 1.001301575958597745e+01
2.297440758293838883e+02 4.732325241180317388e-01 1.016487452780792822e+01
2.297276218598244100e+02 4.878797480443776147e-01 1.023194883584008075e+01
2.297321892858186061e+02 4.865280596136171143e-01 1.027852983939289722e+01
2.297465837001880971e+02 4.861831150182360228e-01 1.031255688215029664e+01
2.297503455063944102e+02 4.936033564120368977e-01 1.016336553565288980e+01
2.297500747192690369e+02 5.015393293018636234e-01 1.004359447998759514e+01
2.297486623565446280e+02 5.006741588183344360e-01 1.005416641385710896e+01
2.297643949761684894e+02 4.987426938038063140e-01 1.011328002984276431e+01
2.297881107597994514e+02 5.134359852494050358e-01 9.983229175795900190e+00
2.298070445102123927e+02 5.092539533796704987e-01 1.006539115818237740e+01
2.298145276730958813e+02 5.157944175155450006e-01 1.003169220604990208e+01
2.297990961777442180e+02 5.049831572655218981e-01 1.006794060211371189e+01
2.297546398980671825e+02 4.938033568614760838e-01 1.004593044029312487e+01
2.297793837738961145e+02 4.867617680039730277e-01 1.019073301288317523e+01
2.297665601495733654e+02 4.901112137330645435e-01 1.015177337477162922e+01
2.297578399052582085e+02 4.927752646635161216e-01 1.007296308531030427e+01
2.297472286454576249e+02 4.905123382299735324e-01 1.006447317859141322e+01
2.297575904664954294e+02 4.814718684761089551e-01 1.014620032854006482e+01
2.297633725019606743e+02 4.791055710237551168e-01 1.018821502969669623e+01
2.297785242214027335e+02 4.874561515868575112e-01 1.016620037348398498e+01
2.298053984390976154e+02 4.860909799797302755e-01 1.022777691635262087e+01
2.298591401328991708e+02 5.066573183310524309e-01 1.012004071919262671e+01
2.299189998179771237e+02 5.003764053402367518e-01 1.035570754091582302e+01
2.299578212535309092e+02 5.392214364526661807e-01 1.023043310209685863e+01
2.299999775280393806e+02 5.428135793563581002e-01 1.030757035409068401e+01
2.300396371677239813e+02 5.466675206011698540e-01 1.030997035948395357e+01
2.300598551906858233e+02 5.538450648203704363e-01 1.019144874482864083e+01
2.300885721091508174e+02 5.482978613435086634e-01 1.032116476666239713e+01
2.301145654259897242e+02 5.466237002779781307e-01 1.035467944871786194e+01
2.301993105602484491e+02 5.474562864186212074e-01 1.040310540023685526e+01
2.302155016078687879e+02 5.600282247825275617e-01 1.023955559450695318e+01
2.302044892235713007e+02 5.629282312993961757e-01 1.025308146759880401e+01
2.302464567336106427e+02 5.395146955386416199e-01 1.033995694372346819e+01
2.302646298081568830e+02 5.637181207148780349e-01 1.030122764320818618e+01
2.302761691599307028e+02 5.532787714129694390e-01 1.031390857058105759e+01
2.302995669653190305e+02 5.523506794397290420e-01 1.031099058649570033e+01
2.303083804682707125e+02 5.524428144782347339e-01 1.030325910844743476e+01
2.303363119917123356e+02 5.498899997528083894e-01 1.030853664839696293e+01
2.303341737846601802e+02 5.231607262038791006e-01 1.035405360461484214e+01
2.302850849103031692e+02 5.237056712486994892e-01 1.039206380239056671e+01
2.302602028319164731e+02 5.231910633507041997e-01 1.043130209281369147e+01
2.302887433454906727e+02 5.073359715415091120e-01 1.045215270146674413e+01
2.303246119654201607e+02 5.088629412650365058e-01 1.037351881689621713e+01
2.303150018314647980e+02 4.799920898698648575e-01 1.037170420607686694e+01
2.302853298546738188e+02 5.006404508774177087e-01 1.038475142640769988e+01
2.302752770230944463e+02 4.963932503219108394e-01 1.053774390504248260e+01
2.302912051487756173e+02 5.068281052316971902e-01 1.047873141287957921e+01
2.302904669448695358e+02 4.874909831258047999e-01 1.042517735994912265e+01
2.302791781554565205e+02 5.108651929554898219e-01 1.044548864154750945e+01
2.303013220254427438e+02 5.056921476228036783e-01 1.049421347014262906e+01
2.303375468259479248e+02 4.940426832419848036e-01 1.054486976375227769e+01
2.303521929262762455e+02 5.167764421942521169e-01 1.055128775570282151e+01
2.303825682754343234e+02 5.228652199218425389e-01 1.051227867927793014e+01
2.304052975399944785e+02 5.225719608358670998e-01 1.061985869631167745e+01
2.304371785105135189e+02 5.080415911046991528e-01 1.075170506001137127e+01
2.304660572270948933e+02 5.435304348998537538e-01 1.069423077355230056e+01
2.304895741338744699e+02 5.269079256357879215e-01 1.061955083045130444e+01
2.305081146249766846e+02 5.552394499762920432e-01 1.059700021797801739e+01
2.305480090966496505e+02 3.968503300007416024e-01 1.059803729896022162e+01
2.306134811538902341e+02 4.146593587850759266e-01 1.064035312438904413e+01
2.306248429771752342e+02 4.723280277034330177e-01 1.050294607403612090e+01
2.306336036710194719e+02 4.806392823354659338e-01 1.060712720702743184e+01
2.306899105391248099e+02 4.942381892993018000e-01 1.078019613527221487e+01
2.307098881121081035e+02 5.074921516677565192e-01 1.078468266220822969e+01
2.307489926943655973e+02 5.166359924404324566e-01 1.082081757487095430e+01
2.307321263643289058e+02 5.176247587073229406e-01 1.072180049842808636e+01
2.306958858334513138e+02 5.105056415857114338e-01 1.072022409039121449e+01
2.306666700374607615e+02 5.013213512839355124e-01 1.075282641084586643e+01
2.306340373798592793e+02 4.993337063678794929e-01 1.067707006083159804e+01
2.305877833433333421e+02 4.959606650801462457e-01 1.064312616432845893e+01
2.305471978588715842e+02 4.942516724756684798e-01 1.063104973269602915e+01
2.305485888732334274e+02 4.916055991137058823e-01 1.062221825217584836e+01
2.305633046366396286e+02 4.881966026889947852e-01 1.059139121660947502e+01
2.305810204067874452e+02 4.958325749046627040e-01 1.051015844979426994e+01
2.306005889900876298e+02 4.897595275495000844e-01 1.055940462787556910e+01
2.306614127222757702e+02 4.959258335411989571e-01 1.052811242272454528e+01
2.307014274189380103e+02 4.969415661608228563e-01 1.061344969314537856e+01
2.307329555796754619e+02 5.130449731347710429e-01 1.039716830824338878e+01
2.307568972065105868e+02 5.222697129656470594e-01 1.039027503432592070e+01
2.307601545172011583e+02 5.214213964525763467e-01 1.043758974739269085e+01
2.307806702936411227e+02 5.234708392603129035e-01 1.050343146838532249e+01
2.307659365526664033e+02 5.315360259236537877e-01 1.045280214112840689e+01
2.307823511962948260e+02 5.208056647318308752e-01 1.055368776109609286e+01
2.307811500700001659e+02 5.230730855574956539e-01 1.048354153604839567e+01
2.307939523459603208e+02 5.218978020175326638e-01 1.040709642044139471e+01
2.308136490194359851e+02 5.236315137786826668e-01 1.046559767550039410e+01
2.308466367340151351e+02 4.830763664637448551e-01 1.063733176928487545e+01
2.308448951570677821e+02 5.215315090595709080e-01 1.057213724075784356e+01
2.308450007752826423e+02 5.136022777579275500e-01 1.050593259760134224e+01
2.307972590949642608e+02 5.075033876480621320e-01 1.053955289787168148e+01
2.307515623630614812e+02 5.042247285948957547e-01 1.037654017200038581e+01
2.306758385973901113e+02 4.933674008256198062e-01 1.040169303751244456e+01
2.306662722837579338e+02 4.934381875015449448e-01 1.050435956035856222e+01
2.306395823361400801e+02 4.966752734275807213e-01 1.051115957563949621e+01
2.305848979435908745e+02 5.121730610630585989e-01 1.046207744287065822e+01
2.305685237494915611e+02 5.148652019442739869e-01 1.046574823763648965e+01
2.305635641877846922e+02 5.112067667567792295e-01 1.047960220135326104e+01
2.305321169261054592e+02 5.108123838480536083e-01 1.049563369805325408e+01
2.304778561300137767e+02 4.961336991768520721e-01 1.052504162930703302e+01
2.304427200960002153e+02 5.076786689408290254e-01 1.042075150730675759e+01
2.303865435652664360e+02 5.086168732963445294e-01 1.048217748803929972e+01
2.303783738839862565e+02 5.213786997274151291e-01 1.044001896633475646e+01
2.303647749770224209e+02 5.221382519960718893e-01 1.047455275180393741e+01
2.303754952258319690e+02 5.173000388764918966e-01 1.048650671125103706e+01
2.303701188092557572e+02 5.226539834920976846e-01 1.048253928660513878e+01
2.303745570214764484e+02 4.980943777401746764e-01 1.061749464605538407e+01
2.304230739844359164e+02 5.289528740514023442e-01 1.049567302398432389e+01
2.304445088640648578e+02 5.224764550032696686e-01 1.052300679327369259e+01
2.304700291461329016e+02 5.161607104735066454e-01 1.066869251391576157e+01
2.304830707484735797e+02 5.175820619821617230e-01 1.066357452488657209e+01
2.304973022411286365e+02 5.238416266103969043e-01 1.062350926631295778e+01
2.305075752979220169e+02 5.216551048429322046e-01 1.052163375648035171e+01
2.305474169604875385e+02 5.103135063224860657e-01 1.073527468601053059e+01
2.305529574223762381e+02 5.090944024593313522e-01 1.056202148768873705e+01
2.305019157346420968e+02 4.926426800959103347e-01 1.069202402702028465e+01
2.304303571468699943e+02 4.745044370886226659e-01 1.080042539421436842e+01
2.303882514342728882e+02 4.951415621158699043e-01 1.073487356151362171e+01
2.303499423594210214e+02 4.819370380607597149e-01 1.073964211155530712e+01
2.300510832608612475e+02 4.054716976892082658e-01 1.057429005458439164e+01
2.300563686659970131e+02 4.111559801257980151e-01 1.067577005791024192e+01
2.300753653378996262e+02 4.689931887487387430e-01 1.059964966213407145e+01
2.300947968422401004e+02 4.731044339425481970e-01 1.081613329468156159e+01
2.300997991006721293e+02 4.809673729603886616e-01 1.082479511189912813e+01
2.301084193447625807e+02 4.847460331371531428e-01 1.077822646792464667e+01
2.301139485706709422e+02 4.878201973487580889e-01 1.071921959375189637e+01
2.301270991620205848e+02 4.959460583057490046e-01 1.073265670259933202e+01
2.301439621212632005e+02 4.913044748415165142e-01 1.080072876568261897e+01
2.301818622064319300e+02 5.095651900341349183e-01 1.086361991824700723e+01
2.302020869709819522e+02 5.136494688752109017e-01 1.078458041478744889e+01
2.302273218591502371e+02 5.360090696833026414e-01 1.074270616338463746e+01
2.302039532673107090e+02 5.341708633053108279e-01 1.071656116081159738e+01
2.302421623419378420e+02 5.280135460978564454e-01 1.086257160128449684e+01
2.303475030280966962e+02 5.427956017878692307e-01 1.078957143723918399e+01
2.304378661525082066e+02 5.702237533118051926e-01 1.079819280492765188e+01
2.305208517322510886e+02 5.813024298931008804e-01 1.074701628542985432e+01
2.305991339306380326e+02 5.784417493073018557e-01 1.086080418158243077e+01
2.306621958701030906e+02 5.736642104813718390e-01 1.109163391378407582e+01
2.306436194238638677e+02 5.864271605104730556e-01 1.088117164308234486e+01
2.305741451104384510e+02 5.711754408436873209e-01 1.088325254663493702e+01
2.305321663644187993e+02 5.617023858480580945e-01 1.091951892026723669e+01
2.305344641223912845e+02 5.623574434998730442e-01 1.094486841543464095e+01
2.305649945280775910e+02 5.709608336198508383e-01 1.090549641684587989e+01
2.306297766961274078e+02 5.838215366776104975e-01 1.095114595763136478e+01
2.306875240169079007e+02 5.786664689134133344e-01 1.097408421142519508e+01
2.307358803053490135e+02 5.784529852876073575e-01 1.103795626507025851e+01
2.308092782230971238e+02 5.960676316126553020e-01 1.093183580187820603e+01
2.308625704776864609e+02 5.938676266688239780e-01 1.098601232811759054e+01
2.308902458207771247e+02 5.881676138598064263e-01 1.094688190310539966e+01
2.308870694091447433e+02 5.849788426490846183e-01 1.090347056959678618e+01
2.309133998053928281e+02 5.822754657875636175e-01 1.093788300647866585e+01
2.309576785565810155e+02 5.888900873934548308e-01 1.077102532814680558e+01
2.310066797902916562e+02 5.808574850730001682e-01 1.091647396960442684e+01
2.310454405515517919e+02 5.920732406140238879e-01 1.084597493477513375e+01
2.310932856028889830e+02 5.809619796898419786e-01 1.093468075209157853e+01
2.311107800242247663e+02 5.754878100849665223e-01 1.083260074741740908e+01
2.311543902345848096e+02 5.846777183768951947e-01 1.078713884750302832e+01
2.311679745347742312e+02 5.279966921273980818e-01 1.088162670028471979e+01
2.311805532147263307e+02 5.667686893678413051e-01 1.085180079056357449e+01
2.312374387358173919e+02 5.733496030328157911e-01 1.079540852900793091e+01
2.312917163858795107e+02 5.751293823132186400e-01 1.080807934399852499e+01
2.312477747141004727e+02 5.657529567482174615e-01 1.084753898323367061e+01
2.312361567104645133e+02 5.572428252647758651e-01 1.088755367989591072e+01
2.311891846947970635e+02 5.535686597048532498e-01 1.096557745073584478e+01
2.311726498261793949e+02 5.440618967683072960e-01 1.102352477196578029e+01
2.311615295764709685e+02 5.479619055323720067e-01 1.095390888518850581e+01
2.311992150544158449e+02 5.490652787983792971e-01 1.101181126249721842e+01
2.312140487956152697e+02 5.519327009723616895e-01 1.101507756197204912e+01
2.312075105786754534e+02 5.440585259742156676e-01 1.106295856844622172e+01
2.312270162404859377e+02 5.391124474437021252e-01 1.104691134137380004e+01
2.312361398564940487e+02 5.447663927334668310e-01 1.097889096379991791e+01
2.312101712588118119e+02 5.440922339151323950e-01 1.100001685397045748e+01
2.311917004307874777e+02 5.469675212753286608e-01 1.099799325391742499e+01
2.311713329692875618e+02 5.588765368012063028e-01 1.099140559866426692e+01
2.311677576803543275e+02 5.555315854642369766e-01 1.099780561304632087e+01
2.311603217085880999e+02 5.588338400760450853e-01 1.102982928051523714e+01
2.312379162649803845e+02 5.619585661990251779e-01 1.114883741311778209e+01
2.312870736788172508e+02 5.442023465221270673e-01 1.116236216261160052e+01
2.312525646125047558e+02 5.639282335465922724e-01 1.100205618439592037e+01
2.312326218710603882e+02 4.001773037692219481e-01 1.107078892312117624e+01
2.313118366558126979e+02 4.264694976842644536e-01 1.107795635495810060e+01
2.312977321297351239e+02 4.823078254108436047e-01 1.109338110872159255e+01
2.312835073786682756e+02 4.848156962150476645e-01 1.110595978867368316e+01
2.312680073438367288e+02 4.798898424490841697e-01 1.108183613895761610e+01
2.312369746898307596e+02 4.610077775455675431e-01 1.121820386113227208e+01
2.312189162222836387e+02 4.586111429463886613e-01 1.121345328865907476e+01
2.312054622594657474e+02 4.539392223353310718e-01 1.123561176541969786e+01
2.311906577318151221e+02 4.593111445194258957e-01 1.119849595167629630e+01
2.311612677781298260e+02 4.567639477841523021e-01 1.118328018714648842e+01
2.311530812428792103e+02 4.586223789266942186e-01 1.116370935665023900e+01
2.311585621540722570e+02 4.760448899885168506e-01 1.099311908566086693e+01
2.311329632201420736e+02 4.652201465621271237e-01 1.105920799822022005e+01
2.311487115701383459e+02 4.713864525538259409e-01 1.103360344629987999e+01
2.311726790397281661e+02 4.760460135865474118e-01 1.099605841810880413e+01
2.312262847781680364e+02 4.737830871530048227e-01 1.116408688558850670e+01
2.312046892240207399e+02 4.853538996716846299e-01 1.098393928975121270e+01
2.311936296486059632e+02 4.900381798610783379e-01 1.081810183843109741e+01
2.312438140310427741e+02 4.828932199847640327e-01 1.093999424717808289e+01
2.312382207600466586e+02 4.897235724125222900e-01 1.092103015961833634e+01
2.312470241506160562e+02 4.946831341194025122e-01 1.088842446836959255e+01
2.312751410677327328e+02 5.012842725489270457e-01 1.087453454951584142e+01
2.312905096415946957e+02 5.059584403560457577e-01 1.079514335987271956e+01
2.312978995458416875e+02 5.019550605731698534e-01 1.074411290811889508e+01
2.313347558084400077e+02 5.184135245247741830e-01 1.070082404679560995e+01
2.313479951640340744e+02 5.166786891655936742e-01 1.073205445405495340e+01
2.313102029442762841e+02 5.217607230578046318e-01 1.063461715644304739e+01
2.312724815111943997e+02 5.043045040550653280e-01 1.071914880707597106e+01
2.312093465378573853e+02 4.992033689963348286e-01 1.069094424931292053e+01
2.312022206791475867e+02 4.934190863350254586e-01 1.077068712513960769e+01
2.311515778687142983e+02 4.891527846129991031e-01 1.074019379818830977e+01
2.311017384308728708e+02 4.705302708545412438e-01 1.073767581500183077e+01
2.310297146735161107e+02 5.013786547834938601e-01 1.074520167461050413e+01
2.310166977903321026e+02 5.008292153465513374e-01 1.073868930042539382e+01
2.310115966552733937e+02 5.018719143189085408e-01 1.063208681367823338e+01
2.310593866503070899e+02 4.979516807902938935e-01 1.077649500335955857e+01
2.310564720370158227e+02 5.081123777806242359e-01 1.063996211227440902e+01
2.310827889500875187e+02 5.128078939503234457e-01 1.075554776527587642e+01
2.311108530580967511e+02 5.267978130287933602e-01 1.061740700540900129e+01
2.311486239294919756e+02 5.290618630603663997e-01 1.062621713756660213e+01
2.312043498974155114e+02 5.262820815327674540e-01 1.068095995721338731e+01
2.312124914887449165e+02 5.297742242117398082e-01 1.071052294499538249e+01
2.312133869963752772e+02 5.299292807399567096e-01 1.073557356308665867e+01
2.312311904071694642e+02 5.335517607904737281e-01 1.063432165016101116e+01
2.312605668776783716e+02 5.295124258706199738e-01 1.071760610698001592e+01
2.313238760087101298e+02 5.210034179852089942e-01 1.083276254553381079e+01
2.313266389362672726e+02 5.327955793159085962e-01 1.071321171508250636e+01
2.313633716030822427e+02 5.273247805051247683e-01 1.072368252512927000e+01
2.313835289517504634e+02 5.279573661963284925e-01 1.075053202366746952e+01
2.314007289904022286e+02 5.338944581897936414e-01 1.074585448506625873e+01
2.314271110721597040e+02 5.460731372430049912e-01 1.072788927615567722e+01
2.314069346223249966e+02 5.160180135236258625e-01 1.081963779693886885e+01
2.313719098245164503e+02 5.384798617524982900e-01 1.068852177195903863e+01
2.313258130917148208e+02 5.410484068503524924e-01 1.054418212175757752e+01
2.313200580226022964e+02 5.235236483677491170e-01 1.063894750325281713e+01
2.313293670322854609e+02 5.116045204595965901e-01 1.069685437495365221e+01
2.313058242827511890e+02 5.191056609115975995e-01 1.048116063182164481e+01
2.313326322081622664e+02 4.977865118798019961e-01 1.055698102692365659e+01
2.313458423502075334e+02 5.229326358036759936e-01 1.056448104377762576e+01
2.313998548311344621e+02 5.140741889307616219e-01 1.056911026766352357e+01
2.315541225935339185e+02 3.881446924599830650e-01 1.069388582895691897e+01
2.315902900905395256e+02 4.001121350834496160e-01 1.062189577954107733e+01
2.315608978896581789e+02 4.587886714352167328e-01 1.053896188530760725e+01
2.315282450072921563e+02 4.717055543945042340e-01 1.070082067600151987e+01
2.315345596282238887e+02 4.765864642392454997e-01 1.073061400137977905e+01
2.315533495580888825e+02 4.841482789848965962e-01 1.064861943509985487e+01
2.316273103984503337e+02 4.937775141067732854e-01 1.070077123768817451e+01
2.316332250184831878e+02 4.957494286504014469e-01 1.076841858071591140e+01
2.317035319180492650e+02 5.011325868148018836e-01 1.079134896932352738e+01
2.316966094305829813e+02 5.138247501679779061e-01 1.056445632462095396e+01
2.317845118753075724e+02 5.229157818332176300e-01 1.058655974507807862e+01
2.317865714304975882e+02 5.253371355890686933e-01 1.048272130948608805e+01
2.318014377560398884e+02 5.204000458427996412e-01 1.057656983498839409e+01
2.318079299054604689e+02 5.111112609241817983e-01 1.066037564129357662e+01
2.318157928444782954e+02 5.043045040550653280e-01 1.066874869381728885e+01
2.317423511064069714e+02 5.131517149476740869e-01 1.059243054478774049e+01
2.317349319886112085e+02 5.257955635855361409e-01 1.061071373194097056e+01
2.317247937635814878e+02 5.248966851610902262e-01 1.065468237007274155e+01
2.316660082382207690e+02 5.112371039036043285e-01 1.070121505891024505e+01
2.315955766192732881e+02 4.984258391591891435e-01 1.076432868388468300e+01
2.315562529353998684e+02 4.940865035651765269e-01 1.062697556623722761e+01
2.315658147546398880e+02 4.949808875975001965e-01 1.055802709669010575e+01
2.315536900082921647e+02 4.958224625223877080e-01 1.071463419018919083e+01
2.315852440117842832e+02 4.962247106173272027e-01 1.064328796244485886e+01
2.315748473592075527e+02 5.004528100063145857e-01 1.065778012984298861e+01
2.315799383818840056e+02 5.079663100366517137e-01 1.061651936296486021e+01
2.316113541828183884e+02 5.081247373589603544e-01 1.053745401675059945e+01
2.317049442807736739e+02 5.202360005303382495e-01 1.052237196038642786e+01
2.318440962788680508e+02 5.000101123822749960e-01 1.068497682017262917e+01
2.319028694446504346e+02 5.280337708624064375e-01 1.072042184364459239e+01
2.319444403245850026e+02 5.310697327409724666e-01 1.073967806669228509e+01
2.320289438852671537e+02 5.495664035200079622e-01 1.055066528239389356e+01
2.320739271324205220e+02 5.421888588513682494e-01 1.070608136198058880e+01
2.321384171649823998e+02 5.433248164602617614e-01 1.079422762747781483e+01
2.322344522122521653e+02 5.567360825529944490e-01 1.072919040267506219e+01
2.324388796379317625e+02 5.562563061939465037e-01 1.069439481886476173e+01
2.327377780624226205e+02 5.417135768844424382e-01 1.076660059910246936e+01
2.329708460019011227e+02 5.272000611237328549e-01 1.082608500243820693e+01
2.331880723327468274e+02 5.262697219544313354e-01 1.091515711271261324e+01
2.334099795729877940e+02 5.130764338796266477e-01 1.084657493612345114e+01
2.336331587261993832e+02 5.096696846509767287e-01 1.088187613904750428e+01
2.338803671468924676e+02 5.228022984321313293e-01 1.081331306362486266e+01
2.341290868069366411e+02 5.118438468401053099e-01 1.093252569106896921e+01
2.343371119935100921e+02 5.026786577048487636e-01 1.090984024683201525e+01
2.344044795606282321e+02 5.026809049009098862e-01 1.100258090467618999e+01
2.344329740066831675e+02 5.006842712006094320e-01 1.096072912523398912e+01
2.344655280124225101e+02 5.051415845878305388e-01 1.105639675594776605e+01
2.346035125921631277e+02 5.198247636511542646e-01 1.111660250921912230e+01
2.347113072164207210e+02 4.953056074283312959e-01 1.121194654370009758e+01
2.347799006289901911e+02 5.268000602248544828e-01 1.113059130469956060e+01
2.348294007402263901e+02 5.272539938291995743e-01 1.101748430895350239e+01
2.348221771284879367e+02 5.245674709381369372e-01 1.107798556850689486e+01
2.348687334128840689e+02 5.193730772428701847e-01 1.102394612122723849e+01
2.348708502715736302e+02 5.227112869916561433e-01 1.094368976110058611e+01
2.348870514315762534e+02 5.124865449135840301e-01 1.105503495513473133e+01
2.348992402230117307e+02 4.961056092260881512e-01 1.101369216560037145e+01
2.348955694282458921e+02 5.193708300468090622e-01 1.096700891462677419e+01
2.348859132267712937e+02 5.171831846813138567e-01 1.095237517387679560e+01
2.348301580452989867e+02 4.837392893017737339e-01 1.089402672814995121e+01
2.347558769794988223e+02 4.751752251128654181e-01 1.090632226139834060e+01
2.344240380315461323e+02 3.810525416911049179e-01 1.088843008635974385e+01
2.344528549502358317e+02 3.898278423097579770e-01 1.093403468322400762e+01
2.344541043912458349e+02 4.482425803204052039e-01 1.069533751761239948e+01
2.344601167643073438e+02 4.485032550634945325e-01 1.097451567306892883e+01
2.344414515538237254e+02 4.461807779343324176e-01 1.095172123982301038e+01
2.344088840649080225e+02 4.467886444688639602e-01 1.093859761482610082e+01
2.344120784541088938e+02 4.467796556846195255e-01 1.083772772523084349e+01
2.344087604691246440e+02 4.483706704958887457e-01 1.085362776096126147e+01
2.343947896512127045e+02 4.609527212420702069e-01 1.070194202683601503e+01
2.344013615760934215e+02 4.582661983510075143e-01 1.079531302317533381e+01
2.343949402133488036e+02 4.673201512812388270e-01 1.059852044611336197e+01
2.343231658947548226e+02 4.624010391034586442e-01 1.062016319137795861e+01
2.342153364389583032e+02 4.615796889431212358e-01 1.042695264483740480e+01
2.340181652093600349e+02 4.400358203052141537e-01 1.059056874285110794e+01
2.338165568911390721e+02 4.450032471983083049e-01 1.056864846887296316e+01
2.336637396937970550e+02 4.532133780075910390e-01 1.050758316310823126e+01
2.335569608021590966e+02 4.631369958134737286e-01 1.037912107667657757e+01
2.334626931745914078e+02 4.681235238730873660e-01 1.030182539736044411e+01
2.334531661868903143e+02 4.680549843932233500e-01 1.039777842197398172e+01
2.334228515120258578e+02 4.649212694859988226e-01 1.049926291969195447e+01
2.333423356007541543e+02 4.809696201564497842e-01 1.037365477225791466e+01
2.333180276809610803e+02 4.743932008835974878e-01 1.039323459153840723e+01
2.332989916831273831e+02 4.742381443553805864e-01 1.048932020071955229e+01
2.332902366072732718e+02 4.706684734122997815e-01 1.047372353645738485e+01
2.333257074734999321e+02 4.807370353641244320e-01 1.037301207418443560e+01
2.333579345122123812e+02 4.764145537405701791e-01 1.031585351877195222e+01
2.333633895806507326e+02 4.528718042063015758e-01 1.051916970599933876e+01
2.333770244427515479e+02 4.909595302461353672e-01 1.049532358499681983e+01
2.333661558790019797e+02 4.901348092917062749e-01 1.054184503785401716e+01
2.333925402079555340e+02 4.977471859487324624e-01 1.055019112402499815e+01
2.333723008366310978e+02 4.998741570205775808e-01 1.057696309429908865e+01
2.333743255602821591e+02 4.909235751091575728e-01 1.051500228090400135e+01
2.334395919990831487e+02 4.904617763185984414e-01 1.055540798968087657e+01
2.335032910186315007e+02 4.915426776239946727e-01 1.057820354652482386e+01
2.335068640603686845e+02 4.899584044009087647e-01 1.063935199854381608e+01
2.335149854269335492e+02 4.877853658098108003e-01 1.062243623019377559e+01
2.334987168510490960e+02 4.677673432974006618e-01 1.072739938741435317e+01
2.334541706835296395e+02 4.991943802120903384e-01 1.068817120937350396e+01
2.333819300717529757e+02 4.940584136144126060e-01 1.076119047458533551e+01
2.332742758972491970e+02 4.850763709581369931e-01 1.064809471481958347e+01
2.331664093627176726e+02 4.838156939678516233e-01 1.050179438605480087e+01
2.330612922725669023e+02 4.788595030550630294e-01 1.060588900199775786e+01
2.329376324441178383e+02 4.780583776592756129e-01 1.047234263447782965e+01
2.328698648761008485e+02 4.532470859485077663e-01 1.058041591104699108e+01
2.328104209222942131e+02 4.738021883195243089e-01 1.057820129932876263e+01
2.326950914496437122e+02 4.802718657794736723e-01 1.047231566812509662e+01
2.326485801091687904e+02 4.718201613936210959e-01 1.050094269874763775e+01
2.326595677743096076e+02 4.761257890467169851e-01 1.051495621338474962e+01
2.326035406821139020e+02 4.756212935309966916e-01 1.050587417050375372e+01
2.325273742188184656e+02 4.800066966442620986e-01 1.058454850460338115e+01
2.325134505920238155e+02 4.565729361189575508e-01 1.069352178319501867e+01
2.325033348389546859e+02 4.896123362074971119e-01 1.038846716509475243e+01
2.324510010134854099e+02 5.008820244539875510e-01 1.037786489407841373e+01
2.324285335472663974e+02 4.729853325513090900e-01 1.037543118074422566e+01
2.324141717172398103e+02 4.898213254411807882e-01 1.033326142305937800e+01
2.323573412524522439e+02 4.618268805098438290e-01 1.036985588731660002e+01
2.322857691815037811e+02 4.810134404796415075e-01 1.034467717904984063e+01
2.322924085222663280e+02 4.927370623304771491e-01 1.020346674936348208e+01
2.322637713792615273e+02 4.683493670772294060e-01 1.036471767352286122e+01
2.322333701873487257e+02 4.636201429666134133e-01 1.022492747174712768e+01
2.319294964707785880e+02 3.773323086119294567e-01 9.965163966660599115e+00
2.319190593686727482e+02 4.045705720687012841e-01 1.007185634125020535e+01
2.318855379450290854e+02 4.599594605830574778e-01 9.968394310998451857e+00
2.318788637727275841e+02 4.646639655370012334e-01 1.013263962390926665e+01
2.318614839583909202e+02 4.660617214870145797e-01 1.007394173919491998e+01
2.318230119618246192e+02 4.495594372122184712e-01 1.021778363546884449e+01
2.317579556358553532e+02 4.548302355735631131e-01 1.016817790601776572e+01
2.316830363663738694e+02 4.574617021611284695e-01 9.910502046072013016e+00
2.316101744048862940e+02 4.500571911397553970e-01 9.902793039984359780e+00
2.315446675161067844e+02 4.467066218126332644e-01 9.930987485365136536e+00
2.315379641302564835e+02 4.408054849561459654e-01 9.864997449432470589e+00
2.315057045072011306e+02 4.512021375328933437e-01 9.904964954977426572e+00
2.314797213027445082e+02 4.395841338969301293e-01 1.005626417138016038e+01
2.314573459715639672e+02 4.446987521320272529e-01 9.977051633823895926e+00
2.314128447479657211e+02 4.499437077386690964e-01 9.908700918429030224e+00
2.313952896523362881e+02 4.550403484052772951e-01 9.899526740509529077e+00
2.313945109989011257e+02 4.509953954952707900e-01 9.941202115060931988e+00
2.313913604300234397e+02 4.582706927431297594e-01 9.836017609028335329e+00
2.313997301117530583e+02 4.574392302005172994e-01 9.933541423688591721e+00
2.314182526252868115e+02 4.522751736520756460e-01 1.002475061741711748e+01
2.314102391241328576e+02 4.578426018934874109e-01 9.932570634990190328e+00
2.313925334663673539e+02 4.600549664156548535e-01 1.000505394394144787e+01
2.313918750379214373e+02 4.496212351038991195e-01 1.006248441007732630e+01
2.313951885285135575e+02 4.550111348564828129e-01 9.963667334083897487e+00
2.314071436115586664e+02 4.577639500313483989e-01 1.003089332785017440e+01
2.313391558183276686e+02 4.473684210526315819e-01 1.006314620931732406e+01
2.313407086308059206e+02 4.800831013103400435e-01 9.842116499138199970e+00
2.313691255485967417e+02 4.750089326043429039e-01 9.868922177353207204e+00
2.314179919505437226e+02 4.711021822520949365e-01 9.961771824206346437e+00
2.313899031233777919e+02 4.520425888597502384e-01 1.003719221840947995e+01
2.313441434699853119e+02 4.743639873348030056e-01 9.989186492553915997e+00
2.312763646659880123e+02 4.497920220045438233e-01 9.894780662428454221e+00
2.312021532632657568e+02 4.672448702131914988e-01 9.929793100658653060e+00
2.311026867476106759e+02 4.748999435953788484e-01 9.898342468185321152e+00
2.309966438126827200e+02 4.520774203986975270e-01 9.890393012119128358e+00
2.309366335654686964e+02 4.736763453401018897e-01 9.851479441526834080e+00
2.308808480468495361e+02 4.744089312560252902e-01 9.807580466472957781e+00
2.309187604915966006e+02 4.809168110490135706e-01 9.891376160395866535e+00
2.309263807334398564e+02 4.448897637972220043e-01 9.825554664167784225e+00
2.309385751428654885e+02 4.626796914150368978e-01 9.802620904766078169e+00
2.308910682945355006e+02 4.421335778282647899e-01 9.856710913957110520e+00
2.308888930087483402e+02 4.664089132784567937e-01 9.885994125829496326e+00
2.308877334555807863e+02 4.769864651381239273e-01 9.821359149121683174e+00
2.308953256074732678e+02 4.592909197548758482e-01 9.715682507151701230e+00
2.309104571021507866e+02 4.716920712181375541e-01 9.805100685619517975e+00
2.309142391331216402e+02 4.802190566720374587e-01 9.747796062463061517e+00
2.309272852298544478e+02 4.584324908595300285e-01 9.827214218458918182e+00
2.309508100018202299e+02 4.872966006665183647e-01 9.794563583288951492e+00
2.309837954692033009e+02 4.995494371897464814e-01 9.782987152780117768e+00
2.310024449493144800e+02 4.759516313519805419e-01 9.872107577769837050e+00
2.309961853846862709e+02 5.106326081631643587e-01 9.752263488232557620e+00
2.309940561664183463e+02 5.244697179094784945e-01 9.807357994062908091e+00
