1.886743666628662766e+02 3.713339413977881920e-01 7.331526621821913281e+00
1.886650883593660808e+02 3.834990308972751061e-01 7.338228252194732626e+00
1.886478018469957760e+02 3.933416942195872568e-01 7.367026564815870593e+00
1.886758282977995691e+02 3.754839813020179884e-01 7.342096682248318018e+00
1.887522266560255275e+02 3.620351157222665428e-01 7.535212632539049160e+00
1.887196636643484169e+02 3.751795690343176504e-01 7.430930338615893582e+00
1.886453562877665036e+02 4.140611104777106588e-01 7.452102382852582529e+00
1.886609006954737140e+02 4.421229050279329442e-01 7.443079466423441204e+00
1.887333394139778875e+02 4.579683046402918678e-01 7.501143541215368415e+00
1.888506042640519809e+02 4.801048911184585544e-01 7.564463573138752395e+00
1.889579922471781970e+02 4.976353893512712179e-01 7.536658305780412626e+00
1.890134363242503639e+02 5.005860221183445757e-01 7.566624102154828613e+00
1.889096465625356416e+02 5.052342948352525065e-01 7.614108995553528381e+00
1.887098289818720787e+02 4.949253220841409173e-01 7.661023828525824086e+00
1.884768316041500498e+02 4.855546687948922857e-01 7.733089727511115896e+00
1.883934887698096077e+02 5.122072739710409328e-01 7.737923839927032255e+00
1.883533154714399700e+02 5.310694333599361716e-01 7.761493558317181574e+00
1.882834602667882677e+02 5.298050393341694475e-01 7.764403146733553918e+00
1.882756903431763646e+02 5.319575875042754642e-01 7.816858967050507090e+00
1.882833895792954024e+02 5.461954167141717109e-01 7.736838444875156817e+00
1.882809976057462222e+02 5.531980389921331565e-01 7.835239995439516214e+00
1.882897742560711549e+02 5.474199065100900929e-01 7.801592748831375879e+00
1.882754919621479814e+02 5.612803557177060698e-01 7.814210466309428504e+00
1.883115562649640822e+02 5.614319917911299029e-01 7.801954167141716745e+00
1.883358739026336650e+02 5.786500969102724712e-01 7.840137954623189742e+00
1.883963139892828735e+02 5.807559001254133380e-01 7.887773343974461504e+00
1.884288108539505231e+02 5.926872648500740581e-01 7.758612472922130188e+00
1.884956960437806401e+02 5.910169878007068833e-01 7.740725116862387623e+00
1.885652422756812143e+02 5.872956333371337490e-01 7.700332915289020974e+00
1.885655945730247538e+02 5.971565385930908132e-01 7.627509976057462282e+00
1.886305073537795067e+02 5.907444989168851857e-01 7.637652491164063306e+00
1.886533747577243219e+02 5.949618059514308888e-01 7.594608368487059558e+00
1.886898711663436359e+02 5.896123589100444873e-01 7.634533120510774040e+00
1.888165454338159748e+02 6.017124615209211713e-01 7.654634591266674448e+00
1.888463014479534934e+02 6.361327100672671264e-01 7.615727967164519718e+00
1.889278748147303588e+02 6.054771405769011627e-01 7.549912210694333936e+00
1.889687264850074087e+02 6.084802189032036956e-01 7.497812108083456550e+00
1.890578417512256237e+02 6.067586364154600176e-01 7.478399270322654502e+00
1.890066127009463059e+02 5.933838786911412866e-01 7.606253562877665075e+00
1.888425812336107583e+02 5.848352525367689347e-01 7.622650780982784369e+00
1.886395029073081844e+02 5.467506555694903181e-01 7.726751795690343094e+00
1.884885771291756953e+02 5.393717934101014411e-01 7.817834910500512713e+00
1.884256299167711859e+02 5.443529814160300573e-01 7.761693079466423839e+00
1.883898529244099791e+02 5.837076730133393676e-01 7.729501767187321626e+00
1.883798723064644776e+02 5.641808231672557072e-01 7.615588872420476996e+00
1.884240041044350562e+02 5.719860905255956807e-01 7.619241819632881274e+00
1.884359138068635389e+02 6.129380914376924006e-01 7.578147303614183095e+00
1.884522813818264808e+02 5.888632995097480283e-01 7.597169079922471369e+00
1.884489488085737037e+02 6.203602781894881346e-01 7.641475316383536942e+00
1.885202781894880957e+02 5.997776764337019451e-01 7.668282977995667160e+00
1.885324204765705076e+02 6.254497776764337269e-01 7.577634249230418284e+00
1.885834237829209883e+02 5.984939003534374136e-01 7.696819062820659418e+00
1.886555580891574380e+02 6.239459582715768393e-01 7.554862615437236251e+00
1.886826256983240171e+02 5.938581689659103713e-01 7.597265990194960850e+00
1.886851761486717578e+02 6.096636643484208973e-01 7.571397788165545428e+00
1.885910568920305650e+02 5.804400866491847832e-01 7.561200547258009053e+00
1.884910158476798472e+02 5.655546687948922457e-01 7.590346596739254714e+00
1.884762569832402335e+02 6.004036027818948629e-01 7.636538593090867799e+00
1.884556230760460664e+02 5.763265306122449250e-01 7.631762626838445307e+00
1.884750758180367143e+02 6.067472352069319674e-01 7.693145593432904050e+00
1.885180207501995255e+02 4.651875498802873210e-01 7.509908790331775386e+00
1.885020921217649175e+02 4.956242161669137114e-01 7.513320031923384157e+00
1.885606920533576556e+02 5.665340326074563837e-01 7.513926576217079045e+00
1.886050074107855323e+02 5.741705620795803933e-01 7.497398244213886898e+00
1.886234967506555620e+02 5.821559685326644917e-01 7.486527191882339949e+00
1.884741203967620606e+02 5.868566868088017641e-01 7.492463801162923431e+00
1.881407878235092994e+02 5.981803671189146465e-01 7.610750199521149284e+00
1.879615232014593573e+02 5.995017671873218434e-01 7.763918595371109177e+00
1.879511640633907064e+02 5.998175806635502871e-01 7.763571998631855209e+00
1.880025230874472584e+02 5.845080378520123299e-01 7.709792498004788719e+00
1.881273275567210135e+02 5.728172386272945005e-01 7.721844715539846860e+00
1.882000125413293858e+02 5.924250370539276833e-01 7.666739254360962263e+00
1.882591927944362169e+02 5.953688290958841778e-01 7.670910956561395544e+00
1.883681267814388320e+02 6.158351385246836340e-01 7.546081404628890432e+00
1.883766218219131190e+02 6.199657963744157341e-01 7.565450917797286401e+00
1.884244772545889930e+02 5.928525823737316180e-01 7.543737316155512573e+00
1.884829529130087735e+02 6.062455820316953181e-01 7.570497092691825358e+00
1.884944202485463336e+02 5.747793866149811803e-01 7.637661612130886013e+00
1.885539151750085409e+02 6.095017671873218523e-01 7.555643598221411850e+00
1.885646881769467598e+02 5.877482613156994606e-01 7.637952342948352680e+00
1.885961338501881244e+02 6.045000570060425904e-01 7.636398358225972238e+00
1.885805415574050983e+02 6.014593546915972810e-01 7.571340782122905289e+00
1.885631125299281621e+02 6.162661042070459727e-01 7.565985634477254251e+00
1.885516201117318360e+02 5.858875840839129490e-01 7.533069205335765517e+00
1.885714023486489452e+02 6.067814388325162289e-01 7.595050735377950168e+00
1.886274347280811696e+02 5.837065328924866403e-01 7.589054839813019981e+00
1.886776798540645359e+02 6.201105917227226483e-01 7.488927146277505109e+00
1.887935902405654929e+02 5.854908220271348718e-01 7.468089157450689797e+00
1.888220795804355134e+02 5.825185269638581964e-01 7.381964428229392361e+00
1.888364667654771267e+02 6.080241705620795800e-01 7.357912438718503978e+00
1.888009725230874380e+02 6.049515448637555748e-01 7.421832174210466704e+00
1.886726735833998418e+02 5.637772203853608222e-01 7.436251282635959470e+00
1.884992942651921055e+02 5.984688176946756366e-01 7.617424466993501397e+00
1.883725892144567240e+02 6.016440542697526483e-01 7.585113442024854713e+00
1.883624683616463358e+02 5.475932048797172991e-01 7.597625128263596039e+00
1.882884289134648270e+02 5.828708243073765782e-01 7.580597423326872253e+00
1.882344738342264350e+02 5.612153688290958398e-01 7.535138524683616446e+00
1.882940041044350608e+02 5.519621479876867243e-01 7.623420362558431584e+00
1.882100159616919370e+02 5.843700832288222236e-01 7.523584539961236217e+00
1.881828799452742089e+02 5.651031809371793724e-01 7.577618287538479436e+00
1.881215847679854107e+02 5.936529472124044693e-01 7.481276935355147373e+00
1.881040576901151553e+02 5.635719986318550312e-01 7.566731273514992751e+00
1.881224763424922912e+02 5.655888724204766183e-01 7.446941055751909566e+00
1.882031775168167940e+02 5.666697069889408134e-01 7.399538251054611493e+00
1.883027134876296884e+02 6.158602211834454110e-01 7.269752593774939875e+00
1.884065066697069994e+02 6.018800592862842969e-01 7.250930338615892978e+00
1.885949709269182506e+02 5.976844145479420778e-01 7.192486603579979487e+00
1.887724398586250061e+02 6.012244897959183598e-01 7.155011971268954163e+00
1.889286318549766293e+02 5.959696727853152076e-01 7.159066241021548649e+00
1.890768338843917320e+02 6.279728651237030945e-01 6.981271234750883181e+00
1.891976958157564752e+02 6.077334397446129133e-01 7.085515904685896871e+00
1.892977995667540654e+02 6.052183331433131919e-01 7.100012541329380866e+00
1.893741055751909812e+02 6.005951430851670381e-01 7.053133052103523148e+00
1.894337977425606994e+02 6.020556378976171796e-01 6.966036939915631443e+00
1.895014354121536826e+02 6.273286968418652076e-01 6.913809143769239718e+00
1.895873583399840356e+02 5.998563447725459019e-01 7.063581119598677738e+00
1.896292167369741151e+02 6.226188575989054508e-01 6.944598107399384546e+00
1.896598574848933936e+02 5.964325618515562422e-01 6.923643826245582389e+00
1.895456219359251975e+02 6.087162239197354552e-01 7.007478052673583591e+00
1.894046038080036567e+02 5.758932846881769096e-01 6.994173982442139170e+00
1.892309234978907853e+02 4.571337361760346440e-01 6.992767073309770431e+00
1.892217136016417669e+02 4.655934329038878272e-01 7.155895564929882546e+00
1.891519062820659087e+02 5.272591494698437575e-01 7.026051761486717950e+00
1.891337795006270710e+02 5.624261771747804950e-01 7.129008094858054534e+00
1.891291779728651363e+02 5.679500627066469409e-01 7.110817466651464969e+00
1.891863538935127167e+02 5.727887356059742086e-01 7.018635275339185853e+00
1.892513020180139165e+02 5.772842321286055789e-01 7.043886671987230841e+00
1.892260825447497439e+02 5.787675293581119318e-01 7.073438604492076287e+00
1.892486991221069559e+02 5.758625014251510521e-01 7.145292440998745498e+00
1.892503329152890217e+02 5.933063504731501681e-01 7.069929312507126085e+00
1.893021092235777019e+02 6.068167825789533287e-01 7.113309770835708257e+00
1.893746790559799251e+02 5.845399612358910257e-01 7.068945388211150593e+00
1.894879477824649427e+02 5.992532208414091954e-01 6.955302702086421540e+00
1.895662832060198468e+02 5.855022232356630330e-01 6.954891118458556676e+00
1.896742503705392835e+02 5.827226085965112601e-01 6.923972181051191832e+00
1.896892281381826422e+02 5.738912324706418877e-01 6.942376011857256835e+00
1.896924056549994191e+02 6.038764108995553492e-01 6.841405769011514870e+00
1.897744681336221504e+02 5.881130999885988420e-01 6.876724432789875330e+00
1.898102827499714920e+02 6.177106373275567108e-01 6.847199863185498003e+00
1.898489054839812979e+02 5.951077414205905303e-01 6.784130657849732238e+00
1.899171975829437997e+02 5.830201801390947347e-01 6.727920419564473953e+00
1.899880241705620847e+02 5.927875954851213880e-01 6.819301105917227268e+00
1.900642959753733976e+02 5.947987686694790055e-01 6.894924181963288490e+00
1.900891984950404776e+02 5.919986318549765869e-01 6.802307604606088631e+00
1.901296545433816050e+02 5.853688290958841689e-01 6.911779728651237242e+00
1.900205803215140747e+02 5.743928856458784260e-01 6.873215140804925127e+00
1.898487675293580992e+02 5.571496978679739698e-01 6.925637897617147765e+00
1.897242024854634508e+02 5.809303386158932714e-01 6.926640063846767781e+00
1.896741454794208153e+02 5.396340212062478159e-01 7.051555124843233102e+00
1.896534579865465844e+02 5.787789305666400930e-01 6.966272944932162758e+00
1.896464633451145687e+02 5.543746437122335502e-01 6.987608026450804033e+00
1.896100171018127867e+02 5.521821913122790804e-01 6.994221867517956603e+00
1.896657655911526490e+02 5.588222551590468212e-01 7.017792726028958761e+00
1.896655124843233295e+02 5.615300421844715562e-01 7.075027932960893828e+00
1.896036540873332683e+02 5.864838672899327365e-01 7.019232698666058923e+00
1.895837635389351306e+02 5.743050963402120956e-01 7.001450233724774819e+00
1.895917295633337005e+02 5.487960323794321971e-01 6.932261999771975880e+00
1.896251168623874150e+02 5.455124843233383203e-01 6.997784745182989319e+00
1.897004298255615140e+02 5.835822597195302608e-01 6.870063846767757276e+00
1.897427887356059841e+02 5.767495154486375064e-01 6.840961121878919471e+00
1.897549549652263181e+02 5.749937293353095669e-01 6.907056207958043537e+00
1.897924523999543851e+02 5.806703910614524622e-01 6.870270208642115684e+00
1.898049709269182586e+02 5.881370425265077806e-01 6.762055637897617544e+00
1.898808414091893724e+02 5.802633679169991732e-01 6.763212860563220019e+00
1.899066719872306521e+02 5.817660472010033335e-01 6.690395621935925519e+00
1.899883844487515603e+02 5.890548398130202035e-01 6.674541101356743944e+00
1.900141534602667832e+02 5.870562079580435855e-01 6.762325846539733121e+00
1.900658043552616618e+02 5.936734693877551150e-01 6.720904115836278336e+00
1.901356504389465272e+02 5.929392315585452211e-01 6.638102838900923786e+00
1.902127818948808624e+02 5.932219815300421306e-01 6.608721924523999647e+00
1.902429278303500269e+02 5.815642458100558354e-01 6.720676091665716889e+00
1.902932276821343009e+02 5.796157792726028823e-01 6.491295177288792573e+00
1.902782727169079919e+02 5.750381940485691512e-01 6.448451715881883040e+00
1.902093193478508795e+02 5.642879945274199560e-01 6.537259149469844211e+00
1.900362923269866542e+02 5.429027476912552386e-01 6.693902633679170044e+00
1.899288712803557075e+02 5.352513966480446639e-01 6.847490594002964670e+00
1.898701208528104019e+02 5.348341124159160520e-01 6.823328012769353634e+00
1.898378257895336958e+02 5.512678143883251725e-01 6.689134648272716532e+00
1.898130851670277082e+02 5.787663892372592045e-01 6.687353779500627482e+00
1.898326313989282994e+02 5.620921217649070822e-01 6.663129631740964953e+00
1.896333861589328365e+02 4.667438148443734947e-01 6.524675635617375846e+00
1.896069011515220666e+02 4.728594230988484859e-01 6.549006954737202513e+00
1.896553528674039342e+02 4.934158020750199491e-01 6.717312735149925551e+00
1.896496602439858634e+02 5.372112643940257781e-01 6.840441226770037630e+00
1.896615938889522397e+02 5.459765135104320821e-01 6.822572112643940478e+00
1.896688553186637876e+02 5.646995781552844873e-01 6.681650894994869638e+00
1.896518139322768093e+02 5.716144111275794915e-01 6.618099418538364809e+00
1.896753471667996678e+02 5.520180139094743588e-01 6.700204081632652908e+00
1.897346870368259033e+02 5.732071599589556588e-01 6.705277619427659097e+00
1.897375544407707082e+02 5.875236575076958623e-01 6.722916429141489125e+00
1.897389579295405326e+02 5.772682704366662865e-01 6.736856686808801342e+00
1.897759343290388756e+02 5.637521377265990452e-01 6.658728765249116499e+00
1.898333314331319173e+02 5.476011857256869453e-01 6.745318663778360424e+00
1.898668715083798872e+02 5.568897503135332716e-01 6.643159274883137400e+00
1.899027932960893850e+02 5.499498346824763795e-01 6.796768897503135065e+00
1.899532903887811983e+02 5.676342492304183862e-01 6.725501083114810541e+00
1.899910568920305423e+02 5.832938091437692707e-01 6.745883023600502071e+00
1.900150176718732098e+02 5.781587048227112557e-01 6.752350929198494889e+00
1.900606111047771094e+02 5.806384676775738773e-01 6.647887356059742459e+00
1.900096180595143096e+02 5.642002052217535146e-01 6.715627636529472255e+00
1.898628993273287051e+02 5.466457644510318570e-01 6.805097480332915616e+00
1.896682544749743613e+02 5.692258579409417152e-01 6.838493900353437738e+00
1.895323269866605926e+02 5.355352867403945227e-01 6.948197468931707199e+00
1.895003055523885394e+02 5.277779044578725376e-01 7.026901151522061184e+00
1.894739813020180179e+02 5.465408733325732848e-01 6.950798084596967463e+00
1.894438809713829528e+02 5.506031239311367509e-01 6.966142971154942742e+00
1.894439140348877118e+02 5.473902633679169627e-01 6.974736062022574679e+00
1.894232311024968567e+02 5.508072055637898146e-01 6.962033975601413793e+00
1.894199293125071222e+02 5.943803443164975553e-01 7.012054497776764705e+00
1.893634272032835497e+02 5.708710523315471130e-01 6.893436324250370895e+00
1.893013145593432967e+02 5.527134876296887489e-01 6.942894766845285837e+00
1.893030315813476250e+02 5.815688062934670777e-01 7.083781780868772415e+00
1.892927761942765983e+02 5.568532664462433335e-01 7.246352753391859913e+00
1.893240383080606648e+02 5.951123019040017725e-01 7.136634363242503554e+00
1.893983719074221881e+02 5.913499030897274578e-01 7.144425949150609689e+00
1.894738923725915072e+02 5.748637555580891068e-01 7.054761144681336305e+00
1.895290605404172766e+02 5.767210124273173255e-01 7.020498232812678374e+00
1.895756607000342058e+02 6.019404856914832846e-01 7.099429939573594694e+00
1.895956378976171379e+02 5.738194048569148498e-01 7.054494356401778354e+00
1.896433599361532458e+02 5.606236461064872945e-01 7.101331661156082831e+00
1.897093170676091631e+02 5.753448865579751104e-01 6.979711549424238548e+00
1.897391027248888520e+02 5.787504275453198010e-01 7.019291984950404739e+00
1.897540018241933524e+02 5.805666400638467284e-01 7.056082544749743057e+00
1.897762547029985285e+02 6.142241477596624977e-01 7.023389579295405305e+00
1.898087561281495823e+02 5.894778246494127849e-01 7.098515562649640565e+00
1.899138410671531290e+02 5.949219017215824357e-01 7.088670619085623237e+00
1.899789419678485842e+02 6.007718618173526481e-01 7.051191426291186559e+00
1.899078292098962493e+02 5.909805039334169452e-01 7.029258921445673103e+00
1.897570231444533135e+02 6.025607114354121219e-01 7.047986546573937083e+00
1.896078064074791882e+02 5.566708471097936428e-01 7.350408163265305994e+00
1.895523965340325958e+02 5.523589100444646904e-01 7.299307946642343836e+00
1.894948272716908093e+02 5.795986774598107516e-01 7.279505187549879963e+00
1.894800239425379118e+02 5.527203283548055568e-01 7.204870596283205586e+00
1.894179945274198928e+02 5.463641546003876748e-01 7.201351043210580727e+00
1.894011720442366880e+02 5.722380572340668436e-01 7.136443963060083995e+00
1.894192999657963696e+02 5.469513168395849778e-01 7.118247634249230238e+00
1.893364553642686019e+02 5.456025538707103273e-01 7.138244213886672185e+00
1.892306202257439338e+02 5.746744954965226082e-01 7.167781324820430733e+00
1.892352240337475848e+02 5.741922243757838773e-01 7.085848819974917667e+00
1.892235662980275777e+02 5.950017101812792308e-01 7.051055751909702352e+00
1.891569855204651560e+02 4.728354805609394362e-01 6.793436324250370362e+00
1.892032858282977941e+02 4.829460722836620423e-01 6.807163379318208030e+00
1.892049013795462429e+02 5.015015391631513220e-01 6.949111845855660441e+00
1.891590069547372082e+02 5.223383878691141291e-01 7.082893626724432679e+00
1.891049811880059224e+02 5.315414433929996907e-01 7.095359708129061360e+00
1.890174655113441986e+02 5.365157906738113880e-01 7.104339299965796606e+00
1.889266560255387049e+02 5.290001140120852430e-01 7.261490137954623059e+00
1.887641306578497336e+02 5.764302816098506588e-01 7.004588986432561448e+00
1.887438855318663684e+02 5.739299965796373915e-01 7.090597423326872928e+00
1.887682293923155896e+02 5.738786911412609992e-01 7.080372819518869321e+00
1.887570641888040086e+02 5.840554098734466182e-01 7.026651465055295809e+00
1.887229871166343571e+02 5.833736176034659549e-01 7.066771177744841204e+00
1.887410466309428898e+02 5.949253220841409506e-01 7.012098962490023624e+00
1.886931706760916541e+02 5.966697069889408400e-01 7.013308630714855774e+00
1.885029597537339043e+02 5.857313875270778736e-01 7.044257211264394414e+00
1.882273332573252844e+02 5.985782692965454510e-01 7.134733781780869144e+00
1.880331558545205723e+02 5.715756470185839877e-01 7.221868658077756464e+00
1.878522540189260042e+02 5.955808915745068877e-01 7.216923953939117453e+00
1.876449857484893471e+02 5.599703568578269230e-01 7.276931934785086931e+00
1.875377927260289539e+02 5.814080492532208710e-01 7.309547372021434342e+00
1.875581518640975958e+02 6.057826929654542836e-01 7.287002622277961805e+00
1.875418583969900794e+02 5.852901607570402120e-01 7.322996237601185676e+00
1.875466776878349151e+02 5.829757154258351504e-01 7.283275567210123924e+00
1.875959514308516702e+02 5.809326188575989480e-01 7.318594230988484384e+00
1.875754406567096169e+02 6.040656709611218478e-01 7.257560141374986173e+00
1.876099053699692263e+02 5.723646106487287888e-01 7.331111617831489902e+00
1.876554999429939699e+02 5.972260859651122855e-01 7.224200205221753102e+00
1.876970824307376517e+02 5.763516132710067019e-01 7.300304412267700549e+00
1.877368886101926932e+02 5.770106031239311539e-01 7.187988826815642440e+00
1.878168977311595143e+02 5.781210808345684793e-01 7.299669364952684703e+00
1.878519906510090038e+02 6.112780754760004376e-01 7.308303500171017930e+00
1.878822791015847713e+02 6.008414091893741205e-01 7.337984266332231442e+00
1.879873013339413887e+02 6.040964542241477053e-01 7.369068521263254290e+00
1.880443016759776640e+02 6.056492988256755305e-01 7.342218675179569054e+00
1.881277608026450707e+02 6.412313305210352032e-01 7.320719416258123502e+00
1.882515767871394416e+02 6.147269410557518743e-01 7.304108995553528771e+00
1.884131478736746033e+02 6.194721240451487310e-01 7.326125869342150487e+00
1.884585737088131339e+02 6.399464143199179444e-01 7.239670505073537932e+00
1.885344362102382831e+02 6.067118914604948676e-01 7.311845855660700444e+00
1.886402109223577668e+02 6.080435526165773874e-01 7.261368145023372911e+00
1.885907444989168766e+02 6.336894310796944429e-01 7.303805723406680883e+00
1.883428719644282410e+02 5.842549310226884396e-01 7.557393683730475153e+00
1.881319074221867425e+02 6.044578725344886827e-01 7.598842777334397169e+00
1.880122745411013625e+02 6.105997035685782892e-01 7.574506897731159150e+00
1.879585554668794884e+02 6.041762626838445005e-01 7.712870824307376694e+00
1.879604343860449092e+02 5.708687720898415474e-01 7.674422528788051423e+00
1.878786774598107456e+02 5.930737658191768125e-01 7.614899099304526686e+00
1.878227465511344292e+02 5.999840383080606854e-01 7.678134762284802406e+00
1.878723668908904472e+02 5.979500627066468565e-01 7.681237031125299097e+00
1.878318002508265749e+02 6.000501653175236427e-01 7.636792840041044528e+00
1.877891836734693811e+02 5.637966024398586296e-01 7.670664690457188684e+00
1.877941888040132312e+02 5.929563333713373519e-01 7.714129517728879115e+00
1.878329426519211154e+02 6.044863755558088636e-01 7.627587504275453512e+00
1.879041591608710462e+02 6.113396420020522637e-01 7.603714513738456304e+00
1.879753323452285940e+02 5.884049709269182360e-01 7.641145821457074661e+00
1.880136609280583855e+02 6.161463915175008355e-01 7.589791357883935774e+00
1.880614684756584154e+02 6.337293353095427850e-01 7.501888040132254076e+00
1.880915494242389627e+02 6.112130885873903186e-01 7.530847109793637806e+00
1.881072568692281379e+02 6.454201345342606144e-01 7.491026108767528946e+00
1.881659719530270252e+02 6.214696157792726217e-01 7.542533348534944615e+00
1.882443164975487377e+02 4.684562763652947437e-01 7.379119826701630025e+00
1.882856835024512634e+02 4.885543267586364147e-01 7.503800022802416869e+00
1.883127910158476936e+02 5.463151294037168482e-01 7.399605518184927178e+00
1.883808801732983795e+02 5.606475886443963441e-01 7.501508379888267797e+00
1.884680834568464149e+02 5.737407365180708929e-01 7.326832744270892483e+00
1.885200319233838684e+02 5.941603009919050882e-01 7.264000684072511760e+00
1.885782134306236344e+02 6.139288564587845887e-01 7.333932276821342633e+00
1.885120476570516530e+02 6.146266104207045444e-01 7.334691597309315192e+00
1.883756527191882242e+02 6.088074335879603005e-01 7.387544179683046330e+00
1.882797024284574263e+02 5.920864211606430283e-01 7.528740166457644101e+00
1.882281256413179733e+02 5.920487971725002518e-01 7.485684642572112857e+00
1.881641477596625123e+02 5.898734465853380238e-01 7.512062478622733686e+00
1.880738387869114092e+02 5.987789305666401107e-01 7.592621137840611212e+00
1.879842412495724489e+02 6.087333257325276969e-01 7.538547486033519540e+00
1.878772785315243539e+02 5.782875384790787665e-01 7.586648044692737791e+00
1.877334522859423203e+02 5.922927830350016576e-01 7.531157222665602724e+00
1.875934978907764332e+02 6.022403374757724359e-01 7.498066355033633279e+00
1.875064690457188590e+02 5.667837190742218700e-01 7.505724546801960884e+00
1.874547018583969873e+02 5.605472580093490143e-01 7.524656253562877595e+00
1.875029722950632731e+02 6.025561509520008796e-01 7.406058602211834874e+00
1.875865385930908644e+02 5.706339071941626262e-01 7.519312507125754941e+00
1.876487025424694934e+02 6.028389009234979001e-01 7.355308402690685199e+00
1.878508744726941018e+02 5.949219017215824357e-01 7.259580435526165942e+00
1.879361805951430711e+02 6.158294379204195534e-01 7.238955649298826067e+00
1.880820259947554405e+02 5.967700376239881699e-01 7.222957473492190417e+00
1.881834226428001386e+02 6.256971839014935366e-01 7.160364838672899523e+00
1.882228582829779953e+02 6.051282635959411849e-01 7.175294721240451423e+00
1.882802223235663064e+02 5.987800706874928380e-01 7.145481701060312218e+00
1.883829654543381480e+02 6.045867061908561935e-01 7.210657849732071689e+00
1.884973651807091528e+02 6.074814730361418613e-01 7.171950746779158337e+00
1.886025344886558059e+02 6.119507467791586164e-01 7.157416486147531565e+00
1.886437680994185371e+02 6.110979363812564236e-01 7.090129973777220762e+00
1.886001721582487676e+02 6.254623190058146154e-01 7.193651807091551831e+00
1.884647052787595385e+02 5.702086421160642571e-01 7.199139208756128561e+00
1.882870562079580452e+02 5.490023942537909374e-01 7.321654315357427834e+00
1.880528879261201780e+02 5.794151180025082226e-01 7.322877665032493155e+00
1.880533496750655615e+02 5.300205221753505613e-01 7.306555694903659415e+00
1.880210671531182243e+02 5.339790217763082936e-01 7.347449549652263379e+00
1.878959753733895752e+02 5.622106943335993812e-01 7.309456162353209052e+00
1.879239106145251412e+02 5.376524911640634397e-01 7.334699578155284172e+00
1.879114753163835303e+02 5.364348420932618655e-01 7.376497548740166721e+00
1.878719917911298580e+02 5.347691255273059330e-01 7.315354007524797808e+00
1.878705974233268705e+02 5.641899441340781918e-01 7.271966708471097718e+00
1.879176752935811123e+02 5.662854862615437357e-01 7.270185839699007779e+00
1.879824147759662480e+02 5.706361874358681918e-01 7.249171132140006968e+00
1.881086341352183240e+02 5.844202485463458885e-01 7.255312963174096019e+00
1.881668646676547780e+02 6.113567438148443944e-01 7.204941283776080674e+00
1.883185828297799560e+02 5.876764337019724227e-01 7.166895450917797561e+00
1.884472602895907016e+02 6.191380686352753182e-01 6.977623988142743094e+00
1.885305358568008103e+02 6.165465739368373166e-01 7.033289248660357984e+00
1.885912199293125013e+02 6.148341124159161231e-01 7.091389807319576022e+00
1.886455888724204897e+02 6.126576217079010567e-01 7.096264964086192784e+00
1.886407752821799022e+02 5.996066583057804156e-01 7.051736404058829955e+00
1.886878884961805909e+02 6.150666970698893676e-01 7.134859195074677807e+00
1.887885919507467918e+02 6.072112643940257293e-01 7.013516132710067019e+00
1.888934374643712317e+02 6.037008322882225775e-01 6.909362672443278619e+00
1.890222893626724385e+02 6.279226998061794296e-01 6.858313761258693297e+00
1.891337430167597802e+02 6.039083342834340451e-01 6.771243871850415985e+00
1.890369307946642436e+02 5.766913692851441953e-01 6.879862045376810009e+00
1.887735982214114756e+02 5.953334853494470780e-01 7.032119484665374287e+00
1.878783753277847381e+02 4.937589784517159019e-01 6.920980503933416905e+00
1.875026165773572018e+02 4.820852810397902033e-01 6.978254474974347588e+00
1.873321137840611073e+02 5.074392885645878648e-01 7.070395621935925412e+00
1.872436153232242759e+02 5.406156652605176305e-01 7.295263937977425783e+00
1.871422426177174714e+02 5.512735149925892530e-01 7.366113328012769301e+00
1.871177094972067039e+02 5.473526393797742973e-01 7.388583969900809123e+00
1.870463322312164962e+02 5.504207045946870602e-01 7.360050165317523430e+00
1.870867757382282548e+02 5.692748831376125418e-01 7.124688176946756712e+00
1.870733530954281036e+02 5.799395735948010833e-01 7.034390605404173158e+00
1.870797867974005158e+02 5.846790559799338594e-01 7.052227796146391725e+00
1.872095690343176386e+02 5.805073537795005789e-01 7.074095314103295173e+00
1.873273879831262150e+02 5.880709155170448232e-01 7.059445901265534395e+00
1.874293592520807294e+02 6.037909018355945845e-01 7.060099190514194767e+00
1.874749047999087850e+02 6.091574506897731167e-01 6.906857826929654109e+00
1.874843370197240802e+02 6.132311024968646329e-01 6.934758864439630521e+00
1.875786900011401315e+02 5.945707444989168922e-01 7.004286854406567286e+00
1.876074301675977551e+02 5.927716337931820956e-01 6.958253334853494287e+00
1.876635412153688378e+02 5.898095998175806320e-01 6.978457416486147480e+00
1.876609599817580545e+02 6.154782806977540099e-01 6.868316041500398761e+00
1.877793011059172272e+02 6.030429825561509638e-01 6.901585908106259382e+00
1.878530521035229697e+02 5.994766845285600665e-01 6.873226542013453511e+00
1.878605826017557945e+02 6.199076502109223119e-01 6.891066012997377754e+00
1.879165534146619621e+02 5.998871280355717595e-01 6.785942309884847923e+00
1.879479341010147095e+02 5.918766389237258840e-01 6.811406909132368348e+00
1.878857439288564706e+02 6.096123589100445050e-01 6.794755444077072326e+00
1.877740679512028237e+02 5.612575533006498585e-01 6.848622734009804702e+00
1.877030988484779357e+02 5.544088473378178117e-01 6.910819746893170468e+00
1.876836974119256638e+02 5.822905027932960831e-01 6.855494242389693405e+00
1.877140827727739065e+02 5.696522631398928116e-01 6.869507467791585498e+00
1.877345023372477613e+02 5.753528674039448676e-01 6.841298597651350732e+00
1.877441010147075531e+02 5.779922471782008575e-01 6.828309200775282584e+00
1.877829244099874586e+02 5.713909474404287314e-01 6.754031467335537720e+00
1.877881872078440324e+02 5.940736518070915961e-01 6.705520465169308331e+00
1.877831866377836150e+02 5.673389579295404772e-01 6.781592748831376305e+00
1.877106920533576613e+02 5.880412723748716930e-01 6.812818378748147552e+00
1.878406510090069617e+02 5.751522061338502079e-01 6.789941853836507057e+00
1.878788051533462635e+02 5.729688747007182226e-01 6.755582031695359646e+00
1.878788370767301217e+02 5.703294949264622327e-01 6.808333143313190838e+00
1.879142503705392642e+02 6.015779272602895800e-01 6.723904913920875970e+00
1.879685246836164652e+02 5.880047885075817549e-01 6.707604606088245269e+00
1.880623748717364094e+02 5.793546915973093459e-01 6.692875384790787585e+00
1.881817398244213848e+02 5.844932162809257647e-01 6.752440998745867340e+00
1.882110295291300872e+02 5.891072853722494340e-01 6.675445217193022529e+00
1.882309964656253669e+02 5.960312393113670337e-01 6.662425037053927745e+00
1.882577117774484066e+02 5.881370425265077806e-01 6.723464827271691036e+00
1.882466799680766201e+02 5.845741648614752872e-01 6.741714741762626417e+00
1.883209520009120865e+02 5.896328810853950220e-01 6.690506213658648171e+00
1.883460380800364931e+02 5.806635503363356543e-01 6.693674609508607709e+00
1.882940189260061459e+02 5.747497434728081611e-01 6.737844031467335348e+00
1.882130247406225010e+02 5.688245354007525068e-01 6.817406225059856162e+00
1.880558533804583305e+02 5.493911754645992573e-01 6.846538593090867764e+00
1.877886124729221251e+02 5.944704138638695623e-01 6.947987686694789389e+00
1.876217010603124038e+02 5.541340782122905484e-01 6.961803671189145781e+00
1.875528696841865326e+02 5.456607000342036384e-01 7.047512256299167888e+00
1.875398723064644741e+02 5.930361418310340360e-01 7.000119712689545359e+00
1.875221742104663178e+02 5.637886215938889833e-01 6.944339299965796464e+00
1.875750860791243895e+02 5.634716679968077013e-01 6.990979363812564351e+00
1.877463937977425701e+02 5.399646562535628247e-01 7.020216622962034414e+00
1.878779169992019149e+02 5.536780298711663217e-01 6.888630714855774606e+00
1.879416611560825459e+02 5.950701174324478648e-01 6.861718162125185039e+00
1.883530908676319768e+02 4.711743244783946905e-01 6.660543837646790699e+00
1.884552662182191227e+02 4.761543723634705239e-01 6.750507353779500619e+00
1.885117637669592909e+02 5.111389807319576262e-01 6.788251054611788682e+00
1.885145331205107766e+02 5.379831262113784485e-01 6.947456390377380053e+00
1.885636723292668933e+02 5.340223463687150396e-01 7.010505073537794729e+00
1.885446676547714162e+02 5.523520693193478825e-01 7.025198951088815313e+00
1.885524204765705178e+02 5.502918709383194384e-01 7.029453882111504015e+00
1.885973172956333315e+02 5.511298597651350661e-01 7.031721582487743483e+00
1.885472260859651215e+02 5.606646904571884749e-01 7.060544977767643005e+00
1.886099201915403114e+02 5.761498118800593149e-01 7.054241249572454464e+00
1.886332653061224391e+02 5.869193934557063175e-01 7.080958841637213119e+00
1.886570983924295888e+02 5.840702314445330723e-01 7.103272146847565693e+00
1.886830019382054502e+02 5.774791927944361580e-01 7.168768669478964739e+00
1.887815152206133860e+02 5.765089499486946156e-01 7.164461292897047251e+00
1.888060004560483378e+02 5.640782122905028118e-01 7.263302930110591582e+00
1.886952206133850325e+02 5.590502793296089346e-01 7.223923155854520495e+00
1.885115391631512978e+02 5.788564587846312115e-01 7.374350701174324563e+00
1.883975806635503432e+02 5.534921901721582271e-01 7.358890662410215278e+00
1.883183798882681685e+02 5.801550564359821971e-01 7.436386957017443677e+00
1.882638889522289389e+02 5.579466423440885281e-01 7.475320944020066527e+00
1.882270710295291281e+02 5.795998175806635899e-01 7.376833884391745144e+00
1.882554110135674250e+02 5.737019724090753892e-01 7.367242047657051707e+00
1.883027727739140289e+02 5.910352297343518524e-01 7.386694789647703097e+00
1.883001949606658343e+02 5.705324364382624580e-01 7.328610192680423907e+00
1.882596191996351536e+02 5.878554326758635984e-01 7.384501197126895455e+00
1.882824409987458694e+02 6.032231216508949778e-01 7.395533006498689055e+00
1.883047406225059888e+02 5.867027704936723653e-01 7.425339185953711230e+00
1.883030760460608803e+02 6.070368259035457958e-01 7.340356857826929371e+00
1.883611275795234405e+02 5.940793524113555657e-01 7.341314559343290469e+00
1.884148648956789316e+02 6.129358111959867239e-01 7.344329038878121274e+00
1.884382419336449743e+02 5.967688975031353316e-01 7.206300307832630203e+00
1.884648170106031273e+02 5.846756356173754554e-01 7.336477026564815596e+00
1.884962581233610877e+02 5.867848591950747261e-01 7.285779272602895595e+00
1.885251225629916689e+02 6.208995553528674494e-01 7.129062820658989885e+00
1.885443062364610682e+02 6.065921787709497304e-01 7.181223349675065926e+00
1.886653927716338046e+02 6.100969102724889126e-01 7.153050963402120210e+00
1.889413738456276235e+02 6.045125983354235899e-01 7.088612472922129371e+00
1.891009839242959742e+02 5.936198837076730461e-01 7.096604720100330610e+00
1.891866491848136036e+02 5.873731615551248675e-01 6.978606772317865747e+00
1.892904184243529926e+02 6.038558887242048145e-01 6.902560711435412166e+00
1.893866685668680816e+02 5.924877437008322367e-01 7.006329950974802934e+00
1.893135320944020066e+02 5.761144681336222151e-01 7.038337703796602618e+00
1.891215425835138433e+02 5.650267928400410922e-01 7.271584767985406650e+00
1.889414832972294960e+02 5.787344658533805086e-01 7.315095200091209726e+00
1.887907205563789717e+02 5.527351499258921219e-01 7.478565727967164456e+00
1.887233143313191306e+02 5.842948352525367817e-01 7.420367118914604987e+00
1.886892076160073088e+02 5.663025880743358664e-01 7.323264166001596465e+00
1.886375567210124302e+02 5.838524683616462818e-01 7.351258693421502954e+00
1.885804309656823534e+02 5.653939117546460391e-01 7.345090639607798622e+00
1.885166115608254529e+02 5.651966708471097833e-01 7.341322540189260337e+00
1.884547474632311150e+02 5.834750883593661230e-01 7.427349219017215454e+00
1.883845239995439442e+02 5.577380002280242222e-01 7.333789761714741395e+00
1.883788233952799089e+02 5.760015961691938857e-01 7.270706874928742458e+00
1.883745080378520242e+02 5.626576217079010123e-01 7.333111389807319469e+00
1.884567460950860891e+02 5.390229164291414632e-01 7.357154258351385145e+00
1.885234351841295108e+02 5.514525139664804287e-01 7.331890320373959824e+00
1.885671132140006705e+02 5.899999999999999689e-01 7.358739026336791333e+00
1.886077414205905711e+02 5.775441796830463881e-01 7.304451031809371386e+00
1.886636027818948946e+02 5.928742446699349911e-01 7.219647702656481592e+00
1.887557986546573829e+02 6.046995781552844118e-01 7.243632425037054290e+00
1.892266731273514893e+02 4.526108767529358201e-01 7.088092577813248418e+00
1.891584129517728741e+02 4.785132824079352254e-01 7.177846311709041416e+00
1.892008208870140322e+02 5.299190514194505042e-01 6.968223691711321166e+00
1.892294002964314359e+02 5.566286626382396241e-01 6.991579067381142210e+00
1.892539356971838913e+02 5.658408391289476702e-01 6.892775054155740655e+00
1.893030885873902776e+02 5.713008778930566134e-01 6.921816212518526967e+00
1.893565226313989172e+02 5.874985748489339743e-01 6.992931250712575597e+00
1.892902211834454533e+02 5.954760004560483155e-01 7.128199749173412592e+00
1.890399110705734813e+02 6.001858396990080724e-01 7.153000798084597101e+00
1.888937863413521825e+02 5.581039790217763308e-01 7.242372591494698142e+00
1.888395713145593504e+02 5.953277847451829974e-01 7.201777448409531601e+00
1.888317250028503054e+02 5.769433359936153582e-01 7.265528446015277808e+00
1.888173583399840254e+02 6.080720556378975683e-01 7.102072739710409088e+00
1.888234488655797634e+02 5.760529016075703890e-01 7.073289248660358020e+00
1.887548352525367648e+02 5.655626496408618920e-01 7.150808345684642298e+00
1.886525436096226258e+02 5.982385132824079577e-01 7.181295177288792964e+00
1.885162615437236298e+02 5.614148899783376612e-01 7.218645536426861575e+00
1.883098346824763496e+02 5.983069205335765917e-01 7.281282635959411387e+00
1.882147360620225811e+02 5.615129403716794254e-01 7.258180367118914234e+00
1.882142663322312046e+02 5.960232584653973875e-01 7.152183331433131563e+00
1.882189225857941040e+02 5.722426177174780859e-01 7.143463687150838126e+00
1.882397115494242428e+02 5.692064758864439078e-01 7.174957245468019273e+00
1.882431900581461548e+02 5.760962261999772460e-01 7.060459468703682795e+00
1.882435594573024673e+02 5.703351955307262022e-01 7.115270778702542209e+00
1.882297651351043157e+02 5.951784289134648409e-01 7.080218903203739700e+00
1.881431569946414299e+02 5.670128833656367107e-01 7.031714741762626453e+00
1.880423429483525126e+02 5.797947782464941691e-01 7.172859423098848275e+00
1.880364861475316332e+02 6.016885189830122327e-01 7.149952114924182034e+00
1.879438410671531301e+02 5.634568464257211362e-01 7.241042070459468682e+00
1.878151647474632284e+02 5.565420134534260210e-01 7.256926234180823165e+00
1.877677687834910500e+02 5.755364268612472856e-01 7.278595371109337187e+00
1.877632972295063212e+02 5.564895678941967905e-01 7.315682362330407251e+00
1.876371633793181957e+02 5.908402690685212733e-01 7.364675635617375704e+00
1.872981541443392928e+02 5.533644966366434437e-01 7.333317751681677876e+00
1.870419621479876753e+02 5.796910272488884353e-01 7.434420248546345533e+00
1.868994014365522673e+02 5.596112187891916223e-01 7.586063162695245943e+00
1.868598449435640134e+02 6.025835138524683332e-01 7.641005586592179100e+00
1.868417101812792112e+02 5.823554896819063131e-01 7.641812792155968204e+00
1.868237612586934233e+02 6.144339299965796419e-01 7.600400182419336126e+00
1.868208596511230155e+02 5.973127351499258886e-01 7.667190742218675581e+00
1.868117968304640328e+02 6.235195530726257429e-01 7.554112415916087286e+00
1.867449310226884052e+02 6.361441112757952876e-01 7.521296317409645660e+00
1.867306076844145366e+02 5.972238057234067199e-01 7.633623304070231264e+00
1.867739744612929087e+02 6.164587846311708752e-01 7.445188690001139697e+00
1.867082590354577576e+02 5.987606886329951417e-01 7.502462661042070380e+00
1.867424877437008206e+02 5.827431307718617948e-01 7.487797286512370754e+00
1.867795975373389581e+02 6.164986888610192173e-01 7.381255273058944688e+00
1.868415585452057996e+02 5.935275339185953625e-01 7.382358910044464650e+00
1.868874598107399265e+02 6.255717706076844298e-01 7.458879261201687427e+00
1.869630498232812670e+02 6.087036825903545667e-01 7.392629118686580902e+00
1.870597081290616757e+02 5.705609394595827499e-01 7.379201915403032608e+00
1.870263983582259755e+02 6.141842435298141556e-01 7.404692737430167426e+00
1.869984083912894732e+02 5.985452057918139168e-01 7.385767871394367745e+00
1.870014023486489521e+02 5.924330178998974406e-01 7.365892144567323996e+00
1.870825424695017603e+02 6.328902063618743190e-01 7.303345114582145747e+00
1.871455216052901562e+02 6.158032151408049382e-01 7.306481587048226700e+00
1.872164530840269094e+02 6.427864553642685941e-01 7.287712917569262316e+00
1.873907023144453206e+02 6.329164291414890453e-01 7.333586820202941503e+00
1.874754782806977573e+02 6.678520123133052655e-01 7.236477026564815951e+00
1.874453426063162738e+02 6.227431307718618303e-01 7.267890776422301080e+00
1.869154748603351948e+02 4.997229506327670601e-01 7.106182875384790876e+00
1.868992486603580119e+02 4.961908562307604798e-01 7.060351157222665819e+00
1.869286557975145229e+02 5.236803101128719717e-01 7.196219359252080672e+00
1.869346152092121827e+02 5.511275795234295005e-01 7.356164633451145463e+00
1.869598745867061780e+02 5.771348762968874224e-01 7.430121992931250752e+00
1.869339870026222741e+02 5.787698095998176084e-01 7.517881655455478374e+00
1.870308870140234774e+02 5.585668680880173653e-01 7.550535856800820511e+00
1.869979591836734585e+02 5.692988256755215914e-01 7.459501767187322052e+00
1.869507045946870392e+02 5.822927830350017597e-01 7.500160757040246651e+00
1.870099623760118561e+02 5.908334283434043543e-01 7.505027932960893544e+00
1.870418823395280015e+02 6.050085509063960476e-01 7.488943107969444846e+00
1.870194242389693216e+02 6.092520807205563660e-01 7.547065328924865923e+00
1.870565237715197782e+02 6.033998403830805879e-01 7.499862045376810116e+00
1.871303887812107973e+02 6.212586934215026391e-01 7.547903317751681662e+00
1.872206852126325316e+02 6.220362558431193900e-01 7.519395735948010362e+00
1.872432755672101337e+02 6.312621137840611629e-01 7.523032721468475792e+00
1.873109326188576063e+02 6.378440314673355926e-01 7.672585794094174183e+00
1.873261862957473625e+02 6.382886785999315471e-01 7.638695701744384614e+00
1.872885281039790186e+02 6.146722152548169671e-01 7.690428685440656942e+00
1.872085645878463254e+02 6.263550336335651503e-01 7.620702314445331638e+00
1.871952160529015998e+02 6.285782692965454777e-01 7.596528332003192219e+00
1.871978862159388939e+02 5.959172272260859771e-01 7.722777334397446403e+00
1.872579420818606764e+02 6.086785999315927898e-01 7.658438034431649832e+00
1.872786295747349357e+02 6.387378862159388548e-01 7.618106259263481839e+00
1.873243290388781190e+02 6.176752935811196110e-01 7.601380686352753102e+00
1.873091084254930934e+02 6.365294721240452036e-01 7.482225515904685764e+00
1.871885463459126697e+02 5.952616577357200400e-01 7.543666628662638374e+00
1.870273902633679199e+02 6.185862501425151150e-01 7.508867859993158866e+00
1.869193524113555895e+02 6.229380914376924094e-01 7.576958157564702034e+00
1.868768487059628285e+02 5.946722152548170603e-01 7.698622734009805235e+00
1.869594094173982342e+02 5.926370995325505042e-01 7.467170220043324314e+00
1.870272796716452035e+02 5.792874244669935502e-01 7.360057006042640459e+00
1.870531341922243769e+02 5.778656937635389124e-01 7.400363698552046898e+00
1.870832960893854704e+02 6.075601413749857072e-01 7.299797058488199930e+00
1.871284950404742915e+02 6.009405997035686120e-01 7.303274427089271548e+00
1.871130669250940741e+02 5.928924866035799601e-01 7.351178884961806048e+00
1.870271827613726998e+02 5.834397446129290232e-01 7.354194504617489692e+00
1.869150792383992723e+02 6.128411811652034746e-01 7.302830920077528098e+00
1.868395553528673929e+02 5.749538251054612248e-01 7.349830121992931176e+00
1.868607866833884259e+02 6.055922927830349467e-01 7.163903773800022634e+00
1.869683445445217274e+02 5.964177402804696770e-01 7.132792155968532555e+00
1.871228332003192349e+02 6.121343062364610343e-01 6.998042412495724562e+00
1.872420316953597137e+02 6.049606658305780593e-01 7.037726599019496376e+00
1.872833998403830833e+02 6.047531638353665917e-01 6.942266560255387020e+00
1.873674586706190723e+02 6.021023828525823296e-01 6.966507809827842124e+00
1.874376000456048246e+02 6.437669592976855704e-01 7.007549880287310629e+00
1.875599623760118675e+02 5.812575533006498762e-01 6.933249344430509886e+00
1.875634614069091413e+02 5.817820088929426259e-01 6.983771519781097226e+00
1.875763390719416179e+02 5.897936381256413396e-01 6.981028389009234836e+00
1.875630680652149067e+02 5.816132710067266620e-01 6.977757382282521625e+00
1.876235469159730940e+02 6.098791471896021221e-01 6.979284004104434835e+00
1.876311378406111032e+02 6.020841409189373605e-01 6.956505529586135772e+00
1.875062946072283694e+02 6.032208414091894122e-01 6.831388667198723397e+00
1.873014297115494173e+02 5.273514992589214412e-01 7.028482499144909745e+00
1.871553163835366433e+02 5.365431535742788416e-01 7.114221867517956710e+00
1.870944521719302145e+02 5.506384676775738507e-01 7.073041842435298321e+00
1.871086900011401326e+02 6.007661612130885675e-01 6.933330293011058743e+00
1.871507171360164250e+02 5.863265306122449338e-01 7.009010375099760992e+00
1.872044008664918522e+02 5.763162695245696021e-01 6.896268384448752009e+00
1.871822471782008961e+02 6.070003420362558577e-01 6.795921787709497508e+00
1.870338205449777718e+02 4.650815186409759661e-01 6.766677687834910415e+00
1.870808505301561979e+02 4.910101470755899866e-01 6.863795462319005836e+00
1.871152548170105945e+02 5.595371109337590187e-01 6.778155284460153140e+00
1.872024558203169420e+02 5.890046744954965385e-01 6.770479990879032961e+00
1.872721821913122824e+02 5.985908106259263395e-01 6.757824649412837559e+00
1.873183023600501542e+02 5.972397674153460123e-01 6.787165659559913244e+00
1.874027340098050445e+02 5.951339642002052566e-01 6.800173298369626806e+00
1.874315254817010725e+02 6.047622848021890762e-01 6.678305780412723713e+00
1.874192520807205540e+02 6.108414091893740183e-01 6.634969786797400459e+00
1.874290571200547220e+02 5.737498574848933774e-01 6.716878349105004808e+00
1.874591369285144253e+02 5.982054497776764235e-01 6.799445901265533720e+00
1.874922266560255366e+02 5.696933074905939920e-01 6.860302132025994482e+00
1.875207501995211601e+02 5.677049367232926969e-01 6.892601755786113671e+00
1.875663801162923221e+02 5.819518869000114281e-01 6.788940827727738991e+00
1.875953859309086624e+02 5.753243643826245757e-01 6.877325276479306915e+00
1.876007228366206903e+02 6.116087105233154464e-01 6.701509520009120813e+00
1.876007616007296690e+02 5.852308744726940626e-01 6.701823053243644246e+00
1.874222072739710541e+02 5.589761714741762200e-01 6.772015733667768878e+00
1.871526998061794416e+02 5.406453084026906497e-01 6.913787481473035790e+00
1.869565009691027342e+02 5.782248318321742131e-01 7.065298141603009618e+00
1.869104640291870965e+02 5.233109109565613482e-01 7.079331889180252801e+00
1.868175179569034299e+02 5.745285600273628557e-01 7.057635389351271549e+00
1.868529871166343526e+02 5.208630714855774224e-01 7.160311252992817010e+00
1.868838900923497874e+02 5.470778702542469230e-01 7.137096112187891528e+00
1.868773765819176731e+02 5.776285486261544255e-01 7.085005130543837737e+00
1.868478314901379633e+02 5.609052559571314767e-01 6.992436438262456200e+00
1.868971793410101441e+02 5.742207273971040582e-01 6.972729449321628081e+00
1.869663447725458809e+02 5.705016531752366005e-01 6.993957359480105218e+00
1.869773971040930292e+02 5.651693079466423297e-01 7.062003192338387692e+00
1.869689522289362742e+02 5.718629574734921395e-01 7.087680994185383554e+00
1.869811138980732039e+02 6.067267130315813217e-01 7.095249116406338707e+00
1.870376319689887055e+02 5.807536198837076613e-01 7.154956105347166861e+00
1.870617147417626143e+02 5.926678827955763618e-01 7.172406795120283007e+00
1.871223269866605960e+02 5.872443278987572457e-01 7.157913578839356639e+00
1.871222734009805038e+02 6.216520351157223123e-01 7.084005244555922509e+00
1.871211264394025875e+02 5.876946756356173918e-01 7.114752023714514095e+00
1.871705700604263996e+02 5.790046744954965297e-01 7.192575533006499100e+00
1.872091380686352693e+02 5.757256869228137841e-01 7.212094402006612448e+00
1.872411344202485566e+02 6.141397788165545713e-01 7.145269638581689620e+00
1.873847839470983843e+02 5.428297799566753623e-01 7.224668794892258994e+00
1.874066617261429712e+02 5.524843233382739083e-01 7.192165089499487074e+00
1.872924911640633923e+02 5.470698894082772767e-01 7.295283320031923147e+00
1.866725698324022460e+02 5.930304412267700664e-01 7.398122220955420936e+00
1.858604172842321418e+02 6.288621593888952255e-01 7.482711207387983343e+00
1.853292019154030186e+02 6.555729107285371837e-01 7.443690571200547446e+00
1.851850974803329279e+02 6.054520579181392748e-01 7.556947896477026916e+00
1.851552958613613100e+02 6.364587846311708930e-01 7.447064188804013440e+00
1.852320670391061412e+02 5.968920305552388728e-01 7.504864895678942105e+00
1.853511218789191730e+02 6.230486831604149511e-01 7.511386386957017436e+00
1.854552890206362008e+02 5.946950176718732717e-01 7.494049709269182458e+00
1.854479683046402840e+02 6.236928514422528380e-01 7.487549880287310167e+00
1.854542013453425966e+02 6.098586250142514764e-01 7.473004218447155012e+00
1.854293603922015734e+02 6.245376809941853846e-01 7.441145821457074483e+00
1.855045832858282893e+02 6.059605518184927320e-01 7.483849047999087567e+00
1.855537760802644982e+02 6.367974005244555480e-01 7.315570630486831760e+00
1.856602097822369046e+02 6.031843575418994741e-01 7.453003078326302600e+00
1.858104093033861659e+02 6.302553870710295714e-01 7.348272716907992219e+00
1.859167962604036006e+02 6.428354805609394207e-01 7.252191312279101965e+00
1.860918412951772893e+02 6.180709155170448499e-01 7.135551248432333793e+00
1.861644875156766545e+02 6.403808003648386871e-01 6.990934899099304545e+00
1.866727830350017143e+02 5.072477482613156896e-01 7.018869000114012380e+00
1.866980868772089934e+02 5.115152206133850576e-01 7.028197468931706382e+00
1.867449960095770223e+02 5.417193022460380369e-01 7.080311252992816939e+00
1.867725299281723892e+02 5.878805153346254864e-01 7.183704252650780830e+00
1.868062490023942530e+02 5.939071941625811979e-01 7.190185839699007708e+00
1.868183308630714805e+02 5.889157450689772588e-01 7.250115152206134006e+00
1.867816372135446272e+02 5.893090867631969321e-01 7.216637783605062140e+00
1.867007901037509896e+02 5.909827841751225108e-01 7.144546801961007887e+00
1.865363915175008458e+02 5.827226085965112601e-01 7.232856002736290257e+00
1.863853870710295269e+02 6.082738570288450664e-01 7.234376923953939276e+00
1.863679546231900588e+02 6.092828639835822235e-01 7.209971496978679895e+00
1.863965180709155049e+02 6.041534602667882892e-01 7.199978337703796250e+00
1.863709234978907716e+02 6.085440656709610874e-01 7.075389351271234695e+00
1.863956458784631138e+02 6.119997719758294430e-01 7.029564473834226668e+00
1.864255672101242851e+02 6.050074107855433203e-01 7.049102724888838267e+00
1.864421445673241351e+02 5.870071827613727589e-01 7.072269980617945428e+00
1.864634739482385157e+02 5.574609508607912822e-01 7.150054725800934818e+00
1.864427613727055189e+02 5.792007752821799471e-01 7.184219587276251318e+00
1.864852126325390600e+02 5.611070573480788637e-01 7.144790787823509071e+00
1.865427875954851231e+02 5.724695017671873609e-01 6.974927602325846188e+00
1.866383992703226511e+02 5.742070459468703314e-01 7.102832060198380759e+00
1.867302029415118056e+02 5.895519325048454995e-01 6.996527191882339736e+00
1.868309884847793967e+02 5.907513396420021046e-01 7.030741078554326506e+00
1.869596408619313763e+02 5.978793752137726569e-01 7.024834112415915932e+00
1.870094139778816498e+02 6.223725914946984794e-01 6.934159160871052663e+00
1.870939881427431430e+02 6.049264622049936868e-01 6.855624216166913421e+00
1.871578246494128450e+02 6.020157336677688376e-01 6.896549994299395969e+00
1.872875715425835210e+02 5.941032949492646154e-01 6.950452627978565445e+00
1.873639402576673092e+02 6.105335765591152208e-01 6.960531296317409300e+00
1.874017820088929511e+02 6.444464713259605571e-01 6.881132140006840814e+00
1.874220339756014084e+02 6.161064872876524934e-01 6.977254588986432360e+00
1.873067495154486437e+02 5.964348420932619188e-01 7.069842663322312148e+00
1.871554885417854166e+02 6.207228366206818393e-01 7.047238627294492908e+00
1.870950997605746124e+02 5.880196100786683200e-01 7.051031809371793635e+00
1.869918789191654298e+02 6.076285486261543412e-01 7.033418082316725162e+00
1.869524170562079632e+02 5.784596967278531343e-01 7.041848135902405659e+00
1.870090810625926281e+02 6.017455250256527055e-01 6.968247634249230771e+00
1.870476638923725829e+02 5.936005016531752387e-01 6.907148557747120776e+00
1.870514137498574883e+02 5.897366320830007558e-01 6.987853152434158055e+00
1.869848945388211234e+02 5.843062364610648318e-01 6.999122106943335808e+00
1.869600022802416959e+02 5.740953141032949514e-01 6.971515220613384578e+00
1.869630110591722598e+02 6.019233838786911539e-01 6.907650210922358092e+00
1.870236757496294615e+02 5.920556378976171708e-01 6.922976855546687958e+00
1.871485976513510536e+02 5.891061452513965957e-01 6.928830236005016907e+00
1.871849036597879490e+02 5.912324706418879972e-01 6.974807889636301717e+00
1.872120202941511877e+02 6.037680994185383732e-01 6.967341238171246509e+00
1.872616896591038653e+02 5.854862615437236295e-01 6.948355945730247285e+00
1.873278269296545488e+02 5.818127921559684834e-01 6.918452856002736517e+00
1.873573127351499181e+02 6.124569604378063969e-01 6.779238399270322901e+00
1.874521445673241260e+02 5.598187207844032010e-01 6.920647588644396109e+00
1.875567050507353883e+02 5.613020180139094428e-01 6.889844943564018109e+00
1.875943450005700583e+02 5.856618401550564013e-01 6.839086763196898566e+00
1.876872728309200795e+02 5.925538707102953051e-01 6.872258579409417756e+00
1.877690422984836403e+02 5.883730475430395401e-01 6.916088245354007569e+00
1.877153289248660428e+02 6.136780298711663750e-01 6.858225971953027411e+00
1.875250929198494987e+02 5.805951430851670203e-01 6.930377380002280319e+00
1.873166298027590813e+02 5.620009120966822369e-01 7.002600615665260264e+00
1.871966651465055236e+02 5.755318663778360433e-01 7.098911184585565692e+00
1.871525743928856400e+02 5.979603237943221794e-01 7.052721468475658284e+00
1.870744783947098426e+02 6.041557405084938548e-01 6.994617489453881731e+00
1.867665385930908712e+02 4.943860449207616026e-01 6.857426747235207287e+00
1.868108471097936274e+02 4.956857826929654820e-01 6.700867631968988825e+00
1.868393501311138891e+02 5.187173640405883246e-01 6.951657735719986242e+00
1.868635982214114790e+02 5.400045604834112778e-01 7.105157906738114093e+00
1.869218891802531175e+02 5.601915403032721175e-01 7.012820658989852518e+00
1.869711195986774612e+02 5.635081518640976395e-01 7.027179341010147517e+00
1.870807080150495949e+02 5.967050507353779398e-01 6.870323794322198196e+00
1.871436746095086221e+02 6.051305438376467505e-01 6.750611104777106242e+00
1.872561224489795961e+02 6.245639037737999999e-01 6.722775054155740726e+00
1.872784562763652900e+02 6.193125071257553627e-01 6.746917113214000672e+00
1.873057758522403446e+02 6.121833314331318610e-01 6.862301904001824049e+00
1.873781016987800569e+02 6.178497320715995444e-01 6.750949720670391230e+00
1.873977972865123718e+02 6.200136814502337224e-01 6.739362672443278690e+00
1.874879603237943115e+02 6.059103865009690670e-01 6.951636073423783202e+00
1.875405290160757090e+02 6.019712689545091422e-01 6.897045946870368205e+00
1.875868806293467230e+02 6.207034545661840319e-01 6.826789419678485515e+00
1.876978497320716031e+02 5.933109109565614103e-01 6.882297343518413157e+00
1.878053483069205356e+02 5.906190856230760788e-01 6.930368259035457612e+00
1.878264200205221641e+02 5.910477710637327409e-01 6.928715083798882901e+00
1.876452548170105956e+02 5.719849504047429534e-01 7.085192110363698781e+00
1.873273537795006405e+02 6.059594116976400047e-01 7.131712461520921309e+00
1.871714513738456276e+02 5.656025538707103451e-01 7.272005472580093333e+00
1.871226633223121780e+02 6.025709725230874447e-01 7.215133964200204808e+00
1.871008778930566621e+02 5.812735149925891687e-01 7.193785201231330362e+00
1.870639699008094965e+02 5.974689317067609640e-01 7.165738228252195086e+00
1.870909725230874585e+02 5.714091893740737005e-01 7.193926576217078761e+00
1.871109964656253624e+02 6.165898985292440626e-01 7.164131797970584969e+00
1.871064154600387610e+02 6.012028274997149868e-01 7.116500969102724561e+00
1.870502234636871606e+02 6.147440428685441161e-01 7.116469045718845976e+00
1.870638923725914822e+02 5.487766503249343897e-01 7.104863755558088911e+00
1.869478736746094967e+02 5.391061452513966623e-01 7.196256983240223448e+00
1.868936597879375086e+02 5.384517158818834526e-01 7.204140918937407712e+00
1.869323121650895132e+02 5.726929654543381210e-01 7.177293353095428152e+00
1.870577904457872478e+02 5.624444191084254641e-01 7.073155854520579489e+00
1.871506760916657299e+02 5.789488085737087841e-01 7.011983810283890506e+00
1.873056515790673870e+02 6.225527305894424934e-01 6.869677345798654855e+00
1.874217364040588336e+02 6.031307718618174052e-01 6.892466081404628575e+00
1.874948626154372278e+02 6.011264394025767066e-01 6.951720442366890573e+00
1.876115448637555687e+02 5.951077414205905303e-01 6.920583741876638939e+00
1.877093968760688654e+02 6.000501653175236427e-01 6.895664120396761909e+00
1.878122289362672461e+02 6.043894652833200487e-01 6.864997149697868117e+00
1.878417968304640340e+02 5.969467563561737800e-01 6.900456048341124138e+00
1.878606726713031492e+02 5.995678941967849118e-01 6.912829779956675580e+00
1.878678634135218317e+02 6.029928172386272989e-01 6.976722152548170186e+00
1.877271337361760288e+02 5.846801961007866977e-01 7.026591038650097154e+00
1.875549435640177762e+02 6.088804013225401768e-01 6.966002736290047181e+00
1.874467118914604953e+02 5.648945388211150664e-01 6.979573594801048664e+00
1.874292543609622612e+02 5.965522745411013794e-01 7.018237373161555048e+00
1.874495108881541512e+02 5.754953825105461052e-01 6.958793752137726329e+00
1.874736347052787551e+02 6.111994071371565918e-01 6.945369969216736550e+00
1.874965545547828185e+02 5.965602553870710256e-01 6.999143769239539736e+00
1.875350096910272555e+02 5.968076616121308353e-01 6.902336107627408346e+00
1.875330532436438205e+02 6.055067837190741820e-01 6.903118230532436783e+00
1.875008186067723273e+02 5.849606658305780416e-01 6.938173526393797808e+00
1.875026108767529252e+02 6.116725572910728381e-01 6.884062250598563359e+00
1.875751476456504463e+02 6.068224831832174093e-01 6.691437692395393988e+00
1.875757108653517378e+02 5.990810625926348276e-01 6.686153232242618039e+00
1.876587036825903567e+02 5.784608368487059726e-01 6.751121878919165376e+00
1.876448990993045243e+02 5.976513510432105436e-01 6.848459696727853263e+00
1.877026382396533961e+02 5.747645650438946152e-01 6.815989054839812766e+00
1.878359616919393318e+02 4.784950404742902563e-01 6.589883707673013014e+00
1.878366514650552972e+02 4.852080720556378735e-01 6.565473720214342279e+00
1.879159924752023585e+02 5.091540303272147350e-01 6.670094630030782845e+00
1.879640120852810412e+02 5.408630714855774402e-01 6.699673925436096411e+00
1.880371850416144071e+02 5.541568806293467597e-01 6.611373845627636747e+00
1.880910728537224941e+02 5.587173640405882491e-01 6.629506327670733334e+00
1.882469307946642232e+02 5.788108539505187888e-01 6.419162011173184190e+00
1.883222825219473293e+02 5.855535286740394252e-01 6.381110477710636886e+00
1.883476741534602752e+02 5.929608938547485941e-01 6.428252194732642089e+00
1.883398529244099961e+02 6.021890320373959327e-01 6.398829095884163820e+00
1.881732721468475518e+02 5.988233952798996951e-01 6.380672671303158516e+00
1.880034009805039261e+02 5.203579979477824802e-01 6.563164975487401520e+00
1.878738399270322645e+02 5.197218105119142395e-01 6.737633109109565588e+00
1.878224535400752586e+02 5.689317067609166445e-01 6.739085623076046083e+00
1.878110922357769823e+02 5.594789647702655966e-01 6.692447839470983872e+00
1.878583559457302385e+02 5.539356971839014543e-01 6.781162923269866916e+00
1.878126302588074452e+02 5.750518754988028780e-01 6.730378520123132979e+00
1.878373252764793051e+02 5.746995781552844962e-01 6.626397218105118725e+00
1.878443005358568030e+02 5.718789191654315429e-01 6.593125071257553316e+00
1.878647246608140335e+02 5.695314103294949470e-01 6.636699350131113562e+00
1.878671052331547173e+02 5.741169763994983244e-01 6.699318207730019736e+00
1.878437738000228023e+02 5.728788051533462156e-01 6.661119598677459841e+00
1.878926165773571881e+02 5.550142515106600838e-01 6.749003534374643287e+00
1.879192372591494689e+02 6.022255159046858708e-01 6.713611902861702951e+00
1.879061053471668004e+02 5.857781324820431346e-01 6.703104549082202546e+00
1.878962581233610649e+02 5.886694789647702875e-01 6.612200433245924103e+00
1.879438935127123500e+02 5.853061224489796155e-01 6.646714171702200247e+00
1.879860483411241603e+02 5.960973663208299911e-01 6.565439516588758018e+00
1.880923794322198148e+02 6.116964998289818878e-01 6.454893398700262352e+00
1.881347805267358240e+02 5.971861817352639434e-01 6.493102268840496905e+00
1.881780948580549477e+02 5.954600387641090231e-01 6.442409075361988258e+00
1.881667620567780261e+02 5.980446927374302168e-01 6.465946870368258992e+00
1.881971770607684391e+02 5.915152206133850177e-01 6.510106031239311086e+00
1.882636369855204634e+02 5.991061452513966046e-01 6.474071371565385924e+00
1.883421685098620344e+02 5.931672557291073344e-01 6.440554098734465605e+00
1.883845388211150294e+02 5.939607798426633778e-01 6.346813362216394694e+00
1.884620795804355282e+02 5.838433473948237973e-01 6.326831604150039645e+00
1.884323760118572579e+02 5.800057006042640406e-01 6.314636871508380267e+00
1.882577915859081088e+02 5.312621137840610741e-01 6.335070117432447745e+00
1.880592133166115616e+02 5.302382852582373518e-01 6.408265876182875687e+00
1.879055706304868352e+02 5.173800022802417242e-01 6.515543267586363818e+00
1.878901812792155965e+02 5.268874700718275683e-01 6.471976969558773440e+00
1.878942173070345518e+02 5.775179569034317728e-01 6.451437692395393775e+00
1.878712039676205734e+02 5.619917911298597524e-01 6.390908676319689619e+00
1.878717706076844252e+02 5.606532892486603137e-01 6.427460950860790945e+00
1.878829586136130558e+02 5.636176034659673428e-01 6.469359252080720601e+00
1.879120841409189495e+02 5.592669022916428867e-01 6.443788621593888877e+00
1.878933280127693592e+02 5.565807775624216358e-01 6.390848249914490964e+00
1.879265591152662296e+02 5.518504161441112332e-01 6.411116178314901326e+00
1.880022619997719744e+02 5.652411355603693677e-01 6.430802645080378355e+00
1.880465477140576809e+02 5.712757952342948364e-01 6.420451487857713246e+00
1.881051738684300574e+02 5.679819860905256368e-01 6.335201231330520599e+00
1.881734614069091265e+02 5.686922813818264810e-01 6.319719530270208274e+00
1.882224352981415905e+02 5.820636187435868081e-01 6.314464713259605233e+00
1.882649732071599544e+02 5.655740508493900531e-01 6.376247862273401346e+00
1.882966104207045817e+02 5.611697639949834171e-01 6.362217535058715789e+00
1.883010192680424097e+02 5.874529700148215516e-01 6.292710067267130114e+00
1.883156937635389454e+02 5.638752707787025864e-01 6.324427089271463132e+00
1.884649561053471700e+02 5.625196670847110170e-01 6.345509063960779628e+00
1.885502553870710187e+02 6.086592178770949824e-01 6.334224147759662138e+00
1.888686227340098185e+02 4.633382738570288595e-01 6.115730247406225395e+00
1.889532618857599005e+02 4.736746095086079023e-01 6.155339185953710768e+00
1.890517865693763611e+02 4.696191996351612996e-01 6.178952228936267055e+00
1.890613613042982593e+02 5.165499942993957427e-01 6.160639607798426454e+00
1.887200410443506939e+02 5.310785543267586561e-01 6.369962376011857330e+00
1.884037133736175917e+02 5.582328126781438415e-01 6.379382054497776622e+00
1.882231946186295772e+02 5.788621593888951811e-01 6.501738684300535809e+00
1.882522072739710381e+02 5.631672557291073078e-01 6.504351841295177294e+00
1.883222745411013648e+02 5.572488883821684613e-01 6.508354805609394944e+00
1.883715118002508291e+02 5.499555352867403490e-01 6.398267016303727850e+00
1.883803078326302511e+02 5.612871964428229887e-01 6.429721810511914271e+00
1.884204571884619668e+02 5.430167597765362952e-01 6.406339071941625996e+00
1.884607650210922429e+02 5.347611446813361757e-01 6.379563333713373474e+00
1.884328058374187549e+02 5.235081518640976039e-01 6.586874928742446400e+00
1.884264211606430308e+02 5.395177288792611936e-01 6.435868202029414675e+00
1.884350666970698853e+02 5.623577699236118610e-01 6.445333485349446612e+00
1.884952422756812211e+02 5.424444191084254463e-01 6.420337475772432079e+00
1.885922323566298076e+02 5.486649184813590097e-01 6.378775510204081733e+00
1.886907376581917788e+02 5.535788393569718302e-01 6.383872990536996639e+00
1.887909212176490712e+02 5.689385474860335634e-01 6.302263139892828825e+00
1.888375407593204898e+02 5.756219359252080503e-01 6.431515220613385431e+00
1.888388815414433850e+02 5.732197012883365472e-01 6.413556036939915828e+00
1.888848284118116396e+02 5.696522631398928116e-01 6.342659901949606827e+00
1.889007992247178152e+02 5.590297571542583999e-01 6.352811538023030558e+00
1.889650621365864822e+02 5.581712461520921265e-01 6.328450575761030983e+00
1.890827830350017109e+02 5.645525025652718965e-01 6.257712917569262068e+00
1.891765214912780664e+02 5.758750427545319406e-01 6.233635845399612130e+00
1.892194675635617500e+02 5.699475544407707206e-01 6.262698666058602370e+00
1.892890046744954873e+02 5.764758864439630814e-01 6.195210352297343626e+00
1.892663652947212540e+02 5.729688747007182226e-01 6.213717934101015139e+00
1.890500205221753447e+02 5.447588644396306190e-01 6.312306464485235580e+00
1.888796214798768744e+02 5.324250370539277410e-01 6.475704024626610433e+00
1.887834864895679061e+02 5.309976057462091337e-01 6.509214456732413723e+00
1.887555295861361344e+02 5.372682704366662509e-01 6.553820544977767781e+00
1.887341238171246118e+02 5.363698552046517465e-01 6.476430281609850681e+00
1.887025823737316159e+02 5.484186523771519273e-01 6.540515334625470523e+00
1.886340291870938302e+02 5.794755444077072104e-01 6.493350815186409442e+00
1.885944202485463563e+02 5.605871622391973563e-01 6.511051191426290963e+00
1.885504970926918134e+02 5.543792041956447925e-01 6.450272488883821431e+00
1.885527716337931849e+02 5.530783263025880192e-01 6.374105575190970541e+00
1.885763117090411640e+02 5.522722608596510874e-01 6.408944248090297613e+00
1.886305358568008330e+02 5.579968076616120820e-01 6.313800022802417367e+00
1.886816326530612287e+02 5.687846311709041647e-01 6.283389579295405092e+00
1.887704001824193369e+02 5.857177060768441468e-01 6.250394481815072290e+00
1.888107444989168755e+02 5.825914946984380727e-01 6.281133280127693119e+00
1.888161361304298396e+02 5.779990879033177764e-01 6.279589556492988223e+00
1.888651134420248638e+02 5.736119028617033822e-01 6.253125071257553458e+00
1.889418766389237305e+02 5.813898073195759020e-01 6.187272830920077737e+00
1.889393877551020466e+02 5.711959867745981523e-01 6.184342720328355192e+00
1.889652069319347731e+02 5.721137840611104641e-01 6.161601869798198905e+00
1.889938376467905528e+02 5.590673811424010653e-01 6.199486945616235367e+00
1.890497833770379543e+02 5.568692281381826259e-01 6.163794322198152820e+00
